recall_ave_seq,precision_ave_seq,std_precision
1.0,0.23555166374781086,0.01230913022122983
1.0,0.23555166374781086,0.01230913022122983
1.0,0.23555166374781086,0.01230913022122983
1.0,0.23555166374781086,0.01230913022122983
1.0,0.23612767199513113,0.012198637004306767
0.9977358490566038,0.2451846371409573,0.021335650155428206
0.9962264150943396,0.25970301939638174,0.04240178788622015
0.985797558561248,0.2943092129419454,0.05052455210321905
0.9579975287101943,0.35264224212571,0.0554186160071992
0.9307128145082982,0.424792842489213,0.05315332890706669
0.9142646421133174,0.4860727813255158,0.05286628343575362
0.8979510528500894,0.5317533991726122,0.04558290567339833
0.8895918007390708,0.5642760474777158,0.04600131753303687
0.8822731155235772,0.5919735176381753,0.04815107073638001
0.8713625722687144,0.6153956806796865,0.04350806532520574
0.8615838761421459,0.6311981387199312,0.048907883702100384
0.8550338984446573,0.6418589755483894,0.050993645449882066
0.8514118419472494,0.6521566437678006,0.04950815476894211
0.8446365484976684,0.6617466329277125,0.056120666332942964
0.8394159720292198,0.6694125824212744,0.05499129482153789
0.8356590707744462,0.6746805322847853,0.05436939501900542
0.8305732915418584,0.6824163667787357,0.05342467585359767
0.8238888257556262,0.6872969459775954,0.05679519508068778
0.8224103751282394,0.6907169336667994,0.05407587619284116
0.8210067108256389,0.6964102415604844,0.05392204742243479
0.8171122663811945,0.7014385542288691,0.05109530564313222
0.8148485911675193,0.7078353235539806,0.049715567005359826
0.8118154235590003,0.7128058462853273,0.04828569208937027
0.8094914758086376,0.7149249851011975,0.04733095829513399
0.8079822559504816,0.7178662475942442,0.047467630072524816
0.8042253546957081,0.7188244356692159,0.047138594323856774
0.8012084425298596,0.7206821426576459,0.0477707827503802
0.7997445056905714,0.722414811037442,0.04678603228237751
0.7989897887094395,0.7257055744783467,0.045143907590253995
0.7952164179078872,0.7288646252107115,0.04351262600409748
0.7936617009267551,0.7312438551293522,0.04259618409092151
0.7929672564823107,0.7343741547177737,0.040958069793346735
0.7922728120378663,0.7376029266473961,0.04450392454554321
0.7922728120378663,0.7396272644149764,0.04372494964942101
0.7915035812686355,0.7431232660683686,0.04483786857550332
0.7893146923797466,0.7430803706127945,0.04464358271061186
0.7886054725215905,0.7472804181126654,0.0456461853080187
0.7862815247712277,0.7481158288432879,0.04506241334834694
0.7847723049130717,0.751322524088865,0.044033416250624915
0.7847723049130717,0.7528045012317642,0.04273777715386165
0.7840778604686273,0.7551577250129927,0.041819736469209376
0.7833834160241828,0.7566427132392288,0.041522384712061274
0.7826741961660268,0.7570958908829162,0.04140326042017799
0.7819649763078708,0.7579537264678954,0.040650619303531074
0.7812705318634263,0.7582804427623536,0.04061769238955246
0.7812705318634263,0.7611316963841401,0.04030969742894865
0.7812705318634263,0.7633882958644378,0.040680220325395165
0.7812705318634263,0.7657402771003307,0.04146923710115875
0.7812705318634263,0.7662218824515012,0.04094591403520183
0.7805013010941956,0.7684034173567348,0.041768898003009806
0.7789773533438327,0.7698287205826334,0.04253984310026885
0.7775136781301575,0.7700066890593169,0.04238119965898328
0.7775136781301575,0.7718194311887319,0.043180069515777124
0.7760500029164823,0.7726995738126752,0.0430866085311381
0.7745555584720378,0.7733447127001296,0.04263900459998146
0.7745555584720378,0.7738821314857237,0.04214849668636373
0.7730916216327497,0.7745851333932752,0.04206781563817282
0.7730916216327497,0.7752559494375351,0.04257086815587921
0.772322390863519,0.7761360643098275,0.04243650475990764
0.7716131710053629,0.7772313092485421,0.043275295265899696
0.7694402759335317,0.7780058065552652,0.042946427540682196
0.7679310560753757,0.7820352127433827,0.0419246691553477
0.7671763390942437,0.7818494729184425,0.04216549888221334
0.7664818946497991,0.7829218013442301,0.0424706961751834
0.7650327332242226,0.7848846607882635,0.04276428405053575
0.7635687963849345,0.7859876597491585,0.04431027724456191
0.7620140794038024,0.7866676764565369,0.043540075024699525
0.7620140794038024,0.7871793598950496,0.04290152446684274
0.7620140794038024,0.7871793598950496,0.04290152446684274
0.7605504041901273,0.7873968091657035,0.042132631329399935
0.7597504041901273,0.7883218494090282,0.042569318624141206
0.7582559597456828,0.7885520764330198,0.04290301313472749
0.7574867289764521,0.7896496334783843,0.043149719257870256
0.7560082783490651,0.791120299405345,0.04217335609874209
0.7552082783490652,0.790924526955352,0.0424090279165723
0.7544535613679331,0.7927447729213782,0.04307554531124215
0.7544535613679331,0.793276038808516,0.042480545046574
0.7521296136175704,0.7934908090959375,0.043750086526986566
0.7506056658672074,0.7936933093420134,0.04324586845767579
0.7506056658672074,0.7942637139254415,0.04336265079258805
0.7498364350979767,0.7959759882780937,0.04380370432412706
0.7484327707953763,0.7957090894750001,0.043596943180294175
0.7484327707953763,0.7962750779230308,0.04290161978462118
0.7476635400261455,0.796700497034746,0.042948484833710436
0.7476635400261455,0.796700497034746,0.042948484833710436
0.7462451003098334,0.7969852056889236,0.04201786345277029
0.7454451003098334,0.7981034177985535,0.04273267396128638
0.7432867190261009,0.7982433379266214,0.042866904028807794
0.7418830547235004,0.7994639635775539,0.043714223633659045
0.7403283377423684,0.8008073752261826,0.04301044482400216
0.7403283377423684,0.8013677141629053,0.04244352048743145
0.7396338932979238,0.8018292856528151,0.04258925617405323
0.7381699564586357,0.8030532178024605,0.04415277415412695
0.7374755120141913,0.8034952087471497,0.04336592262071346
0.7367207950330592,0.8044644208156588,0.0422211993970801
0.7352263505886147,0.8053143026153335,0.04096714394130683
0.7345171307304588,0.8073446069003223,0.04230835443724264
0.7322094384227664,0.8068962694849044,0.04200138470632299
0.7315002185646103,0.8081168037928034,0.04177653508765772
0.7285273234927792,0.8094875574574296,0.04173981018320529
0.7285273234927792,0.8100767659443537,0.041222119577403495
0.7278328790483347,0.8099380542981238,0.04120942422521916
0.7263837176227582,0.8096257435829282,0.041346251739319134
0.7263837176227582,0.8096257435829282,0.041346251739319134
0.7241052669953714,0.810574526061172,0.04202026463874605
0.7225813192450085,0.8102501250499635,0.04206364987423032
0.7218720993868525,0.8115732375938969,0.043162806851789026
0.7211028686176217,0.8114196682024704,0.043075306633829476
0.7203336378483909,0.8112646500432004,0.042989025893465496
0.7180551872210043,0.8129913025807763,0.04315629621830418
0.7180551872210043,0.8142142216652573,0.042413929999898244
0.7165767365936174,0.814553752779096,0.04135437691085213
0.7158220196124854,0.8143801572566634,0.041517094080894885
0.7136183553098847,0.8139283562966881,0.04157033992725562
0.7136183553098847,0.814741251131322,0.04213445058056746
0.712849124540654,0.8174931527856932,0.04331252534725341
0.7113854493269788,0.8186519639036088,0.043279745648572225
0.7106910048825344,0.8199880780643032,0.043964931915874125
0.7091217741133036,0.8202680985902953,0.04329246127390072
0.7083217741133037,0.820074053759248,0.04354893811799893
0.7076125542551477,0.8199581453269097,0.04338348134771372
0.7061341036277609,0.8217923397318334,0.04325483977839232
0.7047156639114487,0.8234582075819334,0.0421780960033559
0.7015917161610858,0.82487848585523,0.042006915969717964
0.7008369991799538,0.8253419779187221,0.041627084997899556
0.6986185594636417,0.824904295656772,0.04158749699905969
0.697140108836255,0.8259172518789836,0.03989697501503666
0.6963401088362549,0.8266183316426373,0.0413686968252882
0.6940764336225798,0.8296413866758691,0.04052817834133033
0.6926727693199792,0.8293913220050243,0.040366694846354904
0.6918727693199792,0.8320894467506059,0.04005806537900054
0.6910727693199792,0.8318953879358574,0.0403314030723131
0.6887635494618232,0.8331561486871069,0.04197752936585188
0.6851857716840455,0.8344308384322809,0.041279905609258545
0.6851857716840455,0.8344308384322809,0.041279905609258545
0.6822271762962048,0.8356462461983571,0.043610164947984184
0.6800690566380851,0.8352424980786847,0.04351160862231219
0.6771254507680642,0.8361832514532062,0.04419556388508795
0.6756310063236197,0.8374772474601153,0.04482500881101453
0.6725978387151008,0.8389922266384253,0.04219795309602993
0.6703501573184834,0.8395495082002522,0.04261186110959723
0.6660043671748208,0.8411213457656972,0.04283365700913862
0.6639210338414875,0.8430773415334551,0.04294956267787319
0.6639210338414875,0.8464205422805315,0.043451153261247086
0.6610079355766229,0.8468552764936854,0.04503446939734124
0.6603134911321784,0.847444840800074,0.0442293018586184
0.652934533379997,0.8471534313460582,0.0454406499150227
0.6522400889355525,0.8492004512616221,0.0442349894628626
0.6484524659715145,0.8491392652156776,0.04380866938608483
0.6455541431203615,0.8492684078146642,0.04399066528752946
0.6433209755118426,0.8513760854468272,0.04368596552646277
0.6394573002981674,0.8520677546438706,0.04326688277551292
0.6372684114092786,0.8538659508686521,0.04111555867384605
0.6364684114092786,0.8552472311854917,0.04034615626311632
0.6349589774470143,0.8556336747454096,0.039939453608031104
0.6319713544829764,0.8566375211765687,0.03980705710811509
0.6296166375018443,0.8585107360380624,0.03963924341724151
0.6266890254488809,0.8588005231177227,0.03874840587920471
0.6215882566984735,0.8589384780213083,0.039361779540890644
0.6177243198591854,0.8623848358871522,0.040446010632096796
0.6124582462677605,0.8668508559479073,0.0400833287798183
0.6058032837874467,0.8682540877045115,0.038548947102577835
0.6005211688574594,0.8694953829314402,0.04088494058865071
0.5961896308762829,0.8719087059683368,0.042074481195220045
0.5917823497925866,0.8731488709670685,0.04267203452691318
0.586636345544816,0.8748131605377981,0.0411072526155617
0.5789992995295885,0.8772502718491599,0.04260855634638051
0.5707290859058421,0.8797698822251375,0.04274184139323922
0.567167301945122,0.8841108766283442,0.04319823738731546
0.5612665331947146,0.8893071859366735,0.045642597574483294
0.5545965336750764,0.8922648558548676,0.045106919983448096
0.546461854642525,0.8967518746223331,0.04658406681568004
0.5351577307366348,0.8988368257114769,0.04466558246763914
0.5278225759743624,0.9011639023260601,0.04769102610654596
0.5166530352002251,0.9045756061254208,0.046260770889942675
0.502677598328341,0.9117602141866443,0.04392993240886587
0.48631820279501936,0.9164302023687949,0.04148742860161865
0.4601338766568192,0.9177271106305349,0.04598665312253352
0.43324082955048426,0.9204744552070536,0.044801711189023
0.40853664817273805,0.9262493854843052,0.04968718285359492
0.38091993930285784,0.9354690540153145,0.05717916190951333
0.3359753315354078,0.9405680035955013,0.05565359739607715
0.28015207310420076,0.9426812302032015,0.05277368942434389
0.23973507738971409,0.9678809244026635,0.04571346235832378
0.17981532662885535,0.9760784313725491,0.03878984476510819
0.12913928587358936,0.984090909090909,0.031818181818181836
0.07505269225622498,0.9965517241379309,0.006896551724137945
0.03881836354465821,0.9947368421052631,0.010526315789473672
0.014430188679245282,0.9888888888888889,0.022222222222222233
0.006792452830188679,1.0,0.0
0.0015094339622641509,1.0,0.0
0.0,1.0,0.0
0.0,1.0,0.0
0.0,1.0,0.0
0.0,1.0,0.0
0.0,1.0,0.0
0.0,1.0,0.0
