recall_ave_seq,precision_ave_seq,std_precision
1.0,0.17206405693950177,0.015960764826753796
1.0,0.17206405693950177,0.015960764826753796
1.0,0.17206405693950177,0.015960764826753796
1.0,0.17206405693950177,0.015960764826753796
1.0,0.17206405693950177,0.015960764826753796
0.9941460615046152,0.17553342102713967,0.018580696559116087
0.9297819004739273,0.22790195129020163,0.04984432712394726
0.8927643392842057,0.2616165199989372,0.06092104788991877
0.8765508730980667,0.2761527583795193,0.06830269839808852
0.858545696236875,0.2861172181011794,0.0722601038595147
0.8494485552027543,0.30259443997720936,0.06439730530144211
0.8284200906334076,0.32359314249575366,0.048515540807360494
0.8081754403065304,0.33503301905223903,0.04638205168566908
0.7880943333637478,0.36378923951365055,0.04668443466560643
0.7777009801814398,0.37847340389870593,0.0468964653016586
0.7651127464502558,0.3948474783271848,0.04764889729098342
0.7490105112082388,0.4102966172396954,0.04033838295638521
0.737144298750052,0.4215222175939277,0.03922886265760019
0.7287027605663785,0.43209538317175766,0.03911240977729703
0.7203987229990474,0.4425518552968044,0.0352094674087857
0.7141559625183082,0.45215382440231633,0.03351468260350685
0.7068066392418672,0.4598429813781162,0.03491565670318135
0.7013508901582189,0.469785422186879,0.03789970474767903
0.6890215763662642,0.47555606383469884,0.03603077628675966
0.6828657524683048,0.4850899982395644,0.03703154650868589
0.6754944827331775,0.49098296091276483,0.0362769739520482
0.6652038423205752,0.5007453416149068,0.035968728120267066
0.6545860519391447,0.503508783079647,0.03806782205157916
0.6483695183797419,0.5083803220256098,0.03603421909635726
0.6402618794831482,0.514222582071638,0.03508029328586436
0.6329168366693574,0.5184567601911471,0.03366930215133672
0.6300261617688203,0.5217443719389532,0.03136784409185765
0.6228244065345409,0.526153233891898,0.030696234720449512
0.6142959317680873,0.5268002670512145,0.03137515938599289
0.6062026407599626,0.5322584592826528,0.030313728535000996
0.6012488771657851,0.5392345284010845,0.03385541070312773
0.5964164546924328,0.5421159653264367,0.03300813373707533
0.5921484180240973,0.5441025581568788,0.03407289436723272
0.5902792591455926,0.548183188816416,0.03618536952438305
0.5883738059199326,0.5514897210294238,0.0324895337649492
0.5829992064558954,0.5561123610999521,0.03342804027545762
0.5797282704953043,0.5597084527523233,0.02971281735555436
0.5745375334205841,0.5614145725587748,0.030121738328803858
0.5695144992396629,0.5642592865364973,0.029500219868862167
0.5627887649291639,0.5655706676657484,0.025296791238605024
0.5616459077863067,0.5696066063578515,0.02257203260593474
0.5606750339998989,0.5757692843219159,0.023193903519087213
0.5578206534465174,0.5822149890612863,0.027880120217768874
0.5537871214031234,0.5857298888072334,0.024557670423607677
0.5515014071174091,0.589093243399323,0.02343040023868286
0.5454931512616111,0.588500463337865,0.02431090523958342
0.5423941986574693,0.5912933979304384,0.023786066563580375
0.5381481084478204,0.5917979537403045,0.022890930500421573
0.5360706718657109,0.5939534556672981,0.022437471160268525
0.5341652186400507,0.5957717633165911,0.02035536483886734
0.5310519181474399,0.5972808894310387,0.02168202987236423
0.5269634634057712,0.5973998814786874,0.02328576643907356
0.5269634634057712,0.5989518183502831,0.022696596824222506
0.5260288839665188,0.603283548508925,0.02192319871654483
0.5227173731961221,0.6042238273595872,0.021839215099174778
0.5163026293589335,0.6045070721294319,0.022679958098521906
0.5143828282448043,0.6070824012766666,0.02070567274860892
0.5108731071966217,0.6091787395339645,0.021181619436042947
0.5087188014575512,0.6124401184497288,0.021610379667973606
0.5035567601597691,0.613255920333309,0.01975395212267269
0.5003364664348025,0.6128165647642698,0.01844434453243409
0.49838037097351784,0.6168197693991291,0.018761729348638435
0.49548969607298093,0.6199853274643191,0.017789120834601345
0.49351925272322716,0.6238432859017871,0.01974928802535331
0.4904303675449043,0.6266024975317219,0.0198894828668564
0.4894451458700275,0.6306601761392268,0.018605938719775922
0.4863461932658857,0.6363162199258131,0.0159996793857579
0.4832978828973685,0.6373168554543216,0.0159952514462817
0.4778827086235259,0.6382149300784428,0.015056985118989915
0.4757646972316108,0.6426026718471186,0.0169992231884514
0.4736103914925403,0.6438684344592628,0.01616887706470321
0.4724269595398775,0.6452385605944266,0.015799597848180465
0.46851476861730834,0.6477463559234395,0.01498385852112922
0.46225006167788274,0.6498533394005446,0.016152694658623644
0.4601726250957733,0.650781109339004,0.017405439345728132
0.45683488740404005,0.651901087916732,0.01783173294810049
0.45394421250350303,0.6541090091769117,0.018918772827413395
0.45200246493068763,0.6589898605760683,0.017368707908348904
0.45081903297802484,0.6604833729190406,0.016364516995243047
0.4475218700960973,0.6608468873888353,0.016391585667148306
0.4454038587041822,0.6619124391678596,0.017649075069084752
0.44130533653669446,0.6616745003835474,0.016222175291524997
0.4389790474411746,0.6697769172619192,0.019698160246490046
0.43189720502926326,0.6721512043434531,0.021798773784963036
0.4254461668449192,0.6720119649818009,0.02572010901187087
0.4254461668449192,0.6758973643709119,0.023236845528644884
0.4204274131266483,0.6757009175841798,0.023369755075531642
0.41443778562196953,0.6771583257964023,0.025062572220259875
0.4093970854450123,0.6828917233276375,0.023472007078505205
0.4093970854450123,0.6878628842421947,0.020167117259512264
0.40749163221935214,0.6895284817514831,0.020649358906324154
0.40255981508386124,0.6882088176761131,0.023661770844371086
0.39943463555838293,0.6937593512772359,0.025536645241629397
0.39205908536060546,0.6913613658663164,0.023330290641621343
0.3875379157162095,0.6958591080067215,0.0217434502149679
0.38406876947783253,0.6952068602589601,0.022872646751744427
0.37867982212532636,0.6988771869776268,0.02793081095037075
0.37867982212532636,0.7053603903182604,0.031752531343073806
0.3774963901726636,0.7093090303307301,0.034749293245982416
0.3744337319156773,0.7117330237795109,0.03772020871586262
0.3701369994704037,0.7153471076340236,0.036909074869184114
0.3680089206526697,0.7222274761088433,0.040357489320511634
0.3597174193667592,0.7234716622547257,0.03664617099908625
0.3558921650269699,0.7250732802037312,0.04095526798831601
0.3457171569740856,0.7265603840464177,0.043113207360699006
0.34376106151280095,0.7372295719110683,0.04478198085202559
0.33741130779970596,0.7442462733345085,0.04390391555233401
0.332190063340999,0.7497973859012379,0.049140019799906245
0.32810160859933024,0.757227039262539,0.05736941238913114
0.3195731338328767,0.7613043590070887,0.05932819538518113
0.31237384745419877,0.7679666245497332,0.06665853039240921
0.3083259675223356,0.777065130931847,0.07395740916028104
0.30002011834795594,0.7745978089523786,0.07182353337778857
0.2938035847885532,0.7806595533540613,0.0755216519736382
0.28774325839867415,0.785138318469919,0.07651044886839889
0.28258121710089196,0.7865249674073204,0.07586026994115115
0.2766278839433687,0.7843909043599446,0.07621925371304246
0.26745413610793306,0.7865533751962324,0.07119807049211473
0.2619477447886603,0.7955685579196217,0.07882779503378978
0.2546939190202996,0.7962799707753969,0.08526384018622046
0.25134183344009725,0.815246614184885,0.08299863764301178
0.2473183688225221,0.8223586328481556,0.087431830145746
0.23704207629838875,0.8291207277544297,0.0811298315976061
0.22751403196858933,0.8266677440206852,0.0854255954086046
0.21823484015220024,0.8229106291048176,0.09297261471720926
0.20907128069552927,0.8234874194433018,0.09557121485132099
0.200937414877599,0.8209001247418893,0.09647649723647647
0.19271850228599927,0.8239395501584756,0.09783002748067729
0.17499596067888817,0.8146055108334334,0.10066918874391095
0.1655066795518458,0.8079953699965007,0.1018027755908079
0.15910628360312626,0.8146656297414548,0.10612977489028941
0.15009017123567087,0.8261960370073579,0.10132205434449035
0.14001455784492509,0.820327817178881,0.10276458262583324
0.12838285001167965,0.8165965676835242,0.11121777482887801
0.11842040012505031,0.8091002214839425,0.10700846373368265
0.10267686279299315,0.845093250975604,0.10887345519536058
0.09187105051254155,0.8574901960784314,0.09261400177966603
0.08357526876398083,0.8625757575757576,0.08765331576684335
0.07201711198012929,0.8604344292500213,0.08757002293524926
0.0625261401989842,0.8809236530060328,0.07584951364177608
0.052395987418555626,0.8789473684210527,0.07945015336552909
0.043321755198204234,0.8971428571428571,0.08783616990604821
0.035276637570102395,0.9358974358974359,0.07861389598336353
0.03238596266956545,0.9818181818181818,0.036363636363636376
0.0246122230600515,1.0,0.0
0.020564343128188327,1.0,0.0
0.013797771652237579,1.0,0.0
0.0076868030267340055,1.0,0.0
0.004796128126197054,1.0,0.0
0.0018691588785046728,1.0,0.0
0.0009345794392523364,1.0,0.0
0.0,1.0,0.0
0.0,1.0,0.0
0.0,1.0,0.0
0.0,1.0,0.0
0.0,1.0,0.0
0.0,1.0,0.0
0.0,1.0,0.0
0.0,1.0,0.0
0.0,1.0,0.0
0.0,1.0,0.0
0.0,1.0,0.0
0.0,1.0,0.0
0.0,1.0,0.0
0.0,1.0,0.0
0.0,1.0,0.0
0.0,1.0,0.0
0.0,1.0,0.0
0.0,1.0,0.0
0.0,1.0,0.0
0.0,1.0,0.0
0.0,1.0,0.0
0.0,1.0,0.0
0.0,1.0,0.0
0.0,1.0,0.0
0.0,1.0,0.0
0.0,1.0,0.0
0.0,1.0,0.0
0.0,1.0,0.0
0.0,1.0,0.0
0.0,1.0,0.0
0.0,1.0,0.0
0.0,1.0,0.0
0.0,1.0,0.0
0.0,1.0,0.0
0.0,1.0,0.0
0.0,1.0,0.0
0.0,1.0,0.0
0.0,1.0,0.0
0.0,1.0,0.0
0.0,1.0,0.0
0.0,1.0,0.0
0.0,1.0,0.0
0.0,1.0,0.0
0.0,1.0,0.0
0.0,1.0,0.0
0.0,1.0,0.0
