recall_ave_seq,precision_ave_seq,std_precision
1.0,0.05314533622559653,0.006249397089322314
1.0,0.05314533622559653,0.006249397089322314
1.0,0.05314533622559653,0.006249397089322314
1.0,0.05314533622559653,0.006249397089322314
1.0,0.05314533622559653,0.006249397089322314
1.0,0.05314533622559653,0.006249397089322314
1.0,0.05316938602282373,0.006257924181875516
0.9098039215686274,0.11296850545045167,0.12088770737475311
0.896358543417367,0.13362964425397722,0.16211466310732894
0.7660447229739353,0.20576381356953483,0.17420616245200315
0.7327920998908037,0.28458473036811444,0.19550236108944063
0.6572686592001451,0.3277002143681636,0.18727156338716008
0.6158221999347099,0.37938693544327345,0.13713546753969166
0.5871416981160831,0.4093082940914775,0.12149669136142562
0.5789899628457036,0.425332166637762,0.11023474595248958
0.5712523062502726,0.43547503440115165,0.10538454903870206
0.5673307376228215,0.44467981274874413,0.09630246031132993
0.5583135137119806,0.44358769990966146,0.09234760276091675
0.5535516089500758,0.4478953483792193,0.08845315020934215
0.5487897041881711,0.45281534280298175,0.08902057775823999
0.5444418781012146,0.45888685943569063,0.08617326906846651
0.5400940520142581,0.46528832002958015,0.0815483955779524
0.5400940520142581,0.4699955017992803,0.07931112141040411
0.5367042215057836,0.47541666666666665,0.07027228788394783
0.5367042215057836,0.4790948275862069,0.0736095344047992
0.5288610842508816,0.48289994849659096,0.0662360787361924
0.5202579390149888,0.4976815555284869,0.07667212176105562
0.5168681085065143,0.5073337044433285,0.07885312567758203
0.5134782779980397,0.5181314475282541,0.08776289057399309
0.5091304519110832,0.5240099628777761,0.09630252983097067
0.5091304519110832,0.5302763007601717,0.09349059393613762
0.5091304519110832,0.5470778196336006,0.10446904788385328
0.5018190527751576,0.5524009603841536,0.09873424555689277
0.4902523344902959,0.5525910991636798,0.09057021384335177
0.4902523344902959,0.5580042045767852,0.09978049604873765
0.4726319653435622,0.5551483816729719,0.10350260295047625
0.46828413925660567,0.5594871794871795,0.10488589962198673
0.46828413925660567,0.5609561060408519,0.10314582614661273
0.46402882010766955,0.5648418843163278,0.1025233640674493
0.45977350095873337,0.5714738022754768,0.10252389356436815
0.4554256748717768,0.5789178213091256,0.09860396830872
0.4554256748717768,0.5829178213091257,0.09568385441522541
0.44724878709538973,0.5788047914818101,0.09375770372797772
0.44724878709538973,0.5859617649431315,0.09384338010491804
0.43897939238098227,0.5970408163265305,0.10435228052244097
0.43897939238098227,0.6122458065159775,0.11623194763027309
0.4346315662940257,0.612267157581803,0.11743821869978902
0.4346315662940257,0.612267157581803,0.11743821869978902
0.4346315662940257,0.612267157581803,0.11743821869978902
0.43124173578555114,0.617269353453564,0.12521141729314775
0.4264798310236464,0.6188743623526232,0.11936439661015073
0.4230900005151718,0.6261711695126314,0.12715111609842072
0.4230900005151718,0.6261711695126314,0.12715111609842072
0.4230900005151718,0.6342664076078697,0.1392770777870873
0.4230900005151718,0.6342664076078697,0.1392770777870873
0.4230900005151718,0.6342664076078697,0.1392770777870873
0.4230900005151718,0.6360703291764971,0.13693010529468563
0.4230900005151718,0.638485788113695,0.1353731392326838
0.41874217442821526,0.636281706481042,0.13831888238280118
0.41535234391974074,0.6454210775219178,0.14363487903596125
0.41535234391974074,0.648324677986494,0.14273499709938176
0.4110045178327842,0.6656458396675788,0.147912730979877
0.40665669174582764,0.6673647476554454,0.14550279856714463
0.4023088656588712,0.6696671248018384,0.1442730099783442
0.4023088656588712,0.6730409439651313,0.14376011149668486
0.394131977882484,0.6753419020524284,0.13968345059021645
0.39021040925503303,0.6773412698412699,0.1378792326336174
0.39021040925503303,0.6906105006105007,0.14626605155075695
0.39021040925503303,0.6945787545787546,0.1465850405742044
0.39021040925503303,0.6999303135888503,0.1406418148451343
0.39021040925503303,0.7026330162915528,0.13685259987575046
0.39021040925503303,0.7055598455598455,0.13444871692733737
0.39021040925503303,0.7055598455598455,0.13444871692733737
0.39021040925503303,0.7055598455598455,0.13444871692733737
0.386288840627582,0.70359906124612,0.13263017636584293
0.386288840627582,0.7066759843230431,0.13034991684204597
0.38289901011910743,0.7082341784508968,0.12821196280871638
0.38289901011910743,0.7082341784508968,0.12821196280871638
0.37897744149165646,0.7060282960979556,0.12628980811606855
0.37421553672975166,0.7041235341931936,0.12390186604020181
0.37421553672975166,0.7041235341931936,0.12390186604020181
0.37421553672975166,0.7207242876360525,0.13980046932908868
0.37421553672975166,0.7314588189588189,0.13340665931595236
0.3698677106427951,0.7287604062604063,0.1375706854315413
0.3613570723449228,0.7248388376329553,0.13955005558725928
0.3613570723449228,0.7248388376329553,0.13955005558725928
0.3613570723449228,0.7248388376329553,0.13955005558725928
0.3613570723449228,0.7278640477169889,0.1350440325770362
0.3613570723449228,0.7317856163444398,0.13290838601251073
0.3613570723449228,0.7349941724941725,0.12809044722489873
0.3613570723449228,0.7384032634032633,0.12313137144803432
0.3613570723449228,0.7384032634032633,0.12313137144803432
0.35743550371747185,0.7400699300699302,0.11961740574290566
0.35404567320899727,0.7464299007444171,0.11284983620951158
0.35404567320899727,0.7688645503550955,0.09750567469766155
0.3506558427005227,0.7836301629405078,0.10261585813233272
0.3506558427005227,0.798901098901099,0.09328369419650201
0.34640052355158646,0.7973137973137974,0.09356168343541313
0.3421452044026504,0.7956043956043957,0.0939801395746167
0.3421452044026504,0.7956043956043957,0.0939801395746167
0.3421452044026504,0.7956043956043957,0.0939801395746167
0.3421452044026504,0.7956043956043957,0.0939801395746167
0.3345000547452396,0.7981538461538461,0.09460363930110408
0.3305784861177886,0.8058461538461538,0.0779282024284393
0.32665691749033765,0.8088205128205128,0.06917977229037828
0.32230909140338115,0.8128205128205128,0.06923670439895974
0.32230909140338115,0.8254414715719063,0.06065846377987506
0.3183875227759302,0.8377957839262187,0.08782086370972259
0.3092777919270689,0.8493506493506494,0.0840224222046952
0.30492996584011234,0.8469696969696969,0.08659591305565793
0.28954715958727056,0.8402537965467027,0.09007741308635396
0.2804374287384092,0.8373298199385155,0.09355685778072531
0.2804374287384092,0.8458265519646593,0.08417592669143739
0.2719267904405369,0.8685173160173161,0.0905151508940308
0.26514712942358776,0.867406204906205,0.08953690960660565
0.26514712942358776,0.867406204906205,0.08953690960660565
0.2608918102746515,0.884031100478469,0.09517510451623758
0.25750197976617695,0.9072453861927545,0.08884157785995131
0.24839224891731573,0.9061464850938534,0.08860466053394812
0.24021536114092856,0.9093212669683257,0.08478899121262867
0.22675780420511074,0.9345959595959595,0.054491649482092744
0.20745342932481795,0.9283333333333333,0.059535236998305825
0.2031981101758818,0.9264285714285714,0.06159446039231458
0.19641844915893264,0.9464285714285715,0.0658538889806635
0.18389373529558894,0.9547619047619047,0.05851526536878339
0.18050390478711437,0.9547619047619047,0.05851526536878339
0.1671388547893169,0.9532467532467532,0.05957062307106347
0.15844320261540384,0.9818181818181818,0.036363636363636376
0.14601099569008053,0.9777777777777779,0.04444444444444447
0.1309619399587239,0.9777777777777779,0.04444444444444447
0.11877097661686542,0.9777777777777779,0.04444444444444447
0.11059408884047825,0.975,0.049999999999999996
0.10720425833200367,0.975,0.049999999999999996
0.09946660173657258,0.975,0.049999999999999996
0.08590727970267427,0.975,0.049999999999999996
0.073914303958307,0.9714285714285715,0.05714285714285716
0.06915239919640224,0.9714285714285715,0.05714285714285716
0.06141474260097115,1.0,0.0
0.051890933077161625,1.0,0.0
0.03999046427081471,1.0,0.0
0.03522855950890995,1.0,0.0
0.03522855950890995,1.0,0.0
0.026545086119554206,1.0,0.0
0.01752786220871327,1.0,0.0
0.01752786220871327,1.0,0.0
0.01276595744680851,1.0,0.0
0.01276595744680851,1.0,0.0
0.01276595744680851,1.0,0.0
0.01276595744680851,1.0,0.0
0.01276595744680851,1.0,0.0
0.00851063829787234,1.0,0.0
0.00851063829787234,1.0,0.0
0.0,1.0,0.0
0.0,1.0,0.0
0.0,1.0,0.0
0.0,1.0,0.0
0.0,1.0,0.0
0.0,1.0,0.0
0.0,1.0,0.0
0.0,1.0,0.0
0.0,1.0,0.0
0.0,1.0,0.0
0.0,1.0,0.0
0.0,1.0,0.0
0.0,1.0,0.0
0.0,1.0,0.0
0.0,1.0,0.0
0.0,1.0,0.0
0.0,1.0,0.0
0.0,1.0,0.0
0.0,1.0,0.0
0.0,1.0,0.0
0.0,1.0,0.0
0.0,1.0,0.0
0.0,1.0,0.0
0.0,1.0,0.0
0.0,1.0,0.0
0.0,1.0,0.0
0.0,1.0,0.0
0.0,1.0,0.0
0.0,1.0,0.0
0.0,1.0,0.0
0.0,1.0,0.0
0.0,1.0,0.0
0.0,1.0,0.0
0.0,1.0,0.0
0.0,1.0,0.0
0.0,1.0,0.0
0.0,1.0,0.0
0.0,1.0,0.0
0.0,1.0,0.0
0.0,1.0,0.0
0.0,1.0,0.0
0.0,1.0,0.0
0.0,1.0,0.0
0.0,1.0,0.0
0.0,1.0,0.0
0.0,1.0,0.0
0.0,1.0,0.0
0.0,1.0,0.0
0.0,1.0,0.0
0.0,1.0,0.0
