recall_ave_seq,precision_ave_seq,std_precision
1.0,0.23555166374781086,0.01230913022122983
1.0,0.23555166374781086,0.01230913022122983
1.0,0.23555166374781086,0.01230913022122983
1.0,0.23555166374781086,0.01230913022122983
0.9957446808510639,0.2518789091818864,0.03986921226969923
0.9794326241134751,0.2738595974710669,0.08302810032331052
0.96060147299509,0.32584552678337214,0.11010386713513028
0.9265226003355671,0.414579553748074,0.10498133018927992
0.8978035720045154,0.4698664346228102,0.0906529093712397
0.8703230221961455,0.5093117800826699,0.08652755285391991
0.8503097787933998,0.5483840481793035,0.07810540801983029
0.8473221558293618,0.5738825153380305,0.07301593807665087
0.8399579734908921,0.5983585899321956,0.07177037061336866
0.8376647949712984,0.6197979631682634,0.06987271508201076
0.8318697958805548,0.6351736830664249,0.0683449835308662
0.8274329639694352,0.6499277734676082,0.06388617907324368
0.8213508965609527,0.6621862731186325,0.06449020643637637
0.8184235461336022,0.6680439624447577,0.061107172395771486
0.8162799402635814,0.6789393402658045,0.06181077678767651
0.8118123391216928,0.6863684213277812,0.06110788363576209
0.8095938994053806,0.6911427812538528,0.06028300302290045
0.805126559889105,0.6945724483696462,0.05649416398350697
0.8021992094617545,0.7000787837711293,0.055543503011822225
0.8007807697454424,0.7057283791416844,0.05584220468818882
0.7970986548154553,0.7116021573681036,0.05215241251286883
0.7970986548154553,0.7125934564501042,0.05210945830550037
0.7955294240462246,0.7184035212665487,0.053183338787774606
0.7955294240462246,0.7234088558500323,0.0493313832739488
0.7955294240462246,0.7250024407021856,0.05073865712070127
0.7941405351573356,0.7264818092035252,0.04977981193281876
0.7926313152991795,0.7281110495717877,0.05055015553011702
0.78887319564106,0.7319622159188306,0.04955110025274314
0.7860510916221475,0.7352087252006648,0.046831658635835674
0.7830326994273401,0.7374330215374159,0.04679198259497493
0.7800305626752033,0.7393753695190276,0.04726593895035485
0.7800305626752033,0.7417752968215371,0.04656851080889742
0.7792305626752034,0.744979185655764,0.04550894826995233
0.7762429397111653,0.7486340837910943,0.04334739795629431
0.7762429397111653,0.7512562098801494,0.04202376929415717
0.7762429397111653,0.7528520962528549,0.04250608580748807
0.7748540508222764,0.753672811273556,0.042544338222125624
0.7719104449522554,0.7551842451716436,0.043203783614069256
0.7719104449522554,0.7567195998051538,0.042093131938301005
0.7712160005078111,0.7577816249736339,0.04269780436227764
0.7697975607914991,0.7579054210196571,0.04163282011232679
0.7691031163470546,0.7597383121170849,0.039694751383933614
0.7691031163470546,0.761970647168782,0.03955595637143395
0.7691031163470546,0.7634194636950332,0.03791282695843372
0.7661302212752232,0.7633207454961206,0.0375398447556124
0.7654357768307788,0.7662209287872718,0.03974376658889115
0.7631866154052023,0.7661303193379199,0.0392324644522738
0.7616773955470463,0.7685479582279325,0.039361559018679625
0.7609226785659142,0.7700090640026094,0.03869941542170356
0.7609226785659142,0.7712421820296205,0.03976753761286197
0.7601534477966835,0.772911834167334,0.04030512930131825
0.7601534477966835,0.7752095158088727,0.03988276776011226
0.758704286371107,0.7766203757188277,0.0406125245931403
0.7566209530377737,0.7784076941877738,0.04005115817789912
0.7566209530377737,0.780739526362282,0.038957065479555915
0.7544022992173535,0.7818419586232684,0.038650585955639555
0.7536022992173534,0.783525758907375,0.0383094046977009
0.7520928652550893,0.7831504829691852,0.0389480001187202
0.7513836453969333,0.7841696427523177,0.03878865471001172
0.7505836453969332,0.7844708650917742,0.038029570761033915
0.7482596976465704,0.7862117050579621,0.03751907417117885
0.7482596976465704,0.7885314600626347,0.0367515164129501
0.7474904668773397,0.7896255080401515,0.03645499601128075
0.7474904668773397,0.7919218667716832,0.035153172003169385
0.7451212361081089,0.7925878208155552,0.03545120890446415
0.7451212361081089,0.7932391836183126,0.03592892073307276
0.7435520053388782,0.7928776276588689,0.0360385119364226
0.742797288357746,0.7947102841999152,0.037626303610288125
0.7398991796107011,0.795432218809994,0.037584756654231145
0.7384500181851246,0.7962820478737469,0.03682176826740947
0.7384500181851246,0.7962820478737469,0.03682176826740947
0.7377407983269686,0.7979013823214689,0.03602543423590947
0.7377407983269686,0.8010026407400715,0.03571709204987713
0.7354771231132933,0.8010352959611801,0.034987426570638816
0.7347679032551373,0.802787177651221,0.03367234545253622
0.7318550666158855,0.8021526921608941,0.03375320150835141
0.7295911297765976,0.8023522282198202,0.03444349439495869
0.7281271929373094,0.802045917501028,0.03452288029783009
0.7265724759561772,0.8029092200020298,0.03397733166050549
0.7258780315117329,0.8033155391924911,0.03307905846461947
0.7243995808843462,0.8050370950888193,0.03192726796744575
0.723644863903214,0.8054127194644437,0.03135839503968737
0.722844863903214,0.8070879486336289,0.03086721814776597
0.722135644045058,0.8076538239989401,0.031207187836786717
0.721426424186902,0.8075247182461396,0.031023533754884165
0.721426424186902,0.8102260490718816,0.03153904926084341
0.72067170720577,0.8108061028615972,0.03286871486875447
0.7199624873476138,0.8113869500850939,0.03326098743989564
0.7184988121339387,0.8138973639720051,0.03390083909949624
0.7170203615065519,0.8168656710569779,0.031470435349564535
0.715541910879165,0.8214040538862714,0.03087254314994309
0.7140326910210091,0.8224303132413571,0.030541462162719663
0.7140326910210091,0.8246074172953989,0.030611067740763838
0.7119050314465409,0.8250286279632888,0.031163211617359396
0.7119050314465409,0.825750850185511,0.03082075958863782
0.7111503144654089,0.8285193248241061,0.032117190422045694
0.7111503144654089,0.8292545892365005,0.03186655559044534
0.7080866392517337,0.829372309725063,0.03166631158657984
0.7066229640380584,0.8290797804299762,0.03162749402208367
0.7051445134106716,0.8302904911824198,0.031849392894393924
0.7044500689662272,0.8309845827799641,0.03289872305324244
0.7037408491080711,0.8322225352420547,0.032450947199854197
0.7029861321269391,0.8332739475204116,0.03096952809520302
0.7022169013577082,0.8344715905103243,0.02985903145640104
0.7022169013577082,0.8352311057859687,0.02953483424139257
0.7022169013577082,0.8389640803625923,0.03081429700900848
0.6992290167680574,0.8399137254115365,0.030576229863945027
0.6992290167680574,0.841814782600105,0.02792208108484207
0.6985345723236129,0.8424796839579374,0.027558094747820065
0.6977798553424808,0.8438123084241532,0.028113620303024896
0.6970706354843248,0.844493272297133,0.027746615778283742
0.6948977404124935,0.8441082100369629,0.027524118491299134
0.6941885205543376,0.8447753484305643,0.028009895098613437
0.6934793006961815,0.8470114526134512,0.02790979255822739
0.6919100699269507,0.8489478193197355,0.028799074283368076
0.6888916777321434,0.8515034115036993,0.027866111544506755
0.6867185210346992,0.851785853535097,0.026907602520164244
0.6852240765902549,0.8515150963025444,0.026934225738996627
0.6836693596091227,0.8527673889692462,0.026004116573700484
0.6822656953065223,0.8533337955644305,0.02523257368657409
0.6822656953065223,0.8540071962378312,0.02422022364812386
0.6792618168998137,0.8549257797157704,0.023129890875524705
0.6776925861305829,0.8553167513863696,0.022229524444774596
0.6769981416861384,0.8558986940063521,0.02113624346060491
0.675503697241694,0.8589724687241687,0.019987808453237003
0.6726360960998055,0.8584730820211851,0.019853655402401697
0.6697835319972414,0.8586849071706458,0.018387629173953274
0.6668556583186651,0.8581502721712131,0.018576697410296106
0.6645624797990715,0.8594832804216488,0.01992411214480868
0.6616043601409518,0.8596698471504542,0.01868159994292283
0.6594312034435077,0.8600088182082868,0.01750942288347261
0.6556140771735512,0.8600249740989568,0.016837639182305394
0.6532593601924191,0.8604213199631087,0.016674302389472335
0.6487012405342995,0.8621288931455418,0.017048477258839737
0.6479465235531674,0.864358569256136,0.015966408933561084
0.6456988421565499,0.8663634600771326,0.01330652927539545
0.6440988421565499,0.8678572356027523,0.012529287668558176
0.6419259470847186,0.8691904288345811,0.011475547202435253
0.6404167272265627,0.8689193236613721,0.011498678377980376
0.6345157443720472,0.8694959982934016,0.010192597371181285
0.6300494091550093,0.8741013531232218,0.008901989386000607
0.6211302482097946,0.8743918110214508,0.009815963239573082
0.6150184158697808,0.8760497718973641,0.009604276771291963
0.6090431224201999,0.877708133576777,0.012857139871628323
0.6061302382594433,0.8772003090072518,0.012654311926789596
0.6017079201364227,0.8810604512411941,0.00866319934468642
0.599429469509036,0.8806448231244854,0.008788118173743052
0.5928347795654098,0.8832965660127851,0.005885725066303059
0.5861650416713846,0.8840624590868529,0.004896974530639567
0.5816081879381156,0.8832406097870404,0.005290026910437132
0.5779405867962272,0.8856993347244397,0.005932385677267811
0.5735492995295886,0.8869715458156676,0.004870186542026515
0.5653994168751093,0.890750983388009,0.004045274211505125
0.560103839977766,0.8931120400398115,0.002617199254101947
0.5476536643026005,0.89419382463035,0.002886149131200101
0.5410584986292534,0.8986673951428241,0.004567065637108151
0.5315345024995969,0.8980788359235147,0.0061381598215960115
0.5204414897048176,0.897141264640954,0.006640167905280364
0.5085934983032936,0.9030369380172175,0.006903625226605948
0.4928378621155819,0.9050558451051872,0.01012698139896722
0.473669491365497,0.9039487820069546,0.014554659327053672
0.4566893196704719,0.9062916456237119,0.011032077656538263
0.43644935116848,0.9151814945606416,0.009877870564195207
0.4180381817277241,0.9190438773798029,0.010506229405675856
0.3973303979797356,0.9323032289189065,0.018447659169472375
0.37351866685881135,0.9411786113715852,0.01667972451560703
0.3408580735090771,0.9435673432080879,0.013070543042582384
0.3210553167471272,0.9531930122876965,0.014853884603989292
0.27523420982202595,0.959331187002167,0.026167830517988544
0.22597434301948555,0.9649866588069808,0.0332210850975675
0.18572551750404018,0.9735885465297229,0.027131245867430452
0.15797697145621675,0.969426731061603,0.02777207539117286
0.1343469680593727,0.9596899224806201,0.041290340282633634
0.11620992907801417,0.9803048780487804,0.02523801038814613
0.1037900709219858,0.9803405572755418,0.0248431516375352
0.08826099290780143,0.9864253393665159,0.016870001703445468
0.06180425531914894,0.9861176470588235,0.01732889660190304
0.03543829787234042,0.98125,0.024999999999999998
0.010309219858156029,0.9846153846153847,0.03076923076923075
0.0008,1.0,0.0
0.0,1.0,0.0
0.0,1.0,0.0
0.0,1.0,0.0
0.0,1.0,0.0
0.0,1.0,0.0
0.0,1.0,0.0
0.0,1.0,0.0
0.0,1.0,0.0
0.0,1.0,0.0
0.0,1.0,0.0
0.0,1.0,0.0
0.0,1.0,0.0
0.0,1.0,0.0
0.0,1.0,0.0
0.0,1.0,0.0
0.0,1.0,0.0
0.0,1.0,0.0
0.0,1.0,0.0
