recall_ave_seq,precision_ave_seq,std_precision
1.0,0.05314533622559653,0.006249397089322314
1.0,0.05314533622559653,0.006249397089322314
1.0,0.05314533622559653,0.006249397089322314
1.0,0.05314533622559653,0.006249397089322314
1.0,0.05314533622559653,0.006249397089322314
1.0,0.05314533622559653,0.006249397089322314
1.0,0.05314533622559653,0.006249397089322314
1.0,0.0531561704362654,0.006243791226151807
0.9908902691511386,0.05500403227896964,0.004720421706804235
0.9639873340640606,0.07084598448511573,0.011528517943442552
0.886559286064102,0.10401301992870175,0.02367665975749311
0.8438802310306208,0.14932131823627437,0.026307569260743974
0.8018720105047616,0.19012644930006398,0.01483006348700355
0.766999020558693,0.2346380303100397,0.021253681145092254
0.7508432326034099,0.2760023829853432,0.02852084863339475
0.7349286882315917,0.3135988127395527,0.03112825714532237
0.7271910316361606,0.3445658035538284,0.04207213014201928
0.7271910316361606,0.38193626915696255,0.04156483047169588
0.6892401426617465,0.39534064067622543,0.03658937733508398
0.6776985768828926,0.41233607421463214,0.032785042773955005
0.6661318585980308,0.42818763027096357,0.03862333845093897
0.6484563138038419,0.43797665879884606,0.03798743047662078
0.6407186572084109,0.44810783003575977,0.038167497229354634
0.6407186572084109,0.45874186191167315,0.034915745851781234
0.6359567524465062,0.4704885530279956,0.03184201086520009
0.6238834485486758,0.47843393695506375,0.027761184942364486
0.6056639868509532,0.48470634150641445,0.032428475510226526
0.5946290066850679,0.5015170195658001,0.022389699998730604
0.5912391761765934,0.5152357463964606,0.026674439358847515
0.5793387073702465,0.5242741642741642,0.02167997614243757
0.5759488768617718,0.526939276939277,0.021202558705178547
0.5638755729639415,0.528768858881387,0.012078719395025118
0.5562304233065307,0.5333446391558319,0.007971149560950628
0.5528405927980562,0.5406092232334195,0.006112650216997238
0.5528405927980562,0.5512919137324868,0.007686694033673363
0.5411813675751741,0.5561256081379922,0.013840384902291957
0.5291883918308069,0.5525581616758087,0.013519625519332725
0.5252668232033559,0.5614478114478114,0.01642600796989962
0.5205049184414511,0.5650157232704403,0.011510250168673722
0.5205049184414511,0.5683490566037736,0.017292995802034552
0.5161570923544946,0.5687844702467344,0.020035795589855368
0.5122355237270436,0.5692369589345172,0.016799399541238113
0.5122355237270436,0.5715114687384387,0.017324570433469376
0.5083139550995927,0.5719932614555255,0.01451981334162364
0.5043923864721416,0.5760226732202315,0.021067128919113724
0.49963048171023683,0.5852241939602191,0.025074790796552084
0.49963048171023683,0.5889675094682406,0.030455423214525327
0.49963048171023683,0.5916728234779024,0.03261210420122974
0.49963048171023683,0.5916728234779024,0.03261210420122974
0.49963048171023683,0.6039213947990544,0.03269248465286658
0.49963048171023683,0.6103271281026154,0.02640084776718848
0.4948685769483321,0.6116053340457268,0.03687986884012838
0.4948685769483321,0.6140543136375636,0.036431748206216204
0.4948685769483321,0.6140543136375636,0.036431748206216204
0.4948685769483321,0.6140543136375636,0.036431748206216204
0.4948685769483321,0.6140543136375636,0.036431748206216204
0.4948685769483321,0.6140543136375636,0.036431748206216204
0.4948685769483321,0.6140543136375636,0.036431748206216204
0.4948685769483321,0.6140543136375636,0.036431748206216204
0.4948685769483321,0.620838138278531,0.03214481494487426
0.4948685769483321,0.6236664211068138,0.032758434403508015
0.4914787464398575,0.6266290809843673,0.029890043009310013
0.4914787464398575,0.6266290809843673,0.029890043009310013
0.4914787464398575,0.6345119887742519,0.03071109568848454
0.4914787464398575,0.6345119887742519,0.03071109568848454
0.4914787464398575,0.6345119887742519,0.03071109568848454
0.4914787464398575,0.6345119887742519,0.03071109568848454
0.48713092035290106,0.6328508592061456,0.029981503053383506
0.47852777511700834,0.6380709219858156,0.026576821636860353
0.47852777511700834,0.6407536231884058,0.02494343948381865
0.47852777511700834,0.6460869565217391,0.026979887021959633
0.47852777511700834,0.6460869565217391,0.026979887021959633
0.47852777511700834,0.6460869565217391,0.026979887021959633
0.47852777511700834,0.6516161616161615,0.020849228708051525
0.4741799490300519,0.6534179634179633,0.02240340043137646
0.4741799490300519,0.6534179634179633,0.02240340043137646
0.46992462988111566,0.6539732354648152,0.016755923355314187
0.46992462988111566,0.6539732354648152,0.016755923355314187
0.46992462988111566,0.657726989218569,0.02236190665571056
0.46992462988111566,0.6607170224411604,0.01890741674514328
0.4651627251192109,0.6617867256847767,0.026651014680291032
0.45614550120837,0.6561616161616162,0.029194797206658508
0.45179767512141333,0.6544809438927086,0.025850719550816144
0.45179767512141333,0.6592428486546134,0.02546094621445489
0.45179767512141333,0.6643710537828185,0.02880269877431121
0.45179767512141333,0.6643710537828185,0.02880269877431121
0.4470357703595086,0.6670983265100912,0.02658156864111021
0.4470357703595086,0.6745122898781435,0.031178489124575406
0.4427804512105725,0.6765962059620596,0.03864439578867261
0.4427804512105725,0.6765962059620596,0.03864439578867261
0.4427804512105725,0.6765962059620596,0.03864439578867261
0.4427804512105725,0.6795254988913526,0.0365971105249892
0.43843262512361597,0.6812052785923755,0.0322208962089801
0.43843262512361597,0.6880473838555333,0.028256400486403085
0.4350427946151414,0.6864617601768863,0.03000515159640097
0.4350427946151414,0.6952292020373514,0.027201636995850348
0.4350427946151414,0.7001754385964912,0.03605316514737282
0.4350427946151414,0.7001754385964912,0.03605316514737282
0.4307874754662052,0.70396331738437,0.03766994893605844
0.4307874754662052,0.70396331738437,0.03766994893605844
0.4307874754662052,0.70396331738437,0.03766994893605844
0.4307874754662052,0.7115656565656565,0.03674061052831968
0.426532156317269,0.7174649859943978,0.04253553742544869
0.426532156317269,0.7174649859943978,0.04253553742544869
0.426532156317269,0.7174649859943978,0.04253553742544869
0.41879449972183797,0.7142297743319364,0.042799767440507716
0.41011102633248225,0.7096219311946814,0.04125017564316408
0.41011102633248225,0.7096219311946814,0.04125017564316408
0.4023733697370512,0.7061904761904761,0.04152970687698123
0.3981180505881149,0.7142105263157894,0.040241652323400566
0.3981180505881149,0.7142105263157894,0.040241652323400566
0.3981180505881149,0.7142105263157894,0.040241652323400566
0.38994116281172775,0.7095795795795795,0.04031540199407976
0.38994116281172775,0.7095795795795795,0.04031540199407976
0.38994116281172775,0.7095795795795795,0.04031540199407976
0.3813380175758351,0.7232832832832833,0.05392758905734815
0.3769901914888786,0.7327175527175527,0.07194456836739836
0.373600360980404,0.7346764346764346,0.07160612643869627
0.373600360980404,0.7346764346764346,0.07160612643869627
0.36925253489344745,0.7325225885225886,0.07185279805816858
0.36925253489344745,0.7364908424908425,0.07016840638300491
0.36586270438497287,0.7446015037593984,0.07750216634248178
0.36586270438497287,0.7594440154440154,0.08361918818041952
0.3563388948611634,0.7582857142857142,0.07375733946338191
0.3563388948611634,0.7582857142857142,0.07375733946338191
0.3563388948611634,0.7680952380952382,0.06662583783768648
0.3524173262337124,0.7664145658263306,0.0680527240719662
0.34372167405979936,0.761869111280876,0.06973550894206092
0.3364102749238738,0.7625939011968423,0.07004380110257222
0.3364102749238738,0.7757807143836557,0.08997389109696767
0.3364102749238738,0.7757807143836557,0.08997389109696767
0.32570904527947364,0.7699220806075645,0.09575711065299901
0.3223192147709991,0.7746307455984875,0.09656654339392436
0.31806389562206294,0.7780798771121351,0.09185911050045308
0.31806389562206294,0.7780798771121351,0.09185911050045308
0.31075249648613734,0.7738752052545156,0.0962224258380481
0.3068309278586864,0.7719047619047619,0.09731543960020167
0.3068309278586864,0.7795238095238095,0.09772468152255503
0.3068309278586864,0.7795238095238095,0.09772468152255503
0.3068309278586864,0.7795238095238095,0.09772468152255503
0.3029093592312354,0.7774074074074074,0.09921779122728921
0.3029093592312354,0.7817752234993615,0.0930693464429951
0.2955979600953099,0.777032967032967,0.09836290956737036
0.2955979600953099,0.7825714285714286,0.09412473029235041
0.2955979600953099,0.7825714285714286,0.09412473029235041
0.2908360553334051,0.7795411255411255,0.0926744187507084
0.28309839873797393,0.7747903597377281,0.09622985632014516
0.28309839873797393,0.7747903597377281,0.09622985632014516
0.2787505726510175,0.7772944832944833,0.08901546055067205
0.2787505726510175,0.7825252525252526,0.08210807851541851
0.2787505726510175,0.7976755793226382,0.07920644946476786
0.2662510112936816,0.7891666666666667,0.08180260794538685
0.2662510112936816,0.7956884057971014,0.07969271878026908
0.25406004795182313,0.789047619047619,0.08029989142183368
0.25067021744334855,0.7861490683229814,0.08480055273394616
0.24632239135639203,0.7957142857142857,0.06711414448551567
0.23901099222046648,0.8151820728291316,0.05606487186253431
0.23508942359301552,0.8125504938817631,0.05927929005304702
0.22607219968217457,0.8186788100100794,0.05886067327203728
0.22215063105472357,0.8157548334018921,0.06306627177501978
0.22215063105472357,0.8157548334018921,0.06306627177501978
0.22215063105472357,0.8539901275195394,0.048891736221324276
0.2182290624272726,0.8627156177156177,0.06366716298311736
0.20147418192100058,0.8738095238095239,0.08505033856900836
0.19373652532556945,0.8696803196803197,0.08598497412358834
0.19373652532556945,0.8696803196803197,0.08598497412358834
0.18207730010268736,0.8614285714285714,0.09214501043380377
0.18207730010268736,0.8614285714285714,0.09214501043380377
0.17772947401573086,0.8736507936507938,0.11052726423867401
0.16871225010488997,0.868888888888889,0.1116431705518264
0.16056051483451061,0.8816666666666666,0.10651030205780306
0.1398840657007876,0.8642857142857142,0.12037356818823369
0.1321464091053565,0.8705128205128204,0.10926808078288469
0.12789108995642032,0.8705128205128204,0.10926808078288469
0.12354326386946379,0.8766666666666666,0.10413666234542204
0.10805497695715109,0.8699999999999999,0.10770329614269006
0.09130009645087908,0.8933333333333333,0.13727506854649335
0.07062364731715606,0.8555555555555555,0.19751543149590198
0.05896442209427398,0.95,0.09999999999999999
0.05218476107732482,0.9714285714285715,0.05714285714285716
0.03756196280547371,0.96,0.07999999999999999
0.00392156862745098,1.0,0.0
0.0,1.0,0.0
0.0,1.0,0.0
0.0,1.0,0.0
0.0,1.0,0.0
0.0,1.0,0.0
0.0,1.0,0.0
0.0,1.0,0.0
0.0,1.0,0.0
0.0,1.0,0.0
0.0,1.0,0.0
0.0,1.0,0.0
0.0,1.0,0.0
0.0,1.0,0.0
0.0,1.0,0.0
0.0,1.0,0.0
0.0,1.0,0.0
0.0,1.0,0.0
0.0,1.0,0.0
0.0,1.0,0.0
0.0,1.0,0.0
