recall_ave_seq,precision_ave_seq,std_precision
1.0,0.23555166374781086,0.01230913022122983
1.0,0.23555166374781086,0.01230913022122983
1.0,0.23555166374781086,0.01230913022122983
1.0,0.23559586868065158,0.01236905090588608
1.0,0.24458033511871302,0.016998021856142867
0.9949130023640663,0.2696382409547723,0.0385071345766787
0.9858112293144208,0.30969617212723327,0.06900097306197744
0.9643840516457537,0.35187029223404476,0.08340178305083226
0.956266584833606,0.3899746001805019,0.09096269722531952
0.9452362813822066,0.424471576312044,0.09628963936189505
0.935925952231452,0.471950243146134,0.09814271021123573
0.9254683297477758,0.5004191742143657,0.09037736846102293
0.9166091797136356,0.5233299488096,0.07890244632971641
0.9114631279443604,0.5455718417888622,0.0657112434006107
0.9016830046286289,0.5642275831025831,0.0538577809068647
0.8980299647963438,0.5795656385899728,0.048808038958406075
0.8943478498663564,0.5907693439292535,0.04510294654453891
0.8871184647637478,0.5998772122817483,0.042723825558463595
0.8819124020833977,0.6105061865868651,0.03607117359418048
0.8796487268697225,0.6183591997635555,0.03240662933900369
0.8760573920815791,0.6273365371215913,0.02919684757078725
0.8708511152971209,0.6319412424536608,0.029959560609602837
0.8693271675467582,0.6400492759118046,0.029583230767834368
0.8634411742100621,0.6430961203539743,0.02714626035292659
0.8620375099074618,0.6479929540025235,0.026303961654610644
0.860468279138231,0.6534057588686831,0.026465394110221446
0.8575861642082436,0.6600825486707352,0.026410294434168757
0.8567861642082437,0.6634703176307297,0.025470198922639777
0.8559861642082438,0.6670750368281354,0.024503734570199345
0.8545370027826673,0.6735028179393117,0.027147196471401586
0.8531333384800668,0.6746631814968687,0.02625773585506406
0.8508694016407787,0.6759836141860789,0.025776860412911655
0.8501749571963341,0.6810860490338145,0.027155567145991613
0.8501749571963341,0.6842959181114738,0.027075171028458977
0.8479710787896255,0.6879057550449128,0.02667440183163937
0.8456471310392628,0.6893280817823093,0.026354352691125054
0.844877900270032,0.693581187941696,0.02879211644074586
0.8433686804118758,0.6956645922151825,0.02834718956724986
0.8419195189862994,0.6975864295538594,0.029753475160966446
0.8419195189862994,0.7004689362291162,0.028197712803807718
0.8419195189862994,0.7008829913098379,0.027770526569049752
0.8403195189862995,0.7050920806440316,0.027110123711873272
0.8395502882170686,0.7062181535355557,0.02644783727283259
0.8381466239144683,0.7080215034630231,0.024898834820821527
0.8359282317196609,0.7079050632715995,0.02459468692491713
0.8343897701811993,0.7079486004409743,0.02430256884638704
0.832895325736755,0.7110717572877651,0.022719491113736546
0.8314461643111783,0.7120574992641931,0.022422056067970656
0.8306461643111783,0.7153692893839386,0.02216191234729059
0.829182489097503,0.716782891181573,0.02267008397027323
0.8284132583282723,0.7179284336961181,0.023174935530673107
0.8270095940256719,0.7204289550053607,0.023886412006376034
0.8255911543093598,0.7219600846347423,0.023714186957964775
0.8248819344512037,0.7222567855693663,0.023905631329684436
0.8226632806307836,0.7240825342061357,0.02431808144815499
0.8226632806307836,0.7249769955226342,0.023476195444106486
0.8226632806307836,0.7264674943181098,0.02444585425901594
0.8198855028530059,0.7282260188023277,0.023240399535459193
0.8191762829948498,0.7289535219490324,0.022431462558354525
0.8184670631366938,0.7301745666523705,0.02220435850198794
0.8170633988340932,0.7313302424680522,0.022799417280677175
0.8162941680648625,0.7336967881908654,0.023808329769636972
0.8154941680648626,0.7349747320948196,0.024009601725179734
0.8133212729930314,0.7354293166794523,0.023440600495793315
0.8125665560118993,0.7357269264360575,0.023377916630187217
0.8118721115674548,0.7355651244731443,0.023264185339125488
0.810348163817092,0.7357112162454497,0.023221133973497256
0.810348163817092,0.7367404686831527,0.023092973046799244
0.8096537193726474,0.737621457486822,0.023054641776804902
0.8073897825333594,0.7391589419588893,0.024231942202340945
0.8073897825333594,0.7407534458871807,0.025348046347665396
0.8066805626752034,0.7411622306441733,0.025905894900840443
0.8059113319059726,0.7409792108170253,0.025890036847986873
0.8059113319059726,0.7409792108170253,0.025890036847986873
0.8044021120478165,0.7410780989903824,0.025236424278305927
0.8044021120478165,0.7427457094644981,0.027178393951381094
0.8037076676033721,0.744599489826502,0.026832051564063722
0.8029529506222399,0.7448952273198048,0.026188887704759356
0.802243730764084,0.7468710176211044,0.026132428152012967
0.8014744999948533,0.7486352194632289,0.024698726124376003
0.8000108247811781,0.7498271907055483,0.024153594316074074
0.8000108247811781,0.7509747908973872,0.025086425827941697
0.8000108247811781,0.7525933752023939,0.025437483439581562
0.8000108247811781,0.7547828444993006,0.026279551074261928
0.7992108247811781,0.7550807777007101,0.026270643855505097
0.7977163803367336,0.7557783613876067,0.025856137037616116
0.7955727744667126,0.7562741562189992,0.024874777194966592
0.7948783300222683,0.7566099391851886,0.02458521367088306
0.7941090992530375,0.7574332285962437,0.023146401373952775
0.7926306486256507,0.7576627725571309,0.02293030541732099
0.7926306486256507,0.7587386657652737,0.02234365925576941
0.7918759316445186,0.7596626918720576,0.022689697613679345
0.789537470106057,0.7612505532457213,0.02173744847366082
0.789537470106057,0.7639908809253516,0.022269656551101975
0.7887827531249249,0.7643310209149392,0.022052350421500153
0.7887827531249249,0.7648631769822343,0.022189445015827185
0.7880883086804806,0.7663501421591439,0.021741972300320288
0.7880883086804806,0.7692130258743602,0.02171354243516551
0.7866698689641684,0.7718007562175482,0.022535063296602507
0.7852514292478563,0.7720061129092101,0.021702401313213018
0.7845422093897003,0.7724886525917498,0.022371271660958335
0.7845422093897003,0.7735620949762991,0.02172884642580814
0.7824293252289438,0.7748754725582309,0.0221345490628255
0.7802109330341366,0.7760190538603962,0.021995644301591556
0.7794562160530045,0.7775070742113099,0.021790604921503923
0.7771777654256177,0.7781041660728244,0.021314885331987176
0.7756993147982308,0.7783183370966233,0.02027284588426511
0.7756993147982308,0.7789425920687043,0.020563035635872116
0.7756993147982308,0.7800451522576328,0.020452289598204193
0.7750048703537864,0.7811843515093237,0.021467301419590593
0.7720772583008231,0.7822608275056566,0.020350498730498816
0.7705533105504603,0.7836317437840356,0.020646431168396567
0.7705533105504603,0.7847683376896291,0.02029180336958892
0.7689840797812295,0.7844226837937909,0.020475343900227507
0.7668256984974969,0.7851404301452887,0.02142688166361063
0.765225698497497,0.7859698423586325,0.021765394393141055
0.7638220341948965,0.7878852421199102,0.019391727859669663
0.760063652911164,0.7881822641866053,0.01927741221040897
0.760063652911164,0.7881822641866053,0.01927741221040897
0.7592944221419332,0.7880163441600582,0.019206412885161544
0.7584944221419333,0.789575518466496,0.018903598373094698
0.7569852022837772,0.7904513652707703,0.018351997796750272
0.756230485302645,0.7921215654358138,0.01768755804985189
0.7547210513403809,0.7929691810195975,0.016556790246097852
0.7539518205711502,0.7940486432138757,0.01572887241022307
0.751688145357475,0.7954269779803317,0.014416999519084841
0.7494697531626677,0.7949558894973223,0.014326773209935405
0.7486697531626676,0.7954644746697734,0.01538691235151116
0.7471913025352809,0.7963469522698373,0.013257919881837239
0.7456528409968193,0.7979075749348905,0.014215495719994845
0.7434489625901108,0.7986463388038987,0.013680649867714105
0.7411545181456664,0.7993834079513855,0.01365635977558403
0.7404452982875103,0.799225673458887,0.013463958062987674
0.7396452982875102,0.8009457986442576,0.01343178152935379
0.7374721415900661,0.8017128628827486,0.011970744031144693
0.7374721415900661,0.803645483698137,0.01255784631057854
0.7367629217319102,0.8041936982201507,0.013041981208860144
0.735208204750778,0.8045813076561391,0.014096602175456743
0.734498984892622,0.805110269627894,0.01398331065336579
0.7308316453763464,0.8043187804044418,0.013931067029476617
0.728613253181539,0.8065952088210834,0.01357721350280283
0.7278440224123083,0.8070695917273154,0.012288391370762588
0.7270440224123083,0.8095338834525384,0.013874843334607279
0.7262747916430775,0.8128442653583452,0.014501995914187514
0.7240563994482703,0.8123918713147151,0.01437362985058572
0.7217471795901143,0.8125234053892838,0.014675191248404638
0.7201779488208834,0.8162796662871677,0.01382067300354737
0.7149554165937546,0.817283457485652,0.014115689135655765
0.7134609721493101,0.819042601213598,0.014908346239381145
0.7119825215219233,0.8194881964456556,0.015193690987208458
0.7098844127748783,0.8204844902677175,0.015297086842757523
0.7060660205800711,0.8219065757367296,0.017278942588921188
0.705311303598939,0.8247598884872349,0.017980028263384015
0.7030018696366749,0.8263384832493692,0.016804965800190155
0.6983702295786197,0.8290650159080759,0.01660779336669905
0.6945513616540915,0.8298091011431996,0.017632392301659496
0.6915474832473828,0.8314379339804662,0.018645452029144697
0.690778252478152,0.8358508977930942,0.01957481186180217
0.6847719756936937,0.8346674791539715,0.019536007648121682
0.6809535834988866,0.8385148323671137,0.022529156970917664
0.6778749187673917,0.8424795808973989,0.022654893421367055
0.671175677567448,0.8427203226314106,0.022347790358014267
0.6620144696977495,0.8441560835551142,0.024016025029359178
0.6560229208054981,0.8470520162506631,0.024279690414446012
0.6471185352739949,0.847814266388144,0.023852089224584382
0.6373683909939029,0.8501060364386227,0.02399707047514417
0.6246746408437898,0.8546315843379169,0.027145681236715506
0.6179281608662982,0.8565016287414593,0.02687191802598631
0.6087363978699386,0.8579778587862339,0.027200680645601074
0.5959238918225269,0.8645309714353833,0.027712191079889807
0.5847260661458172,0.8702375556925042,0.02552156386866173
0.5770900719513324,0.8765323887819418,0.026401664863300017
0.567988827471204,0.8817979367325182,0.023763060137138317
0.5558395209077466,0.8872680129071459,0.026863889197613827
0.5362510315769248,0.890846091815319,0.02802469692324391
0.5187448712801984,0.9003024887050616,0.02554259412061559
0.5031845718089396,0.9087829268323233,0.030429962394283284
0.47612555970725384,0.9091677659996327,0.030844771874035084
0.46421856169389286,0.915986113527383,0.033433203189532135
0.4410229578619783,0.9207348004763641,0.03732467192899024
0.4156839675824421,0.9158151841061188,0.03465905040923442
0.3894259069401984,0.9246862078950123,0.04160343798332138
0.36289856097335027,0.9354478632254406,0.04967833490356869
0.3298224028725635,0.9381090138623229,0.04678628855613892
0.3028711108709302,0.9447063342412179,0.04644022320079833
0.2813543714637653,0.9468302883557123,0.045178189019575404
0.25657731199840794,0.9548189857007412,0.03698414691755029
0.22357636843062373,0.9601767047932583,0.033484640409581615
0.1838545553737043,0.9650796350961457,0.03094909181096419
0.14810056373886163,0.9741382934005884,0.021400777369325226
0.11266068376068375,0.9821587725999491,0.015655639636335025
0.07228581560283688,0.9714589783281735,0.025035589166590187
0.03924562647754137,0.9888888888888889,0.022222222222222233
0.022990543735224585,1.0,0.0
0.008333333333333333,1.0,0.0
0.0013888888888888887,1.0,0.0
0.0,1.0,0.0
0.0,1.0,0.0
0.0,1.0,0.0
0.0,1.0,0.0
0.0,1.0,0.0
0.0,1.0,0.0
