recall_ave_seq,precision_ave_seq,std_precision
1.0,0.23555166374781086,0.01230913022122983
1.0,0.23555166374781086,0.01230913022122983
1.0,0.23555166374781086,0.01230913022122983
1.0,0.23555166374781086,0.01230913022122983
1.0,0.23555166374781086,0.01230913022122983
0.9915384615384616,0.25258032720520285,0.03229571878540725
0.9846153846153847,0.27123578724652625,0.06842875554983867
0.9690141946906298,0.3054479800484172,0.0861254080019329
0.9417456218454813,0.3837867288072485,0.10278048846782034
0.9114690578389896,0.44170248305030907,0.11754331647147595
0.8957712330200689,0.49259063562512057,0.1174405281914596
0.8814486218763617,0.5357096918012564,0.09354505284667572
0.875380806630365,0.5795147575633502,0.078591671347213
0.8672751551740111,0.609969564278966,0.071705612364952
0.8635768323228581,0.6323980437831334,0.06451263247411074
0.858369503717657,0.6486244688329224,0.05828920686499379
0.855305828503982,0.662353464771943,0.0567545474219018
0.852318158018439,0.6719369539552768,0.054567671644748995
0.8500997658236319,0.6821977352566926,0.051414733897989666
0.8449232539707049,0.6906472861612569,0.048527977189463875
0.8441232539707049,0.6975750894447504,0.04601281813933203
0.83798086650403,0.7050564240823977,0.047036142272528246
0.8365024158766431,0.7091183467191217,0.04677569869053128
0.8349024158766432,0.7141307304038194,0.04513074037004247
0.8325639543381815,0.7173531565395157,0.04642289179631579
0.8301639543381814,0.7199745482398966,0.047364836971928226
0.8270855037107946,0.7239683575859156,0.048005709939809266
0.8263910592663504,0.7272811567921682,0.046229927046042736
0.8255910592663505,0.732906372522556,0.04351213652071779
0.8226474533963295,0.7354055128119557,0.04258467860107344
0.8218927364151973,0.7372032036684877,0.04287792648762414
0.8203835165570412,0.7396661781293331,0.041810826031737094
0.8182706323962847,0.7420194699573092,0.040421017070686106
0.8175614125381288,0.7452272782537662,0.03893634103791749
0.8175614125381288,0.7469860998337599,0.036875883972063685
0.8161577482355282,0.7486310680513546,0.03595238412546446
0.8133049225073512,0.7494994396672554,0.03496142987653889
0.8117356917381204,0.7547889477547811,0.03509218516390719
0.8117356917381204,0.7590682838848822,0.035376064283253905
0.8103172520218085,0.7601761519425957,0.0333127832090089
0.8103172520218085,0.7613320491854494,0.033853568674593784
0.8081283631329195,0.762962800344095,0.03403102888865993
0.8057591323636887,0.7637838040290461,0.03257494516945278
0.8041591323636886,0.7652318217990122,0.03521514480297612
0.8033591323636887,0.7661580878394066,0.035913617113746146
0.8026499125055327,0.768836512352227,0.036781512755714105
0.8003114509670712,0.7688728733585808,0.03698939636201712
0.8003114509670712,0.7695443456603484,0.03803443039371075
0.7988330003396843,0.7714672484152232,0.038507272401137604
0.7980637695704536,0.7724296155180734,0.038900675440289745
0.7958000943567785,0.7731595107076579,0.0403232137166188
0.7927964300541779,0.7735805612652132,0.04024761825378754
0.7919964300541779,0.775462620921685,0.03985357176295993
0.7912872101960218,0.7769507453981547,0.03964244486248194
0.790517979426791,0.7779488127305131,0.04005342826642094
0.789763262445659,0.7787347746933164,0.03924278790765029
0.7890688180012145,0.7791391165210377,0.03849367844447386
0.7883141010200825,0.7794531016761614,0.03817343621801949
0.7875141010200825,0.7799498572433715,0.039417270686610134
0.7875141010200825,0.7815552559544618,0.0386626786032868
0.7868048811619264,0.7820171886923728,0.03851369512881965
0.7860356503926956,0.7828380665466599,0.037552825658591756
0.7860356503926956,0.7838358590411411,0.03667917628666806
0.7852664196234649,0.7853516411491993,0.035651581383471034
0.7823533213586004,0.7872532106502351,0.0376903350957731
0.7823533213586004,0.7883753341407798,0.03634418869353641
0.7823533213586004,0.7896783066528972,0.037838619791877526
0.7815840905893696,0.7905890486853122,0.036744812885378425
0.7808293736082376,0.7916621455638801,0.03754998781771256
0.7800293736082374,0.7931511447250916,0.037068425667655745
0.7792293736082375,0.7929595738438656,0.03728781289785062
0.7776293736082376,0.7944916912598698,0.0380626826605575
0.7768293736082375,0.794297138730687,0.03828645516789324
0.7768293736082375,0.7956216475189588,0.038787287473871924
0.7761349291637931,0.7966076629083536,0.038627817284644116
0.7761349291637931,0.7972075301943523,0.03903579847182852
0.7761349291637931,0.798436939109081,0.03878533867763049
0.7761349291637931,0.8001766212352772,0.03753838781464932
0.7761349291637931,0.8022659291224932,0.03919904323594876
0.775380212182661,0.8028604209640436,0.040569935396253205
0.774670992324505,0.8051114996628348,0.03849653797117686
0.7739162753433729,0.8055822925073333,0.03857887458785091
0.7723923275930101,0.8052633268317928,0.03875412367289455
0.7702646680185421,0.8060604511465825,0.03701343919281647
0.7702646680185421,0.8079783336546493,0.038069600894135705
0.7687262064800805,0.807660873337189,0.038128144914084464
0.7672625312664053,0.8086678874788781,0.037904740638601726
0.7642296252834992,0.8093611041270877,0.03886603363827455
0.7634296252834993,0.8103329830869528,0.03888606165188166
0.7627351808390548,0.811445315003329,0.03844693223385137
0.7620259609808988,0.8119912807068757,0.03815948634030499
0.7620259609808988,0.8131680085683751,0.03696746952937034
0.7604259609808988,0.8146236257782862,0.03549515310793244
0.7596712439997667,0.8176360512891035,0.03663861741387455
0.7589165270186345,0.8181155303363538,0.037143469145397366
0.7582220825741901,0.8179954617257191,0.03706854757107105
0.757467365593058,0.8197076873624607,0.035327048973521145
0.757467365593058,0.8197076873624607,0.035327048973521145
0.756667365593058,0.8201838778386511,0.03484630793532533
0.7559729211486136,0.82188212334505,0.0331317581151855
0.7559729211486136,0.8243613272805483,0.032306215958219885
0.7544344596101521,0.8247214095850749,0.03216164681447593
0.7522455707212632,0.8268432279425093,0.030378793893224742
0.7514763399520324,0.8273763917932941,0.03020494429579796
0.7506763399520324,0.8271981775725268,0.030418035100132645
0.7476884553623815,0.8272491994079862,0.030073032546867755
0.7461792355042254,0.8295692918693123,0.03028230884289376
0.7454245185230933,0.8307937981913973,0.02865568072247236
0.7446552877538626,0.8306410431450253,0.028707994975044903
0.7446552877538626,0.8313016168487625,0.029153631398235305
0.741742189488998,0.8321443751262944,0.02881298842415889
0.7403385251863975,0.8319159742768217,0.028548566273145642
0.7403385251863975,0.8346750475733181,0.02866452602611615
0.7403385251863975,0.8359999125999071,0.027362575302046863
0.7388748499727222,0.8357375496235487,0.02732929157402454
0.7381656301145663,0.8356223422502769,0.0271618094749362
0.7381656301145663,0.8356223422502769,0.0271618094749362
0.7381656301145663,0.8356223422502769,0.0271618094749362
0.7374564102564103,0.8369298848076859,0.025956767551031112
0.7345128043863893,0.8377135970487185,0.02612954925964925
0.7330491291727141,0.8381717774631404,0.02535180579738591
0.7323546847282697,0.8395985523865257,0.026135734012903925
0.7301055233026931,0.8391753948418625,0.026346030733770176
0.7294110788582486,0.8405181460130777,0.025297924303219307
0.7248234558942107,0.8396309188994154,0.025766093663174932
0.7226197915916102,0.8414648899006117,0.024092633320002957
0.7212161272890096,0.8426145068217341,0.02295142486945116
0.7197524520753344,0.8437498964169757,0.02148407795971774
0.7169144017608691,0.8461182782554175,0.021095945197594865
0.716159684779737,0.8467325790549396,0.02104693949334933
0.7146504649215809,0.8472307306248739,0.02038151740884152
0.7131865280822929,0.8477094036925739,0.02104735799105183
0.712386528082293,0.8506583068855307,0.01986102464060948
0.7100172973130622,0.8502129235683554,0.02005709869602803
0.7085533604737739,0.8515007887313679,0.0203503950235081
0.7070894236344859,0.8536494631815952,0.019820110554724425
0.7033911007833329,0.8545757988610696,0.02072225269127118
0.7004489749422709,0.8571368279470368,0.0199889141805454
0.6981850381029828,0.856727430108233,0.020148728369784846
0.6966610903526199,0.8579980243214329,0.02216066109442583
0.6937332166740438,0.857452484096459,0.022507336696293366
0.6914387722295993,0.8594046856295561,0.021824982558486344
0.6862765125391581,0.8609715726777205,0.022433818127392726
0.6834089113972694,0.862865639225404,0.022058317393186228
0.679772341111763,0.8629832283555687,0.020388482106457287
0.6729512889135931,0.8648288281450961,0.019571075458732247
0.6684541844657863,0.8655510623270757,0.019631226337648477
0.6624171384505588,0.8662252602809171,0.021199831368322805
0.6558366531479137,0.8658011531896614,0.019833604925598824
0.6512943132027436,0.8658256229152717,0.021170176636386668
0.6460574812916241,0.8673100059923277,0.018285782855430727
0.6378473261004574,0.8675748168636529,0.019834418247567712
0.6333190242136649,0.8682407436117107,0.01875279847577818
0.6258345584274327,0.8695585261340313,0.018216003628007304
0.6213067322703613,0.8712713600932018,0.01504391804640655
0.614500455485903,0.871781553838078,0.013481190010889363
0.6092779232587744,0.874491798454047,0.013702168967800748
0.6011132651905835,0.8749298633625114,0.013654086382217916
0.593643574818063,0.8774039776075938,0.014204635189817358
0.585568264384262,0.880802960713267,0.012051152460192423
0.5718644549437805,0.8854644037955011,0.00853529279083622
0.5553530552724852,0.8891045977116019,0.009369754028018913
0.5334861153142767,0.8911271865773749,0.012097999704930085
0.5220146832871844,0.89483061793551,0.010782257557944716
0.4984247139274037,0.8962479679179228,0.016374415500039454
0.46218485024721473,0.9023553239999031,0.014754069784966404
0.41910951562376697,0.9120478111368502,0.017174335001356185
0.36237249997426635,0.9275052827116388,0.03745859053623091
0.30110628296053826,0.9118517447464815,0.05166698857825876
0.2782873522458629,0.946675870885267,0.04578207765475081
0.2502220858337879,0.9531597222222222,0.03967466315679237
0.2248465630114566,0.9518816510055558,0.04071413700942621
0.16707628659756318,0.9594155050134507,0.037791785731008054
0.13228427895981087,0.9648637820512821,0.04304973112022118
0.1204048463356974,0.9651450189155106,0.042813515513142775
0.10155141843971631,0.9715549936788875,0.034838449066737075
0.08342198581560284,0.9763895720609936,0.029198189442897815
0.0658983451536643,0.9893617021276595,0.021276595744680857
0.0496306146572104,0.9864864864864865,0.027027027027027018
0.03687943262411347,0.9824561403508772,0.03508771929824563
0.02127659574468085,0.9818181818181818,0.036363636363636376
0.0056737588652482265,0.9777777777777779,0.04444444444444447
0.0007092198581560283,1.0,0.0
0.0,1.0,0.0
0.0,1.0,0.0
0.0,1.0,0.0
0.0,1.0,0.0
0.0,1.0,0.0
0.0,1.0,0.0
0.0,1.0,0.0
0.0,1.0,0.0
0.0,1.0,0.0
0.0,1.0,0.0
0.0,1.0,0.0
0.0,1.0,0.0
0.0,1.0,0.0
0.0,1.0,0.0
0.0,1.0,0.0
0.0,1.0,0.0
0.0,1.0,0.0
0.0,1.0,0.0
0.0,1.0,0.0
