recall_ave_seq,precision_ave_seq,std_precision
1.0,0.14041745730550284,0.012813618987578088
1.0,0.14041745730550284,0.012813618987578088
1.0,0.14041745730550284,0.012813618987578088
1.0,0.14041745730550284,0.012813618987578088
1.0,0.14041745730550284,0.012813618987578088
1.0,0.14041745730550284,0.012813618987578088
1.0,0.14081231970692434,0.012452793183792308
0.9869731800766284,0.1449147742178659,0.01123212163451354
0.9680204342273309,0.15657695565147645,0.018117421211361937
0.9486240505478255,0.17450135012262855,0.03419179877290839
0.8601919287944696,0.20281342645729206,0.035244983617358575
0.762184877030612,0.2408136052211082,0.03617288423543165
0.6862248620506334,0.2767425318277227,0.028102848909683866
0.6361390239793143,0.302146000469636,0.030684701630204987
0.6042911004435505,0.33186017698016707,0.026177955640286632
0.5589159942698962,0.35403321162272994,0.02815374001128399
0.5241425926362406,0.37981540935562763,0.03242173171066658
0.49572536356565394,0.3958807348887331,0.03348200134418401
0.4823355148582008,0.41531614426450625,0.039812638115896075
0.45977435752390383,0.421379431998948,0.04266559684848063
0.44815631904561126,0.4388974737516554,0.047018639353884124
0.440931691820984,0.4556687440463431,0.04850673230584865
0.43011768362040587,0.4665525503394333,0.05873632678150792
0.41930884333788143,0.4739096553425911,0.06146173477204827
0.40578988397500193,0.48218262608848167,0.06350952730302924
0.3979925082647406,0.4847209780420877,0.06606792732830502
0.38821898005201094,0.4890851253084998,0.06221224767519773
0.3832017871219323,0.4947824375770892,0.06972758557176967
0.37948329549055504,0.5003676783397181,0.07363154040637894
0.3714546379882133,0.5066310686375113,0.06931397818802323
0.3644343530368939,0.5113311860447631,0.07318227872031047
0.3562444774422996,0.520402693514715,0.07553304321693775
0.3539052961557499,0.525547394775409,0.07740073685128454
0.35112511337556707,0.532565467980367,0.07731574492968832
0.3451991874496412,0.5377122724767579,0.07333963758001878
0.33418062746556393,0.5394894621620464,0.06924223612735507
0.32707973346811825,0.5465811816362612,0.07455220928812654
0.32453083248001574,0.5455919162078049,0.07687303792943809
0.3189920290101778,0.5517349607672187,0.06644077727972197
0.3145475845657334,0.5561915327101913,0.06946916049501066
0.3118695729222045,0.5581336627963178,0.0674435214879339
0.3008995145474274,0.5663027773539048,0.07081715973039057
0.2994180330659459,0.5729717799930566,0.07651181014907753
0.29655724123963695,0.5708957772145629,0.07438561710571133
0.2900585668280768,0.5796207415772633,0.08415874747960728
0.2900585668280768,0.5831183993555127,0.0832263444351536
0.2830382818767574,0.5831818181818182,0.08264925836432314
0.27760702697181827,0.583766137687272,0.08432537344423435
0.2761255454903368,0.5873295642206291,0.08237754702731807
0.2761255454903368,0.5887522728389601,0.08272511002486796
0.271992991884099,0.5899233786404496,0.0809887145163073
0.2706942905853976,0.5916364559898962,0.08162325777779585
0.2692128091039162,0.5962719253996475,0.08016566937789754
0.26773132762243473,0.5960267374901521,0.07762656801656213
0.26526303568045856,0.6005612014453479,0.08403877499956723
0.26123265321087463,0.600177249238093,0.08541490621363904
0.2600630625675998,0.6084071231483085,0.09242228212580114
0.2559035694425894,0.612945303065843,0.09506023513407987
0.2533061668451868,0.6137815270274871,0.09571403395895779
0.25192685650035923,0.6142253991498607,0.09482987000945356
0.25054754615553165,0.6173137522382138,0.09989758309364484
0.24620527284774107,0.6152916683242499,0.0957872841628922
0.2434250900675583,0.6244924585218703,0.10080308361059231
0.24194360858607683,0.6290446944359989,0.1033579214238002
0.24194360858607683,0.6290446944359989,0.1033579214238002
0.23611985379680478,0.6256544368873136,0.09935548450477696
0.23206253180844832,0.6242424242424243,0.09990165888449459
0.23076383050974703,0.6261729261729262,0.09895117133748255
0.22668494643086295,0.6307526342735768,0.09253617748256053
0.22382415460455385,0.6418858103415824,0.09848843076336732
0.222654563961279,0.6473387482083134,0.09322532434017823
0.21740608923912008,0.6503231308601145,0.10512667052229682
0.2144431262761571,0.6551411795751418,0.10899886717146881
0.21306381593132953,0.6580536130536131,0.10624224565040657
0.21158233444984806,0.6586041409570822,0.10250677020632014
0.21020302410502048,0.6639904106014163,0.11226087266326945
0.20755195198026416,0.6719537480063795,0.12568328949682228
0.20607047049878266,0.6722072072072072,0.12413531787816182
0.2032096786724736,0.6715229255544026,0.120920741526054
0.2004294958922908,0.671070889667584,0.11872817761355953
0.19639911342270688,0.6683012394511965,0.11825937425335958
0.19364049273305173,0.6659613379733639,0.11827059741864362
0.1895079391268139,0.6630213903743315,0.11583690434045689
0.18516566581902336,0.660952380952381,0.1134431018818485
0.18256826322162073,0.6606734795259385,0.11195785353935213
0.18009997127964458,0.6596032094276938,0.11590634153268563
0.1773197884994618,0.6567622086205913,0.11444404843065563
0.17456116780980663,0.6589002940390271,0.113135403639242
0.17307968632832518,0.6593782129742962,0.1092268101876641
0.17178098502962386,0.6665392607550384,0.11209919839109819
0.16918358243222129,0.674344101037197,0.11513031235497813
0.16770210095073979,0.6771772104477934,0.10935421670557614
0.1662206194692583,0.6800693127837223,0.11036208404688871
0.16375232752728217,0.6837964973223332,0.11594285435842092
0.16375232752728217,0.6961514392991239,0.12794631469910464
0.16245362622858087,0.6969947190085167,0.125228859701174
0.16115492492987954,0.6953295941241504,0.12633166429552947
0.1596734434483981,0.6965643198985181,0.12242041873250722
0.15702237132364175,0.6924586288416076,0.12376635913375486
0.15702237132364175,0.6952869116698903,0.12228168931908337
0.15564306097881414,0.6940843214756258,0.12202855875534818
0.15426375063398656,0.6928282828282828,0.12181432896733065
0.15296504933528526,0.7060820058494477,0.13778023457410918
0.1501848665551025,0.7064435564435565,0.13739648217242592
0.14763596556700004,0.711186254975251,0.1413943519390016
0.14763596556700004,0.711186254975251,0.1413943519390016
0.14633726426829874,0.7093569866825681,0.14243454985470758
0.14495795392347116,0.713935913935914,0.13660227972514588
0.14248966198149499,0.7153267784846733,0.14496338718989515
0.1411103516366674,0.720204133374865,0.13892458996317292
0.1386420596946913,0.7190458322165639,0.14243419699996068
0.13461167722510736,0.713013653013653,0.1463170850936683
0.13461167722510736,0.713013653013653,0.1463170850936683
0.13214338528313122,0.7077771493212671,0.15214481523714898
0.13214338528313122,0.7077771493212671,0.15214481523714898
0.13214338528313122,0.7183126550868486,0.14576115607372173
0.1294653736396023,0.7147448413216664,0.14656935988832664
0.1294653736396023,0.7179706477732793,0.14154395679548518
0.12668519085941954,0.7183115373437954,0.14082544042456635
0.12668519085941954,0.7183115373437954,0.14082544042456635
0.12252569773440916,0.712929292929293,0.13987240384803842
0.11966490590810011,0.7140431407672787,0.13663771891171364
0.1169868942645712,0.7167834722821935,0.14248397268374818
0.11272523000290695,0.710825340237105,0.1415027379685727
0.10887762771610321,0.7027455303317373,0.14835062950172076
0.10739614623462172,0.7052834091196161,0.14598701003257247
0.10739614623462172,0.7087316849816849,0.140801689658271
0.10591466475314024,0.7065094627594627,0.13782157848813953
0.10060714307538263,0.7072039072039071,0.14421158761244954
0.0980582420872802,0.7134004884004883,0.15440405316458478
0.09550934109917777,0.7122042788129745,0.1580847568166622
0.09291193850177518,0.7272244180939833,0.15133749897701196
0.09015331781211999,0.7307026789635485,0.15276358768425047
0.0886718363306385,0.7351843376557335,0.1482987411669936
0.08441017206897425,0.7273188405797102,0.145835129163486
0.08292869058749278,0.7237474120082815,0.14235181727629356
0.07900047925456273,0.7145598845598846,0.14846482461321217
0.07900047925456273,0.7257309941520468,0.13823937801629058
0.07356922434962362,0.7269281045751634,0.14174700136842877
0.06774546956035159,0.7167507002801121,0.13631481061498044
0.06774546956035159,0.736750700280112,0.12046451586169889
0.066366159215524,0.7583974358974359,0.10343468656728673
0.059324312173676966,0.7474825174825176,0.07744274559267185
0.05802561087497567,0.7536363636363637,0.08010323917058436
0.05654412939349418,0.75,0.07745966692414837
0.05537453875021934,0.7530769230769231,0.0715177803025813
0.05282563776211689,0.7438095238095238,0.08229420150233568
0.046015072512350194,0.7139471639471638,0.08602065378389286
0.046015072512350194,0.7248562548562548,0.06480264925113867
0.043466171524247754,0.7121212121212122,0.07990339540140837
0.039489458582017564,0.6954545454545455,0.07894958799866315
0.035329965457007194,0.6761111111111111,0.07567800535047921
0.02693574758910512,0.6042857142857143,0.10317411477295878
0.025766156945830267,0.5900000000000001,0.12016994768464624
0.025766156945830267,0.6242857142857142,0.08985248682009364
0.024467455647128968,0.61,0.1019803902718557
0.019138371878843746,0.5633333333333332,0.12666666666666665
0.017759061534016164,0.5761904761904761,0.09452111067275813
0.017759061534016164,0.7095238095238094,0.16246402008792363
0.017759061534016164,0.8761904761904761,0.1523809523809524
0.01497887875383338,0.8761904761904761,0.1523809523809524
0.012198695973650602,0.9428571428571428,0.11428571428571428
0.007958593802513948,0.9199999999999999,0.16
0.007958593802513948,0.9199999999999999,0.16
0.007958593802513948,0.9199999999999999,0.16
0.007958593802513948,0.9199999999999999,0.16
0.007958593802513948,0.9199999999999999,0.16
0.005199973112858775,0.9,0.2
0.0014814814814814816,0.8,0.4
0.0,0.8,0.4
0.0,0.8,0.4
0.0,0.8,0.4
0.0,1.0,0.0
0.0,1.0,0.0
0.0,1.0,0.0
0.0,1.0,0.0
0.0,1.0,0.0
0.0,1.0,0.0
0.0,1.0,0.0
0.0,1.0,0.0
0.0,1.0,0.0
0.0,1.0,0.0
0.0,1.0,0.0
0.0,1.0,0.0
0.0,1.0,0.0
0.0,1.0,0.0
0.0,1.0,0.0
0.0,1.0,0.0
0.0,1.0,0.0
0.0,1.0,0.0
0.0,1.0,0.0
0.0,1.0,0.0
0.0,1.0,0.0
0.0,1.0,0.0
0.0,1.0,0.0
0.0,1.0,0.0
0.0,1.0,0.0
0.0,1.0,0.0
0.0,1.0,0.0
0.0,1.0,0.0
0.0,1.0,0.0
0.0,1.0,0.0
