recall_ave_seq,precision_ave_seq,std_precision
1.0,0.14041745730550284,0.012813618987578088
1.0,0.14041745730550284,0.012813618987578088
1.0,0.14041745730550284,0.012813618987578088
1.0,0.14041745730550284,0.012813618987578088
1.0,0.14041745730550284,0.012813618987578088
1.0,0.14041745730550284,0.012813618987578088
1.0,0.14149905123339657,0.014699404829155814
0.9875727633259395,0.1515781675533869,0.02815319169148601
0.9614222250156914,0.17143099260024658,0.040069936316045024
0.8960751932076796,0.19928646244660358,0.04208803313831377
0.8173465359672256,0.22814385073258445,0.030954380236595143
0.7655881082015383,0.2620980856627611,0.02867174349028809
0.7346379009173928,0.290142160270306,0.028285174407781444
0.7151714535380597,0.31446953886107554,0.027906683295646946
0.6950031470176661,0.3338789889277019,0.03264538329123833
0.6500367777681753,0.3402429014605689,0.036689180702676016
0.6377680180946969,0.3524814024915093,0.03185230026728708
0.6296856910650014,0.36804419035399516,0.03545312548567838
0.6084743729752804,0.3750102461289986,0.030945191110724395
0.6005478866095926,0.3881271940823705,0.034392554200841925
0.5854668367191053,0.3931475336105822,0.03259599714808421
0.5798258621126134,0.4007947534709467,0.031075622615501716
0.5735099678838336,0.40902257788577634,0.03359245364107128
0.5651157500159315,0.4138436262646789,0.035224722500576275
0.5553422218032018,0.418447766073854,0.03477380534984963
0.5495184670139298,0.4243845982065233,0.03738561353300661
0.5454880845443458,0.43157870642437607,0.04184208546750651
0.5426272927180368,0.43682247204670493,0.04159423577255012
0.5411458112365553,0.4456699111791897,0.039862737141970965
0.5356070077667173,0.4510135023706453,0.03804678808885636
0.5274440716908957,0.4536597548303278,0.0335031546360315
0.5223247076241632,0.45758357037032493,0.03970563511903251
0.5195445248439804,0.46422700806766376,0.04395683959573062
0.5153044226728437,0.4683526301380245,0.04365094897975873
0.5113546492493861,0.4739295197174461,0.04526436079427848
0.5070929849877218,0.47753376407508796,0.04218601903421807
0.5016617300827828,0.47836535905483074,0.03997830063358564
0.49537277537277535,0.47943553438304526,0.040741305645111636
0.4942031847295005,0.4873416222251061,0.04070795458878297
0.49165428374139797,0.49101781262463595,0.04048018692625847
0.48757539966251395,0.4923451337486425,0.04057538709512085
0.483647188329584,0.495307473025866,0.03895554600677163
0.4782696029519986,0.4967309427658623,0.04034349508354644
0.47710001230872373,0.5008670976883776,0.038401149073832026
0.47710001230872373,0.5036297418981486,0.03721901874734896
0.4741370493457608,0.5075596562617022,0.03890019192872255
0.4711740863827979,0.5102631827332187,0.03322386748480975
0.46839390360261496,0.5165764650279242,0.0347636881132343
0.4657965010052124,0.5195785835333249,0.033961390498449616
0.46314542888045607,0.5193208527583527,0.03159492517085695
0.46166394739897465,0.5213438200082253,0.029048609195775794
0.4588031555726656,0.525154088976943,0.02672443334105088
0.4576335649293908,0.5306755448340347,0.02715300477159731
0.4576335649293908,0.5328504256294369,0.026036356619923755
0.4549824928046343,0.5327690582545436,0.024053230515168084
0.4491587380153623,0.5332262027618064,0.029401846790581464
0.44640011732570706,0.53464953797611,0.027936328342960653
0.4421600151545705,0.535580436090022,0.02668929279864565
0.4393798323743877,0.5370468906916008,0.02660643838896576
0.43789835089290624,0.541348182261495,0.02456457408078107
0.434077688124875,0.5419968936216935,0.028130387693146575
0.42877554387536243,0.5422141332845558,0.028543389033331996
0.42877554387536243,0.5448582258742284,0.026721984509325385
0.42336585106095087,0.5464887108091429,0.02484080522226821
0.4194160776374932,0.5463033562822719,0.028656682458609313
0.41559541486946205,0.5469834611031656,0.02762564920942095
0.4100350493090965,0.5473372875923415,0.022857144623011822
0.40597772732074,0.5452574561198256,0.023089193133303036
0.4022592356893627,0.5534974545155735,0.03161972585371641
0.4022592356893627,0.5588205153291176,0.03714512174006915
0.3981266820831249,0.5569149179937677,0.035759202158580965
0.3981266820831249,0.5590408034110481,0.03554403252359445
0.3943060193150937,0.558865968334139,0.04057392440360087
0.39027563684550987,0.5563058699725141,0.0418770254607078
0.38749545406532704,0.5545379972041596,0.04213692849514095
0.38632586342205216,0.5553248088661059,0.04332358896946127
0.38632586342205216,0.5619777029823758,0.04347445311241459
0.38502716212335086,0.5634212527692539,0.04333781822008241
0.38354568064186934,0.5673749469811008,0.041573288110695446
0.3810773886998932,0.5693326009495652,0.04668395682663946
0.3796980783550656,0.5686528728408087,0.04646981214849812
0.3785284877117908,0.5700030504412691,0.04832327922339447
0.3785284877117908,0.5729131652661066,0.04679089980264694
0.37426682345012646,0.5752303307611772,0.0530691970053226
0.3729681221514253,0.5773875810030181,0.05624861189675442
0.3687280199802886,0.5770273087346258,0.05404818952567664
0.367348709635461,0.5787736280700079,0.053502953489331186
0.36352804686742984,0.5799113767266394,0.05856346081301884
0.36352804686742984,0.5840730129979314,0.06019134874695471
0.35788707226093797,0.5826409495504177,0.05816493158720167
0.35640559077945644,0.5825734071007733,0.054951957791691194
0.35255798849265274,0.58697274213182,0.056805486590823864
0.35255798849265274,0.5892131792902899,0.06023724473391823
0.35138839784937786,0.5941127586671255,0.06139458678541874
0.34892010590740175,0.5933868837810886,0.06304412665104249
0.34892010590740175,0.5957721101922132,0.06343733112293493
0.34892010590740175,0.5957721101922132,0.06343733112293493
0.34658092462085205,0.598422123222661,0.06415929047237914
0.34234082244971537,0.6033674382301316,0.06373449300504053
0.33857382920903795,0.6050544131806055,0.06714954629692789
0.3329597941213186,0.6030087995669084,0.06399106354011855
0.3314783126398372,0.6036647903058626,0.06414200525323696
0.3286981298596544,0.6053922053768962,0.06667968704929769
0.3286981298596544,0.6065155073622671,0.06472189549705756
0.3272166483781729,0.6092845371879191,0.0626489910503959
0.321575673771681,0.607863557694073,0.060398357551307784
0.32027697247297976,0.6110512294104887,0.056530711532994125
0.3188976621281522,0.6116806379834676,0.05697092655423551
0.31751835178332455,0.6123371178929186,0.05745587242367816
0.31751835178332455,0.6155817726810219,0.057919372931293574
0.3149694507952221,0.6136572890025576,0.059652714962475165
0.31210865896891304,0.6183555636328217,0.059014725510837564
0.30784699470724874,0.6167476670844686,0.05952594208666655
0.3035047213994583,0.613685367988294,0.05870302501020163
0.3008536492747019,0.6139568839261227,0.06245057612564598
0.29539545485099017,0.6156237515145561,0.06151616729215602
0.29154785256418647,0.6126062463360078,0.0632750313166242
0.29037826192091165,0.615737559467321,0.06723600044960523
0.29037826192091165,0.6205172734242502,0.06488103173143135
0.2879099699789355,0.6230071301247772,0.06794031293244301
0.2852588978541791,0.6236218487394958,0.07272600951761819
0.28377741637269766,0.6237647058823529,0.07038685783066792
0.2823981060278701,0.6229523809523809,0.06999993521215013
0.279537314201561,0.6229011220526133,0.06962380717745088
0.27675713142137826,0.6206352824425114,0.06962474594989805
0.2725976382963679,0.6190650406504066,0.06745351633252572
0.27111615681488643,0.6193615104700954,0.06829612289601905
0.2648808716322328,0.6154268958564982,0.07314661102889952
0.2622028599887039,0.618604558317976,0.07161105084023167
0.26082354964387633,0.6223857699408726,0.06580848616804527
0.2570028868758451,0.6198349071719064,0.06917760270330384
0.2543518147510888,0.6236213786213786,0.06733183803815541
0.25170074262633246,0.6238970865200374,0.06439844171636985
0.250219261144851,0.6325919365721997,0.06249858354903351
0.2463716588580472,0.6327853853769655,0.06628283428128226
0.23839150296500566,0.6352314238273142,0.06592877043381958
0.23308398128724805,0.6305952380952381,0.06809648683503707
0.23160249980576658,0.6373534901082494,0.07174010323065733
0.22456065276391954,0.6321300041802999,0.06413360968806554
0.2207936595232421,0.6355466428995841,0.06708341950756955
0.21793286769693304,0.6411657754010694,0.06476013459043574
0.21369276552579639,0.6489877522809416,0.06567619361423191
0.21122447358382024,0.6513833886239546,0.07174803178470268
0.20678002913937577,0.6573824726505297,0.06716382026769424
0.20444084785282604,0.65554494847258,0.07060866910950178
0.1999964034083816,0.6668243727598566,0.06118731927201729
0.19713561158207255,0.6665361357761043,0.05448412100284889
0.19297611845706222,0.6652978220476515,0.05343051622998519
0.1836703217465468,0.6746886772957764,0.0640301238612103
0.1810729191491442,0.6798506775400228,0.06226162116837662
0.1797742178504429,0.6869322782480678,0.06357817454702473
0.17681125488747992,0.7022197906408433,0.060204380180605255
0.16841165959133292,0.7038249018249019,0.05948133972424316
0.1586111918598307,0.7079204319408924,0.06073938924738667
0.15325516857277294,0.7086919191919192,0.07260549639191019
0.15065776597537034,0.7332749167165031,0.07853282154192123
0.14124979812820102,0.7275722441809398,0.07758362832256507
0.12606657710105987,0.7371421306890414,0.0709454550044796
0.11818859234467219,0.735079365079365,0.07528295494744178
0.11116830739335275,0.7537237762237762,0.07965426355063933
0.10441141167093979,0.7806501831501832,0.10414536714171051
0.09788579774060718,0.7852380952380952,0.13291089542414866
0.09236855636129684,0.7929542920847268,0.12431954739938081
0.08555261368328518,0.8086868686868687,0.11017715835804946
0.07443188256255408,0.8129411764705882,0.10890104993723321
0.06912436088479645,0.800751879699248,0.11519010753800703
0.060934485290202164,0.8147058823529412,0.11032788154223687
0.05308344005258705,0.8107792207792208,0.10242431561110266
0.042323101379362724,0.7691919191919192,0.16036128987851422
0.04115351073608787,0.7869841269841269,0.16304114114610221
0.034133225784768434,0.9266666666666665,0.09043106644167023
0.025970289708946694,0.8833333333333332,0.1452966314513558
0.022149626940915507,0.9333333333333332,0.13333333333333336
0.015570343483229143,0.9,0.2
0.008265107212475633,0.9,0.2
0.005614035087719299,0.9,0.2
0.005614035087719299,0.9,0.2
0.005614035087719299,1.0,0.0
0.0014814814814814816,1.0,0.0
0.0014814814814814816,1.0,0.0
0.0,1.0,0.0
0.0,1.0,0.0
0.0,1.0,0.0
0.0,1.0,0.0
0.0,1.0,0.0
0.0,1.0,0.0
0.0,1.0,0.0
0.0,1.0,0.0
0.0,1.0,0.0
0.0,1.0,0.0
0.0,1.0,0.0
0.0,1.0,0.0
0.0,1.0,0.0
0.0,1.0,0.0
0.0,1.0,0.0
0.0,1.0,0.0
0.0,1.0,0.0
0.0,1.0,0.0
0.0,1.0,0.0
0.0,1.0,0.0
0.0,1.0,0.0
0.0,1.0,0.0
