recall_ave_seq,precision_ave_seq,std_precision
1.0,0.14041745730550284,0.012813618987578088
1.0,0.14041745730550284,0.012813618987578088
1.0,0.14041745730550284,0.012813618987578088
1.0,0.14041745730550284,0.012813618987578088
1.0,0.14041745730550284,0.012813618987578088
0.9840155945419102,0.1517626934888074,0.018880630045979334
0.9401169590643275,0.1782517542426778,0.05085610238879709
0.8970222491093635,0.19979041699237104,0.05672188820389579
0.8119725820996239,0.22585948852867538,0.043040861410162244
0.7674624038326398,0.2543410395322936,0.022446515824263522
0.7314193529801515,0.27837424973440383,0.02490139669822399
0.6796452643276599,0.29414609347704623,0.03292236503461183
0.6607271574966674,0.3043124149622572,0.033470908975900174
0.6446914045825117,0.31581319968785504,0.037049476219816274
0.6319064117975189,0.3264926318081721,0.03624892173267709
0.6251764555938785,0.3362955980117851,0.03975880470741756
0.6063822915002588,0.34361024468259316,0.044029032642600545
0.5909166507351625,0.34967098305224714,0.04373736139555148
0.5819766239003988,0.3576511159676261,0.04200161948581825
0.5548527187002686,0.3652959288483253,0.034598011834414126
0.5467703916705732,0.3739008613739633,0.035935890343573695
0.5394409569727174,0.3867287871628395,0.03718825753886544
0.5295868197138615,0.3929719848701648,0.03914641676851239
0.5214506136466209,0.3983835623188709,0.03313583294716043
0.5147691590522807,0.40716609595594494,0.029875336878309428
0.5106366054460428,0.41574342615522974,0.03259877804982875
0.4985775654741172,0.42254026478341544,0.03386551118724457
0.49579738269393436,0.4304038905468346,0.03593920834587495
0.49038768987952286,0.43605493401481155,0.03642549693678052
0.4889062083980414,0.44412587970752726,0.035528022691599666
0.48635730740993893,0.4528333595136088,0.03651743398857373
0.48081850394010106,0.45691847379791045,0.03875349501552616
0.47444894018396744,0.45799672605361463,0.03821311230149911
0.4679233262536348,0.46211506823131066,0.039214044957648464
0.4621801805104891,0.4627989741752758,0.03509210878361044
0.45586428628170916,0.46545868542780006,0.03371902378773843
0.45438280480022775,0.47159576732530384,0.03317190329884214
0.44908066055071494,0.47592518592518596,0.03047046099614278
0.4477013502058874,0.479893807985186,0.02894621795790908
0.44346124803475073,0.4844204438127064,0.028828164397147547
0.44346124803475073,0.48983485741573185,0.02630324564971472
0.4391995837730865,0.4933653598264717,0.024411466498029614
0.43673129183111037,0.4965781987298027,0.02233747568617392
0.43013044628289643,0.49803098525770234,0.024409852878340552
0.4249841426973913,0.49860622909833596,0.02589047101593039
0.4235026612159098,0.4990618215402103,0.026574459067118254
0.41521061448466173,0.4971870927095746,0.026440512126805
0.41170184255483716,0.4994087783561468,0.026638540421875474
0.4073595692470466,0.5070403280120198,0.02028845935982807
0.40332918677746266,0.5109323754183568,0.01621187053697793
0.40099000549091296,0.5165204767658528,0.015177502979402653
0.3996106951460853,0.5208106302927412,0.020000557456119342
0.39812921366460385,0.5243964076858815,0.019008583992474237
0.3968305123659026,0.5283981136519582,0.01976693583594925
0.39396972053959356,0.5321061759725023,0.021140346940812075
0.39267101924089226,0.5369180891696173,0.015970937959015576
0.39020272729891603,0.5401573504288661,0.013969123308724508
0.38742254451873326,0.5437626873025534,0.015394193197763612
0.3846423617385505,0.5429155916547221,0.01666368636687723
0.3834727710952756,0.5454637834400272,0.018771738521256406
0.3834727710952756,0.546528010475128,0.019038656242905787
0.38199128961379414,0.547966640060531,0.02009771015904002
0.38199128961379414,0.5520095197332074,0.021832617480105405
0.379522997671818,0.5515564872748099,0.024007384065281023
0.379522997671818,0.5552006399397704,0.02870141178961332
0.3754926152022341,0.5564502694368055,0.029145461585310655
0.37271243242205127,0.5607406880513356,0.028477398475654205
0.3700344207785224,0.563990174974745,0.024314757734049237
0.36748551979042,0.5657596536409955,0.023694716392998468
0.36748551979042,0.5722383398278469,0.02430713362106575
0.3661868184917187,0.5756149830123143,0.02134927506927006
0.3634066357115359,0.5758702119214902,0.018626266699005144
0.36093834376955974,0.5765009030694228,0.01911772275374986
0.36093834376955974,0.5819393723497067,0.01756509821092459
0.3579753808065968,0.5837271741326874,0.01712723142175705
0.3564938993251153,0.5882816889200424,0.020673706265987104
0.3538158876815864,0.5937639789928948,0.020082631895767415
0.3481749130750945,0.5976568295209832,0.02125943777780838
0.3457066211331184,0.603901338313103,0.026394121503376767
0.3457066211331184,0.6053828197945845,0.025921446810073464
0.34071636772181235,0.6060571454689102,0.028255699044394785
0.33262866326387197,0.6100151377268083,0.031667024825816265
0.329665700300909,0.6117719065677024,0.02818825881812243
0.32563531783132504,0.6107660482427224,0.031580587150693125
0.3211908733868806,0.6074905640327561,0.028132880938357533
0.3211908733868806,0.6142568497330779,0.024969298579310205
0.31737021061884946,0.6208392604280455,0.030451116691271683
0.31588872913736793,0.62888331475288,0.028422036743972583
0.3145900278386667,0.6315039862098686,0.027212647473176147
0.31225084655211693,0.6302514152514151,0.02897131048890821
0.30959977442736064,0.6309198406771221,0.03195661544295195
0.30032091723561777,0.6244357578541473,0.03133266841848421
0.2962635952472613,0.6258241375482754,0.033373808027886934
0.29241599296045756,0.6300680674180946,0.03847548083172157
0.28677501835396574,0.6342034952532043,0.03836258297536408
0.2799913926229715,0.6370714674696479,0.04863217712350513
0.27583189949796116,0.638403637629872,0.04711572032402363
0.27336360755598504,0.6385272199065303,0.048210245354406475
0.26959661431530757,0.6449147869674186,0.05780454757252729
0.26387503066268947,0.6475205535205536,0.05664895633541179
0.2573278546418292,0.6465909090909091,0.06053025562253994
0.25594854429700165,0.6457288401253918,0.06086140158314145
0.2544670628155202,0.65203047885821,0.05694093938585545
0.2516868800353374,0.6652695258705489,0.05504078844847544
0.24882608820902835,0.6676876573396696,0.05472652714038354
0.24500542544099715,0.6708151403021894,0.06087317990145778
0.24074376117933288,0.6789710289710291,0.06179840240913404
0.23681554984640285,0.6906322863183328,0.07343518020556726
0.23257544767526622,0.6955301214382688,0.07465970629672879
0.2255551627239467,0.6924484309988268,0.06933915391725279
0.22290409059919042,0.703912265691841,0.06984328919415066
0.21500454375227518,0.7034332599178834,0.07987361010789806
0.20837675868528863,0.7040596124651852,0.08200183333311045
0.20265517503267047,0.7050209060735376,0.07419511465722588
0.19849568190766012,0.7079188109925816,0.07129451120969067
0.19030580631306585,0.7084522116101063,0.07177311607128918
0.18359741219995301,0.7313538713538714,0.09617185301461531
0.17667929838528748,0.7392792792792793,0.08990438517753085
0.16817753195248658,0.7352777042851123,0.0816228456154558
0.15647888442806773,0.7331576266870383,0.09423923509364704
0.15351592146510476,0.7342110762800418,0.08503605259477981
0.1423630829075475,0.7496585167316875,0.08663421823650104
0.1368512189564821,0.7424358974358976,0.09048448746640422
0.13139302453277044,0.7674753729242894,0.09572068561009339
0.1272335314077601,0.7827380952380952,0.10069908699908346
0.11589253523917771,0.7774116743471582,0.10410685853379394
0.10364533765622694,0.7733874820831342,0.11045686862927213
0.10216385617474548,0.7830769230769231,0.0940239313753095
0.09267527928144988,0.7728585049580473,0.09336308636578251
0.09150568863817503,0.7932581453634084,0.09773023482527053
0.08498007470784238,0.8120928263343125,0.11436313148548781
0.0795703818934309,0.8318874108347792,0.1078888593788899
0.07005486548136276,0.8303030303030303,0.11127627760743768
0.06459667105765109,0.8203174603174602,0.1090622896256655
0.06045874002316833,0.8226190476190476,0.11954657343460184
0.053960065611608266,0.8083333333333333,0.12801909579781015
0.05130899348685192,0.8006060606060605,0.1342448183656818
0.04704732922518766,0.792034632034632,0.13228961257048147
0.0428878361001773,0.7965034965034965,0.12152852285403605
0.035765380012203966,0.8425641025641026,0.14202073169585733
0.030226576542366018,0.9247863247863247,0.0946212136963969
0.030226576542366018,0.9388888888888889,0.08678055195451838
0.027446393762183236,0.9818181818181818,0.036363636363636376
0.02331384015594542,1.0,0.0
0.0191812865497076,1.0,0.0
0.01801169590643275,1.0,0.0
0.015048732943469787,1.0,0.0
0.011228070175438596,1.0,0.0
0.00709551656920078,1.0,0.0
0.005614035087719299,1.0,0.0
0.005614035087719299,1.0,0.0
0.005614035087719299,1.0,0.0
0.0044444444444444444,1.0,0.0
0.0014814814814814816,1.0,0.0
0.0014814814814814816,1.0,0.0
0.0014814814814814816,1.0,0.0
0.0014814814814814816,1.0,0.0
0.0014814814814814816,1.0,0.0
0.0014814814814814816,1.0,0.0
0.0,1.0,0.0
0.0,1.0,0.0
0.0,1.0,0.0
0.0,1.0,0.0
0.0,1.0,0.0
0.0,1.0,0.0
0.0,1.0,0.0
0.0,1.0,0.0
0.0,1.0,0.0
0.0,1.0,0.0
0.0,1.0,0.0
0.0,1.0,0.0
0.0,1.0,0.0
0.0,1.0,0.0
0.0,1.0,0.0
0.0,1.0,0.0
0.0,1.0,0.0
0.0,1.0,0.0
0.0,1.0,0.0
0.0,1.0,0.0
0.0,1.0,0.0
0.0,1.0,0.0
0.0,1.0,0.0
0.0,1.0,0.0
0.0,1.0,0.0
0.0,1.0,0.0
0.0,1.0,0.0
0.0,1.0,0.0
0.0,1.0,0.0
0.0,1.0,0.0
0.0,1.0,0.0
0.0,1.0,0.0
0.0,1.0,0.0
0.0,1.0,0.0
0.0,1.0,0.0
0.0,1.0,0.0
0.0,1.0,0.0
0.0,1.0,0.0
0.0,1.0,0.0
0.0,1.0,0.0
0.0,1.0,0.0
0.0,1.0,0.0
0.0,1.0,0.0
