recall_ave_seq,precision_ave_seq,std_precision
1.0,0.056097560975609764,0.002513175744036774
1.0,0.056097560975609764,0.002513175744036774
1.0,0.056097560975609764,0.002513175744036774
1.0,0.056097560975609764,0.002513175744036774
1.0,0.056097560975609764,0.002513175744036774
1.0,0.056097560975609764,0.002513175744036774
1.0,0.056097560975609764,0.002513175744036774
1.0,0.056097560975609764,0.002513175744036774
1.0,0.056097560975609764,0.002513175744036774
1.0,0.05611263711008888,0.002510103341804043
0.9951219512195122,0.05594535397408769,0.002563925553766035
0.9804878048780488,0.05850597689529038,0.005090449611571904
0.9613082039911308,0.08742218365294377,0.057758875552219605
0.9518847006651885,0.13669416553911043,0.10150604163315416
0.9084020007219099,0.19073836642920533,0.09817917553500681
0.8838727891507243,0.23881296256041332,0.10031647618399504
0.8633599686379039,0.2875363637939703,0.08350660025098561
0.8582317635096988,0.3244953096708848,0.05706705579231118
0.8535806007190011,0.34881593714927045,0.036322176417404525
0.8434523955907961,0.3621362055335303,0.0321508295535358
0.8383241904625909,0.3692869894873073,0.03150016068893694
0.8383241904625909,0.3789760408971753,0.03100216969117469
0.8383241904625909,0.38629837191702265,0.031090531193446742
0.8383241904625909,0.39433928212735053,0.027759423669443634
0.8383241904625909,0.40439052426078714,0.026814264877870152
0.8336730276718931,0.4123170556271381,0.024862199565330922
0.8336730276718931,0.420859680849364,0.030063996352123867
0.8291275731264387,0.42661761650735175,0.02960977280763298
0.8195983615552531,0.4299107905847405,0.02639780082813054
0.814470156427048,0.4341122495059596,0.030083842714523405
0.814470156427048,0.4365582571574468,0.031498660209600696
0.8093419512988429,0.4393674803422035,0.03137650083523765
0.7996682916251834,0.44108478540700985,0.03447040467254499
0.7996682916251834,0.446281298161589,0.036291341110070846
0.7996682916251834,0.45240345181134656,0.03892506032199315
0.7851165831710358,0.45622832029697513,0.04019809677549232
0.7799883780428307,0.46092543251237583,0.04411790048765388
0.7799883780428307,0.4677075653707914,0.04700812872823315
0.7799883780428307,0.4726711414381758,0.04343252049912371
0.7799883780428307,0.4726711414381758,0.04343252049912371
0.7799883780428307,0.47621099050203525,0.03936275469792607
0.7799883780428307,0.4789370092090667,0.04017929843969957
0.7754429234973762,0.48589743589743595,0.03995395114006656
0.7754429234973762,0.4885288461538462,0.03822633263307666
0.7754429234973762,0.49170572577140376,0.03835386167872336
0.770314718369171,0.4950024018379282,0.044306532319107146
0.770314718369171,0.4977086209375899,0.0393306246915831
0.770314718369171,0.5004987553342817,0.03714842684516805
0.770314718369171,0.502315797940798,0.037726351711851874
0.770314718369171,0.5054587953903023,0.04030624657581684
0.7656635555784733,0.5073541870316063,0.040076780897084385
0.7656635555784733,0.5093070489844683,0.04122134598830467
0.7611181010330188,0.511492333999942,0.042817530301259406
0.7611181010330188,0.5162258094796861,0.045657978627063084
0.7611181010330188,0.5162258094796861,0.045657978627063084
0.7611181010330188,0.5162258094796861,0.045657978627063084
0.7559898959048137,0.5228552589919304,0.04884619617094979
0.7559898959048137,0.5280822679814221,0.04951069334917937
0.7559898959048137,0.5297056446047987,0.04686940108609674
0.7559898959048137,0.533493645562611,0.04515694101518132
0.7559898959048137,0.5352185872875527,0.046309671663823236
0.7508616907766086,0.538604867540039,0.04892384539695809
0.7508616907766086,0.5426582234978068,0.051617170127299244
0.7508616907766086,0.5498219431145998,0.05073403113216731
0.7508616907766086,0.55187880941829,0.0523501927432657
0.7459836419961208,0.5501645237040044,0.051535252708529745
0.741105593215633,0.5483788094182901,0.05091850691237027
0.741105593215633,0.5501274432980715,0.050216829500405444
0.7364544304249352,0.5510799575624559,0.049854327276356775
0.7364544304249352,0.5510799575624559,0.049854327276356775
0.7319089758794808,0.5515658153425441,0.04822147654658584
0.7319089758794808,0.5515658153425441,0.04822147654658584
0.7319089758794808,0.5535330284572982,0.049926465549054264
0.7319089758794808,0.5553429832084295,0.04661269891434585
0.7319089758794808,0.5553429832084295,0.04661269891434585
0.7221296079605779,0.55360208097112,0.049293369935480745
0.7221296079605779,0.5576928372941812,0.05068916534461685
0.7221296079605779,0.5615754008459175,0.0473294502604274
0.7221296079605779,0.5636533229238396,0.04794054801506125
0.7221296079605779,0.5658082050787219,0.04894033584830463
0.7221296079605779,0.5658082050787219,0.04894033584830463
0.7221296079605779,0.5658082050787219,0.04894033584830463
0.7221296079605779,0.5680444035413353,0.050348279211535715
0.7221296079605779,0.5680444035413353,0.050348279211535715
0.7221296079605779,0.5680444035413353,0.050348279211535715
0.7221296079605779,0.5680444035413353,0.050348279211535715
0.7221296079605779,0.5700001858542605,0.04652255045937256
0.7221296079605779,0.5700001858542605,0.04652255045937256
0.7170014028323728,0.5677838737975229,0.050858890129838324
0.7170014028323728,0.5698190264339706,0.046876323144471654
0.7170014028323728,0.5723167137605202,0.0473874163604927
0.7170014028323728,0.5723167137605202,0.0473874163604927
0.7170014028323728,0.5723167137605202,0.0473874163604927
0.7170014028323728,0.5769593077177788,0.049676104034479564
0.7170014028323728,0.5769593077177788,0.049676104034479564
0.7170014028323728,0.5791955061803924,0.050573074867033094
0.712350240041675,0.5845326413920631,0.04903315385042577
0.712350240041675,0.5868704996122742,0.049804115883257505
0.712350240041675,0.5915240943835162,0.04668569374504042
0.7078047854962205,0.592907123978118,0.047116563738935156
0.7078047854962205,0.6020528541226216,0.046042385229895066
0.7029267367157327,0.6050591534711136,0.04835663641799789
0.7029267367157327,0.6076952078928823,0.05011623990698899
0.6885032333897904,0.6109120210333301,0.0514468060165595
0.6788295737161307,0.6096466541588492,0.05047613714902947
0.6742841191706761,0.6082137733142037,0.04984474476185897
0.6742841191706761,0.6138297153431893,0.05507442542880784
0.6694060703901883,0.6118784958309942,0.05535628610786818
0.6644060703901884,0.6190974221856574,0.05212790877220072
0.6644060703901884,0.6248460925039871,0.05278351574836891
0.6548606158447339,0.6280030372638346,0.046771504901729696
0.6394760004601185,0.6203107295715269,0.061658913235155176
0.6294697465514255,0.6250398743006716,0.05662974580300738
0.6245916977709377,0.6230230675779825,0.05562110322450448
0.6245916977709377,0.6262427645476796,0.04940187746725499
0.6194634926427326,0.6232185709992925,0.05524202652998164
0.605032961933132,0.6269410239687347,0.06155303550875107
0.5953817991424344,0.6350409907552764,0.05984929736209508
0.580747652800971,0.6349812843797806,0.06362328365906686
0.5756194476727658,0.6525503555678085,0.056087085972962664
0.5608633501117903,0.6566544805675241,0.04867119703541191
0.5511072525508147,0.6587961874918398,0.04892062517373682
0.5511072525508147,0.6674610974610975,0.04641403878702477
0.5321312672957597,0.672322934930034,0.04429102162609914
0.5224576076220999,0.6785858311683276,0.047284596502362865
0.5021949434569968,0.6946820878528195,0.04437472753363669
0.49706673832879167,0.701060606060606,0.042482643784925174
0.49193853320058656,0.6991148325358852,0.03852265995199772
0.4728476241096774,0.7361736560652969,0.08015847058286023
0.45771941898147234,0.7431624515835042,0.07645164607041961
0.4527194189814724,0.7575703965796845,0.07167651441447835
0.4378413702009845,0.7607926413808767,0.074270569420854
0.42819020741028685,0.7614425770308123,0.07180935466692898
0.4180620022820817,0.7665240175537659,0.05812930599671791
0.3944418816199871,0.7666666666666668,0.06399609721800874
0.3696337629094294,0.7328077939639805,0.06723037846373153
0.35998260011873173,0.7339766251328117,0.06737463644622123
0.3499826001187317,0.73425145012633,0.06978811229678898
0.3361348199918818,0.8047096908939014,0.10722618575699945
0.3133018390193659,0.8212694275034428,0.10254288405254584
0.3038783356934236,0.8216755793226381,0.10612524281555982
0.2887501305652185,0.8314285714285713,0.10697235110170646
0.27374387665652555,0.8409460105112279,0.1015120302998302
0.2595635022946424,0.8454545454545453,0.09131634198050362
0.23627597586758106,0.8487878787878789,0.08730428722286845
0.23173052132212651,0.8660685805422649,0.08851570469378545
0.18935208580415613,0.856969696969697,0.08061998310182934
0.16515546846800394,0.8475816993464053,0.1105811274156994
0.141307688341154,0.8083333333333333,0.16716591890826446
0.11847470736863816,0.7814285714285714,0.16373198607879316
0.10894549579745269,0.8581196581196581,0.129238004591014
0.09464317021605735,0.8191919191919192,0.18383838383838383
0.07546279585417418,0.9055555555555556,0.11600340565456166
0.05684267519207962,0.9714285714285715,0.05714285714285716
0.038011138039498786,1.0,0.0
0.019285309132161088,1.0,0.0
0.014634146341463414,1.0,0.0
0.014634146341463414,1.0,0.0
0.00975609756097561,1.0,0.0
0.00975609756097561,1.0,0.0
0.004878048780487805,1.0,0.0
0.004878048780487805,1.0,0.0
0.004878048780487805,1.0,0.0
0.0,1.0,0.0
0.0,1.0,0.0
0.0,1.0,0.0
0.0,1.0,0.0
0.0,1.0,0.0
0.0,1.0,0.0
0.0,1.0,0.0
0.0,1.0,0.0
0.0,1.0,0.0
0.0,1.0,0.0
0.0,1.0,0.0
0.0,1.0,0.0
0.0,1.0,0.0
0.0,1.0,0.0
0.0,1.0,0.0
0.0,1.0,0.0
0.0,1.0,0.0
0.0,1.0,0.0
0.0,1.0,0.0
0.0,1.0,0.0
0.0,1.0,0.0
0.0,1.0,0.0
0.0,1.0,0.0
0.0,1.0,0.0
0.0,1.0,0.0
0.0,1.0,0.0
0.0,1.0,0.0
0.0,1.0,0.0
0.0,1.0,0.0
0.0,1.0,0.0
0.0,1.0,0.0
0.0,1.0,0.0
0.0,1.0,0.0
0.0,1.0,0.0
0.0,1.0,0.0
0.0,1.0,0.0
0.0,1.0,0.0
0.0,1.0,0.0
0.0,1.0,0.0
