recall_ave_seq,precision_ave_seq,std_precision
1.0,0.10693950177935943,0.008651420484799444
1.0,0.10693950177935943,0.008651420484799444
1.0,0.10693950177935943,0.008651420484799444
1.0,0.10693950177935943,0.008651420484799444
0.9860321969696969,0.12539784182739794,0.027333615776591283
0.9618444055944056,0.16724242321841956,0.04984542260075
0.9201927933177932,0.20718773300118448,0.05055078838416545
0.8858061383061384,0.2491753927595798,0.02584339324915659
0.8586625874125874,0.277604605062603,0.01589042195073019
0.8363068181818182,0.2957063528156997,0.013199311953072427
0.8191273310023309,0.3142496473380076,0.012285936265909856
0.8023310023310023,0.3286621300382341,0.01225979262736262
0.7925439491064491,0.3388202824985762,0.013421955380396478
0.7752828768453768,0.3498416390357221,0.012530688222067257
0.7670155885780885,0.3644583452928875,0.018258948486658728
0.7620770202020203,0.37242187692835216,0.01758612751128514
0.753847125097125,0.38300541904713076,0.016161567812735013
0.7471369949494949,0.39018939458569635,0.014282529965631934
0.7406832750582751,0.3955694923602411,0.01593033927270369
0.7360431235431235,0.4041678644060487,0.01834471211911134
0.7360431235431235,0.41407491533660307,0.01946576474698709
0.7343764568764569,0.4215225934846022,0.01894895961180338
0.7311045551670552,0.42776027368096975,0.014424355826245381
0.725956925019425,0.43239753625234656,0.015270510894581434
0.7205482711732711,0.43639098327073034,0.01447363763133892
0.7152491258741259,0.4449423771597685,0.017708277252533888
0.7137339743589743,0.45090030592621877,0.01551171053116019
0.7070238442113442,0.453598957754952,0.016443812031300204
0.7039935411810413,0.459426995255061,0.022139468070028968
0.6970277292152293,0.46262034217268555,0.021752468058238012
0.6936516608391609,0.4638575251883645,0.022140986962413883
0.6903797591297591,0.4685151135015996,0.02295918691903267
0.6903797591297591,0.4703370227648227,0.02402782648689916
0.6887130924630924,0.473557333780242,0.024795441046376997
0.6833517871017871,0.47892723218810174,0.027235967385847798
0.6732228535353535,0.4803454344133229,0.02518614374875261
0.6699509518259518,0.48588678221063686,0.026697989393401483
0.6667217851592853,0.48748519861608564,0.026162636978350355
0.6647987082362082,0.4893056450353592,0.026749814401506474
0.6598601398601399,0.4909279671671086,0.027035342113727934
0.6564840714840715,0.49119817999205734,0.0267757306940288
0.6513791763791763,0.493895951720878,0.025673567247764643
0.6513791763791763,0.49880828849332,0.024954905996877042
0.6498166763791764,0.4988345837928655,0.02363642959476617
0.644815947940948,0.500141701809705,0.02219381041375731
0.6412262043512044,0.5031576062756878,0.020137457891400007
0.6366334013209013,0.5049674927048255,0.020541546490852956
0.6335557498057498,0.5071336071336071,0.02158911290486773
0.6284035062160063,0.5085144970434984,0.02114272865583178
0.6284035062160063,0.5119156082853451,0.021973921359692925
0.6249652777777778,0.5141316359317791,0.023516493175081768
0.6201782245532246,0.515303619093112,0.026696848034029098
0.6168021561771562,0.5152931976855422,0.027539651623366444
0.6152870046620047,0.5187576263249193,0.02720205658189569
0.6087432012432012,0.5186199024983358,0.02561713035956737
0.6021379662004662,0.5191420238613879,0.02509957026683149
0.6004712995337995,0.5193318413113797,0.026217743830184593
0.5956368978243978,0.523464883789372,0.021957577302120484
0.5904419191919192,0.5237923106407684,0.022292970124943107
0.5870231157731157,0.5292219775228871,0.023489564457918704
0.5837985625485625,0.5307196044870665,0.02434827563739261
0.580360334110334,0.5343179797210731,0.02580325533118968
0.5788451825951826,0.5372953538944696,0.02862318214923054
0.5754263791763792,0.5396845268974076,0.02970117541183023
0.5705351592851592,0.5417063930221826,0.030534917028844918
0.5670969308469309,0.5417299139888773,0.030273930087222158
0.5638723776223775,0.5442034593865955,0.028924331182366907
0.5604963092463092,0.5469659585784039,0.028150795693429764
0.5551971639471639,0.5481352633124129,0.027418261861113406
0.5534877622377622,0.5498830650922004,0.027699384696711803
0.5498552836052836,0.5533986837143164,0.030072340822792195
0.5483401320901321,0.5553388630788545,0.031368021035109786
0.5466307303807303,0.5561094443386612,0.030376628039256833
0.5450682303807304,0.5564326455699039,0.030755608260284596
0.541630001942502,0.5578747503416378,0.03229040721698431
0.5399206002331003,0.5626362982654929,0.03229729240466699
0.5365872668997669,0.5639588473991555,0.03041275490330996
0.5331016899766899,0.5665143833146044,0.029545759866389975
0.5294692113442113,0.5658367841041734,0.029007511133222533
0.5279067113442113,0.5696855792404243,0.028555856170431396
0.5262400446775446,0.5709093383213262,0.02661453042562372
0.5228639763014763,0.5722882961855316,0.029005945961673125
0.5213488247863248,0.5738178113874202,0.0318239885521522
0.5181196581196581,0.5736071445367028,0.03140186933167408
0.5148904914529915,0.5751508892879749,0.030460424664405787
0.5098477564102565,0.5775272862102673,0.03524234261937233
0.5083326048951049,0.578159024604636,0.03530335212518029
0.506409527972028,0.5814667668222656,0.03288567145478738
0.5044864510489511,0.5839946344735077,0.03133951347891567
0.5014087995337996,0.5855490212093984,0.03041904358080831
0.495853243978244,0.585982158840555,0.028850183141476932
0.495853243978244,0.5940717267189563,0.032101492656045894
0.487931721056721,0.5990163625997151,0.03677177998806971
0.4862223193473193,0.6036428571428571,0.03805679608021618
0.4829931526806527,0.6034957477510668,0.03847623049671169
0.481283750971251,0.6095798656659713,0.044285691632935775
0.4742084304584305,0.613807754789783,0.04477501150385212
0.47228535353535356,0.6195015862000595,0.04225765185890258
0.46544774669774674,0.6174123864641107,0.04352069022725631
0.46200951825951825,0.6179154325103362,0.04376780303594385
0.4550009712509713,0.6177057443145165,0.04595947575391086
0.44333284770784775,0.6282088154631186,0.042823017029251356
0.4414097707847707,0.6316908870256208,0.0461515648292865
0.4383321192696192,0.6358498236342076,0.048485696526201674
0.43151320901320905,0.6376179591307378,0.048159902520981554
0.43151320901320905,0.6442014348832436,0.047503290032522204
0.4281798756798757,0.6481669521246227,0.049055836390019356
0.4232264957264958,0.6540278129937,0.05220364278145213
0.41812160062160064,0.6592886258823519,0.057960390592602586
0.41029963092463095,0.662442232014999,0.04951738172657538
0.4031815753690754,0.6664232018871143,0.047245142773316734
0.39798659673659675,0.678367816091954,0.04951493607158959
0.39606351981351984,0.6860827588400404,0.04501719541519765
0.38602466977466976,0.6854723986899078,0.04428325422272994
0.3789493492618493,0.6916583408183684,0.05941295332201294
0.3774341977466978,0.6986827218554794,0.058617053480325504
0.36607930264180266,0.6992375096888142,0.06000743956344572
0.35770250582750585,0.702808322621974,0.06234485440805228
0.3528066724941725,0.7045041851995666,0.060492383210443305
0.342359897047397,0.7024085691752607,0.05801062155997016
0.32872668997668997,0.7038798721312156,0.06292584349976121
0.32378812160062165,0.7068330837765713,0.06741990608867675
0.31348824786324786,0.7108016276411324,0.06638134637411992
0.30662660256410257,0.717597975400702,0.057286678086304076
0.2965877525252525,0.7253787784720618,0.06275201071977392
0.2878931138306138,0.7270256195604629,0.06616432936152405
0.27968264374514373,0.7410124692173752,0.07108088098101964
0.2701039238539239,0.7381062641088916,0.06509688093128461
0.2553634906759907,0.7357416020671834,0.06826440765046266
0.24875825563325565,0.744479228594488,0.07405774885253401
0.24250339937839938,0.7582630654369785,0.06936124139825255
0.23053685897435897,0.7693115839688668,0.07690780410622271
0.2153885003885004,0.7637092731829573,0.08339177101906864
0.20705905205905206,0.7672072337707012,0.08807474176277161
0.19707774864024863,0.7635671184990173,0.08409346369234195
0.18739486208236208,0.757440152104399,0.08887075202455329
0.1807942404817405,0.8000396699220229,0.11220495774956037
0.16889447358197357,0.7920919586526641,0.10861973587495015
0.15597683566433568,0.8131203931203931,0.1333602188019491
0.13812062937062938,0.812977158343012,0.13129684222558147
0.12642919580419582,0.8382872382872384,0.1076344563055009
0.1120920745920746,0.8433727192347883,0.1077635864664587
0.10516826923076923,0.8418855338210177,0.10265761982329819
0.0939656177156177,0.8333124346917451,0.11244411904556158
0.0771452505827506,0.8911538461538461,0.1013634856001793
0.0740202505827506,0.9,0.08579691784155834
0.06321532634032634,0.8952614379084967,0.09088316963719413
0.04856424825174825,0.89,0.09752492558885195
0.043668414918414916,0.9214285714285715,0.10202040612204072
0.03736159673659674,0.9272727272727274,0.10601730717900545
0.025797639860139866,0.9083333333333334,0.1301708279317776
0.022359411421911425,0.9428571428571428,0.11428571428571428
0.014688956876456877,0.9333333333333333,0.13333333333333336
0.011203379953379954,1.0,0.0
0.009640879953379953,1.0,0.0
0.003077651515151515,1.0,0.0
0.0015151515151515152,1.0,0.0
0.0015151515151515152,1.0,0.0
0.0,1.0,0.0
0.0,1.0,0.0
0.0,1.0,0.0
0.0,1.0,0.0
0.0,1.0,0.0
0.0,1.0,0.0
0.0,1.0,0.0
0.0,1.0,0.0
0.0,1.0,0.0
0.0,1.0,0.0
0.0,1.0,0.0
0.0,1.0,0.0
0.0,1.0,0.0
0.0,1.0,0.0
0.0,1.0,0.0
0.0,1.0,0.0
0.0,1.0,0.0
0.0,1.0,0.0
0.0,1.0,0.0
0.0,1.0,0.0
0.0,1.0,0.0
0.0,1.0,0.0
0.0,1.0,0.0
0.0,1.0,0.0
0.0,1.0,0.0
0.0,1.0,0.0
0.0,1.0,0.0
0.0,1.0,0.0
0.0,1.0,0.0
0.0,1.0,0.0
0.0,1.0,0.0
0.0,1.0,0.0
0.0,1.0,0.0
0.0,1.0,0.0
0.0,1.0,0.0
0.0,1.0,0.0
0.0,1.0,0.0
0.0,1.0,0.0
0.0,1.0,0.0
0.0,1.0,0.0
0.0,1.0,0.0
0.0,1.0,0.0
0.0,1.0,0.0
0.0,1.0,0.0
