recall_ave_seq,precision_ave_seq,std_precision
1.0,0.056097560975609764,0.002513175744036774
1.0,0.056097560975609764,0.002513175744036774
1.0,0.056097560975609764,0.002513175744036774
1.0,0.056097560975609764,0.002513175744036774
1.0,0.056097560975609764,0.002513175744036774
1.0,0.056097560975609764,0.002513175744036774
1.0,0.056097560975609764,0.002513175744036774
1.0,0.056097560975609764,0.002513175744036774
1.0,0.056097560975609764,0.002513175744036774
1.0,0.056097560975609764,0.002513175744036774
1.0,0.056097560975609764,0.002513175744036774
1.0,0.05620915032679739,0.0026171964616591003
0.9953488372093023,0.05653077537969624,0.0029908506550027285
0.9953488372093023,0.059308395042891524,0.007565173819334315
0.9860465116279069,0.06464930757374351,0.016201466105747984
0.9716159809183065,0.08039399431922163,0.04265925189251839
0.9520572450805009,0.09130934202743043,0.05391863097813697
0.9520572450805009,0.10538697717458008,0.06959652310329587
0.9371729423913202,0.12234860418466023,0.08725680491111543
0.9275217796006224,0.1385360506557359,0.09861713457973577
0.9085690647034946,0.15429373775929528,0.09864070357372175
0.8991455613775523,0.1783278686235144,0.09706409080181397
0.8899489440414001,0.20302216006022653,0.09216079308352534
0.8599301823153211,0.22839346189213616,0.0805669311599219
0.835605359850964,0.25266613225382606,0.0719518172636515
0.825727311070476,0.2792579481868539,0.0663469196298516
0.8205991059422709,0.29850798341548096,0.06166104465064886
0.8109479431515734,0.31564045136452235,0.05028339449941193
0.7962742834779136,0.3337951432129514,0.053337069064269646
0.7962742834779136,0.3498320155841172,0.052834264420576586
0.7962742834779136,0.36018388580728733,0.05481117097488694
0.7962742834779136,0.3708985539112251,0.055996135655707734
0.7762617756605278,0.37588387176968574,0.06588121666382074
0.7762617756605278,0.38245921571327923,0.06674236577121903
0.7716106128698301,0.39864356741133516,0.0666705024852411
0.7716106128698301,0.40342434368750163,0.0676298678017158
0.7669594500791324,0.41168263906636,0.06635939194733088
0.7669594500791324,0.4196565281375408,0.06861319750891884
0.7669594500791324,0.42452474905850046,0.06764412969659052
0.7669594500791324,0.4320732279768425,0.0672214901546727
0.7669594500791324,0.4406711488855515,0.06576117084742167
0.7618312449509272,0.4436669025697567,0.06297303782584862
0.7618312449509272,0.4486501584302055,0.06365154198839966
0.7572857904054728,0.45402550427923566,0.06510515886598997
0.752407741624985,0.4555871515871516,0.06707400965309517
0.752407741624985,0.46105946043446044,0.06946638920868636
0.752407741624985,0.4659357094840965,0.0712447926179843
0.752407741624985,0.46848826203664906,0.07119565040261272
0.752407741624985,0.4750642700256062,0.07573977866482604
0.752407741624985,0.48194674606439314,0.08069933013391051
0.752407741624985,0.48358516414348907,0.08079395496303461
0.752407741624985,0.48358516414348907,0.08079395496303461
0.752407741624985,0.4861686644968378,0.079415909780125
0.7472795364967799,0.4879857071033542,0.08358846101868186
0.7422795364967799,0.4909511568603433,0.08451061870227573
0.7422795364967799,0.4947808956900821,0.08204371875317172
0.7376283737060823,0.4952424341516206,0.08240203838785116
0.7376283737060823,0.4985969568152052,0.08304643438131495
0.7376283737060823,0.5022491307282486,0.08441137968396589
0.7376283737060823,0.5105338477947173,0.09000008947657391
0.7376283737060823,0.513879285500316,0.09017240651718984
0.7376283737060823,0.5148853217176199,0.08837208380977152
0.7376283737060823,0.5183014707859428,0.08817211901170925
0.7329772109153845,0.5211552716856382,0.0870784825337509
0.7329772109153845,0.5211552716856382,0.0870784825337509
0.7329772109153845,0.5268384526478349,0.08402282286696457
0.7329772109153845,0.5295728113166757,0.08176586215720491
0.7329772109153845,0.5320704986432251,0.08327591905808607
0.7329772109153845,0.535667195123717,0.08303062343958832
0.7329772109153845,0.5373569032650379,0.08285790774370723
0.7329772109153845,0.5391020116732876,0.08282402088974437
0.72843175636993,0.5389694359157118,0.07989471514233464
0.72843175636993,0.5389694359157118,0.07989471514233464
0.7235537075894422,0.5402902405180388,0.07639158255885636
0.7190082530439876,0.5434029684282773,0.0783766396752043
0.7190082530439876,0.5434029684282773,0.0783766396752043
0.7190082530439876,0.5434029684282773,0.0783766396752043
0.7098116357078353,0.5402098527126867,0.07648832790852111
0.7046834305796302,0.5414167758574073,0.07879891236688855
0.7046834305796302,0.547044481485113,0.08302414849079813
0.6998053817991424,0.5471512564423873,0.08225357609389974
0.6906087644629902,0.5477583881701558,0.07916180258086544
0.6906087644629902,0.5496870848387705,0.07953663307681479
0.6810633099175357,0.5487099195409555,0.07942376485296783
0.6765178553720812,0.5547715442452285,0.08217183560988384
0.6765178553720812,0.5588544788544789,0.08290384636781463
0.6667617578111056,0.5551335486219207,0.08137708401405774
0.6667617578111056,0.5551335486219207,0.08137708401405774
0.6667617578111056,0.55998001998002,0.08289625079498059
0.662216303265651,0.5626907310991643,0.08143120836122732
0.662216303265651,0.5685093740013841,0.0797977026830848
0.6530196859294988,0.5684502651187459,0.0807798721710938
0.6530196859294988,0.5684502651187459,0.0807798721710938
0.6530196859294988,0.5699021707448801,0.07800464512748212
0.6434904743583132,0.5723147887544172,0.07895361735735994
0.6434904743583132,0.5744696709092995,0.07932972423036652
0.6434904743583132,0.5744696709092995,0.07932972423036652
0.6434904743583132,0.5803566630227066,0.08307591890997947
0.6434904743583132,0.5841826285169939,0.08096226236125204
0.6434904743583132,0.5865959015185022,0.08202914907503026
0.6434904743583132,0.5865959015185022,0.08202914907503026
0.6434904743583132,0.5974789915966386,0.09004458631553253
0.6386124255778254,0.5971326712503184,0.0857213780218543
0.6386124255778254,0.5971326712503184,0.0857213780218543
0.6386124255778254,0.5971326712503184,0.0857213780218543
0.634066971032371,0.5987789228899107,0.0798975738425568
0.634066971032371,0.600520577461754,0.07672920687803195
0.634066971032371,0.6053539107950873,0.07604242270237042
0.634066971032371,0.6053539107950873,0.07604242270237042
0.6243933113587112,0.601557899755647,0.08009922511052146
0.6198478568132567,0.5998002679332604,0.08030366080617152
0.6198478568132567,0.6049223167527881,0.08268540423514624
0.6198478568132567,0.6102521008403362,0.08395095841676334
0.6148478568132567,0.6117013762026551,0.08496873246113805
0.6099698080327689,0.6137843912268466,0.08756436411330247
0.6048416029045638,0.611588312795474,0.09166171287005033
0.5998416029045639,0.6138057040998218,0.0838791470662368
0.5998416029045639,0.6196776273372018,0.08216751802161829
0.5998416029045639,0.6260688405797101,0.08296137055528216
0.5998416029045639,0.6307059373539037,0.08847679176561767
0.5998416029045639,0.6307059373539037,0.08847679176561767
0.5949635541240761,0.6286226040205704,0.08772495323516034
0.589963554124076,0.6351192281766094,0.09500903529287844
0.589963554124076,0.6421943269908386,0.08690697700205426
0.5800855053435882,0.6469655863006198,0.09524963183397597
0.574957300215383,0.644640004905271,0.09888218518180132
0.5698290950871778,0.6469655863006198,0.09524963183397597
0.5698290950871778,0.6503802204469612,0.09677148467542494
0.56495104630669,0.6523824451410658,0.09674635352117955
0.5598228411784849,0.6498183425769632,0.10083453696081938
0.5598228411784849,0.6498183425769632,0.10083453696081938
0.5598228411784849,0.6550851478437686,0.09254937295620878
0.5598228411784849,0.6550851478437686,0.09254937295620878
0.5552773866330304,0.6620361247947455,0.08332904775151581
0.5501491815048253,0.662555605314226,0.08258926879636766
0.5501491815048253,0.6702551527530501,0.08114759137388855
0.5450209763766202,0.6674142436621411,0.085593860780347
0.5450209763766202,0.6674142436621411,0.085593860780347
0.5450209763766202,0.6838751087001532,0.09228709392209317
0.5450209763766202,0.6838751087001532,0.09228709392209317
0.5398927712484151,0.6895689719579765,0.09153617862398535
0.5303473167029605,0.692401884643264,0.10127056201008061
0.525801862157506,0.6945328617742411,0.10446889385455192
0.5212564076120515,0.6979216756893707,0.10718669118658214
0.5115827479383918,0.6925859925859925,0.11342926284723653
0.5070372933929372,0.7103516483516483,0.12588796118247317
0.48796262727629713,0.7112644087938205,0.11674007362364132
0.4685391239503548,0.7117913475024275,0.1081386042222349
0.4638879611596571,0.7221260997067448,0.10349133570700977
0.4638879611596571,0.7271260997067448,0.09792443805993246
0.4546913438235049,0.7234584980237154,0.09941339296057057
0.43956313869529984,0.7314784166358379,0.10105515234953466
0.43003392712411437,0.7397223466188982,0.0865654846106113
0.41594301803320527,0.7325156325156325,0.09382917696996015
0.41594301803320527,0.7513597513597513,0.0857868116147391
0.40674640069705303,0.7732083832770332,0.07454462353228934
0.38673389287966714,0.7795242339359987,0.07760531159663474
0.3771884383342126,0.7747845291962939,0.08160130037074584
0.3584463664526058,0.7866666666666666,0.07427426651719064
0.33457608944279393,0.7870574162679426,0.07630609615477378
0.3056008776627041,0.7779448621553885,0.07459414626155896
0.28117737433676177,0.7962038580614432,0.05537392168236484
0.26617112042806884,0.818235294117647,0.08523346953576508
0.23694575230026166,0.7883002291825821,0.11266521849860854
0.22218965473928604,0.7921241830065359,0.12194309464072421
0.19823693984215823,0.8093181818181818,0.10886856550279922
0.17810248080526017,0.8258333333333333,0.15097829130191018
0.16822443202477236,0.8902777777777778,0.13905545567537586
0.1339990638969652,0.8714285714285716,0.19378085666072195
0.10527323498962748,0.9,0.2
0.0852732349896275,0.95,0.09999999999999999
0.08014502986142237,0.9333333333333332,0.13333333333333336
0.06988861960501211,0.8,0.4
0.046405919661733616,1.0,0.0
0.027906976744186046,1.0,0.0
0.023255813953488372,1.0,0.0
0.018604651162790697,1.0,0.0
0.013953488372093023,1.0,0.0
0.009302325581395349,1.0,0.0
0.004651162790697674,1.0,0.0
0.004651162790697674,1.0,0.0
0.0,1.0,0.0
0.0,1.0,0.0
0.0,1.0,0.0
0.0,1.0,0.0
0.0,1.0,0.0
0.0,1.0,0.0
0.0,1.0,0.0
0.0,1.0,0.0
0.0,1.0,0.0
0.0,1.0,0.0
0.0,1.0,0.0
0.0,1.0,0.0
0.0,1.0,0.0
0.0,1.0,0.0
0.0,1.0,0.0
0.0,1.0,0.0
0.0,1.0,0.0
0.0,1.0,0.0
0.0,1.0,0.0
0.0,1.0,0.0
0.0,1.0,0.0
