recall_ave_seq,precision_ave_seq,std_precision
1.0,0.14041745730550284,0.012813618987578088
1.0,0.14041745730550284,0.012813618987578088
1.0,0.14041745730550284,0.012813618987578088
1.0,0.14041745730550284,0.012813618987578088
1.0,0.14041745730550284,0.012813618987578088
1.0,0.14041745730550284,0.012813618987578088
0.9812865497076023,0.15618114802234545,0.04296677231727627
0.9096296296296297,0.18986305866961992,0.07732395771822807
0.6447590239967735,0.25701540772876985,0.06844188985934703
0.5569959206619824,0.29985499932676435,0.08163387297471456
0.4623589974588159,0.3375749876618994,0.04939510180449764
0.41298788594614366,0.3530117733721613,0.04409400550975948
0.3891547573217264,0.36399907995919617,0.043257921016619204
0.35024627050035395,0.3761492910545752,0.03972150587990168
0.33119641667736044,0.3854086988819582,0.03347698872804902
0.31802145558951367,0.3990601200977969,0.030813874529500344
0.3086404272611169,0.4110055061753054,0.025247798756888564
0.29642533711499236,0.41281281331813274,0.017555211842746672
0.2909940822100532,0.4274639743817826,0.018328701161318146
0.2816615554909566,0.4381198146227637,0.028721245054318983
0.2765421914242241,0.44256001694000824,0.0248674393694373
0.2687717552327353,0.44381542553948305,0.02847933489189246
0.26016781766328045,0.4478113443034366,0.03218290650795684
0.24434178445067736,0.44660069680664644,0.039176392240668975
0.24434178445067736,0.45313380747108056,0.03954450699094011
0.23815500087732394,0.45252535051035886,0.046470405767749814
0.23547698923379504,0.4661742537127053,0.054661285030163966
0.232616197407486,0.46875797915055895,0.054795848353352015
0.2281717529630415,0.47223291153209174,0.05008977918587911
0.2267924426182139,0.4735283146159226,0.04788377751486074
0.2176426960818975,0.4642123091159263,0.05705031582433995
0.21083213083213087,0.4672347852584749,0.05631489534255694
0.20719424824687982,0.4686261028081601,0.06542931608134814
0.20028151186045923,0.47306150171799943,0.07143159429244246
0.19750132908027643,0.4794966258521246,0.07232676997410992
0.19612201873544882,0.48225169757778447,0.07479083744829433
0.1916775742910044,0.4829097307358177,0.07485542551801733
0.18754502068476658,0.49256624926436243,0.08042451534086575
0.18507672874279044,0.4945604808781593,0.08773330377959948
0.181309735502113,0.4915618469983779,0.09028059432231493
0.1787123329047104,0.4935074376812816,0.0853156067550554
0.17426788846026592,0.48969099947454753,0.08263330646908745
0.17296918716156467,0.5035357653099589,0.07716899558065529
0.17167048586286335,0.5057796543185538,0.07825400378949118
0.1701890043813819,0.5096987325124644,0.07499405237171727
0.16475774947644278,0.5156429238362013,0.07752741116760191
0.16358815883316793,0.5207436130132278,0.0912489011741722
0.16080797605298516,0.5213423981732067,0.08825420693662632
0.15833968411100896,0.5174209815599102,0.09089567363215902
0.1541801909859986,0.5214065934065933,0.08520361825190877
0.1541801909859986,0.5346189323186902,0.09077741466219826
0.15301060034272376,0.5397895122563509,0.09870457446954746
0.14916299805592,0.5427650648360031,0.10736814820632652
0.14916299805592,0.5517162471395881,0.10415896836140423
0.1432370721299941,0.5545112302221235,0.10453948466726501
0.1432370721299941,0.5663681741942611,0.11188899000226549
0.1419383708312928,0.5787835557055804,0.10878379821502869
0.13897540786832982,0.5785384576663647,0.10863096601679603
0.13323226212518408,0.5794091392723404,0.11000059632052762
0.13323226212518408,0.5831524547803617,0.11154574859376276
0.1319335608264828,0.5951153611550328,0.11243842976852493
0.1304520793450013,0.5964090287277701,0.11201240970960144
0.12767189656481853,0.6073077067176202,0.12245312917269151
0.12502082444006218,0.5994099134539732,0.13328970317386815
0.12502082444006218,0.6135087719298246,0.1376881180481695
0.12353934295858071,0.6195238095238096,0.14125610776833478
0.12067855113227166,0.6334961586973972,0.14471169140248208
0.11929924078744407,0.6416469410587058,0.15372695491931698
0.11662122914391518,0.6374157868275515,0.15280341807886363
0.11662122914391518,0.6374157868275515,0.15280341807886363
0.11662122914391518,0.6374157868275515,0.15280341807886363
0.11415293720193902,0.63693567251462,0.16992159923163047
0.11137275442175625,0.6550109076243378,0.17924522755315403
0.10840979145879329,0.6506759322548796,0.17585542774812346
0.10276881685230141,0.6446398046398046,0.16448045042871356
0.09980585388933846,0.6576022408963584,0.17311338604273976
0.09980585388933846,0.6615238095238094,0.1730522053012824
0.09832437240785699,0.6595238095238095,0.17195685795493132
0.0940627081461927,0.6581818181818181,0.17091983632672392
0.08982260597505606,0.6541659479040883,0.16015153175002544
0.08852390467635476,0.6554198178731286,0.1511515031776599
0.08852390467635476,0.6604198178731285,0.141924552964365
0.08428380250521812,0.6609633278598797,0.1435248052740525
0.08163273038046177,0.6544444444444445,0.15712008813721404
0.08163273038046177,0.6623391812865497,0.1626185767533797
0.08015124889898029,0.6677848467322152,0.15935486283650727
0.07729045707267124,0.662984126984127,0.15728492535848415
0.07729045707267124,0.6684786324786325,0.14662337137155776
0.07451027429248845,0.6714198089492207,0.14732247143319893
0.0702701721213518,0.662913415087328,0.14555212058125422
0.06740938029504273,0.6856243756243756,0.1671392395987468
0.06611067899634142,0.6891774891774891,0.15380672753729016
0.0634596068715851,0.6836463536463536,0.15742951664324653
0.0634596068715851,0.6897069597069596,0.15607002482207316
0.06197812539010361,0.7273260073260074,0.17326225710895912
0.05633715078361177,0.7138118022328549,0.16662411336834942
0.0534763589573027,0.7066666666666667,0.16519348924485155
0.0534763589573027,0.7145098039215687,0.16403504843933098
0.05061556713099362,0.7041666666666666,0.1599044853793803
0.04913408564951214,0.6997222222222221,0.15746937777952769
0.047964495006237284,0.7107070707070708,0.19735791837189443
0.04510370317992822,0.6968975468975469,0.19332293758441862
0.04510370317992822,0.746897546897547,0.22952996211064544
0.04510370317992822,0.746897546897547,0.22952996211064544
0.04224291135361916,0.7369463869463869,0.22973787095930862
0.03808341822860879,0.7421212121212122,0.227515829578751
0.0354054065850799,0.7583333333333333,0.2111111111111111
0.03134808459672343,0.7428571428571429,0.20965228744913103
0.029866603115241953,0.7595238095238096,0.21284569054096306
0.028567901816540654,0.7666666666666667,0.1918994445677132
0.02578771903635787,0.8123809523809523,0.20895159959918155
0.02578771903635787,0.8123809523809523,0.20895159959918155
0.024489017737656573,0.82,0.1833030277982336
0.023109707392828988,0.82,0.1833030277982336
0.021940116749554133,0.8,0.21908902300206645
0.020641415450852837,0.8300000000000001,0.23579652245103191
0.019342714152151542,0.8133333333333332,0.2436755584332942
0.017963403807323954,0.8333333333333333,0.21081851067789195
0.016664702508622654,0.9333333333333332,0.13333333333333336
0.01528539216379507,0.9333333333333332,0.13333333333333336
0.012505209383612288,0.9333333333333332,0.13333333333333336
0.011023727902130806,0.9333333333333332,0.13333333333333336
0.011023727902130806,0.9333333333333332,0.13333333333333336
0.009542246420649325,0.9333333333333332,0.13333333333333336
0.009542246420649325,0.9333333333333332,0.13333333333333336
0.009542246420649325,0.9333333333333332,0.13333333333333336
0.008060764939167842,0.9333333333333332,0.13333333333333336
0.0066814545943402566,0.9333333333333332,0.13333333333333336
0.003820662768031189,0.9333333333333332,0.13333333333333336
0.0023391812865497076,0.9333333333333332,0.13333333333333336
0.0023391812865497076,1.0,0.0
0.0023391812865497076,1.0,0.0
0.0023391812865497076,1.0,0.0
0.0011695906432748538,1.0,0.0
0.0011695906432748538,1.0,0.0
0.0,1.0,0.0
0.0,1.0,0.0
0.0,1.0,0.0
0.0,1.0,0.0
0.0,1.0,0.0
0.0,1.0,0.0
0.0,1.0,0.0
0.0,1.0,0.0
0.0,1.0,0.0
0.0,1.0,0.0
0.0,1.0,0.0
0.0,1.0,0.0
0.0,1.0,0.0
0.0,1.0,0.0
0.0,1.0,0.0
0.0,1.0,0.0
0.0,1.0,0.0
0.0,1.0,0.0
0.0,1.0,0.0
0.0,1.0,0.0
0.0,1.0,0.0
0.0,1.0,0.0
0.0,1.0,0.0
0.0,1.0,0.0
0.0,1.0,0.0
0.0,1.0,0.0
0.0,1.0,0.0
0.0,1.0,0.0
0.0,1.0,0.0
0.0,1.0,0.0
0.0,1.0,0.0
0.0,1.0,0.0
0.0,1.0,0.0
0.0,1.0,0.0
0.0,1.0,0.0
0.0,1.0,0.0
0.0,1.0,0.0
0.0,1.0,0.0
0.0,1.0,0.0
0.0,1.0,0.0
0.0,1.0,0.0
0.0,1.0,0.0
0.0,1.0,0.0
0.0,1.0,0.0
0.0,1.0,0.0
0.0,1.0,0.0
0.0,1.0,0.0
0.0,1.0,0.0
0.0,1.0,0.0
0.0,1.0,0.0
0.0,1.0,0.0
0.0,1.0,0.0
0.0,1.0,0.0
0.0,1.0,0.0
0.0,1.0,0.0
0.0,1.0,0.0
0.0,1.0,0.0
0.0,1.0,0.0
0.0,1.0,0.0
0.0,1.0,0.0
0.0,1.0,0.0
0.0,1.0,0.0
0.0,1.0,0.0
0.0,1.0,0.0
0.0,1.0,0.0
0.0,1.0,0.0
0.0,1.0,0.0
