recall_ave_seq,precision_ave_seq,std_precision
1.0,0.17206405693950177,0.015960764826753796
1.0,0.17206405693950177,0.015960764826753796
1.0,0.17206405693950177,0.015960764826753796
1.0,0.17206405693950177,0.015960764826753796
1.0,0.17206405693950177,0.015960764826753796
1.0,0.17353565309081323,0.016986641230331233
0.979560116945196,0.1871129789117027,0.026571376657320792
0.9190359147175095,0.21833212897546908,0.038284815722451376
0.8601533818343926,0.26385746164295265,0.04155876499628004
0.8136108952674309,0.32031657338586317,0.04360456710037225
0.7764551727957052,0.36204079802231093,0.03978948491194424
0.7319649364466616,0.40590693869163863,0.03391092350402127
0.70324199549541,0.4303411861009536,0.02977911571392665
0.6869879544994653,0.45286187983592435,0.029109606412024785
0.6621183180007032,0.47342072139050684,0.02621804936185211
0.6454907652629561,0.4830301116770069,0.022616703179530614
0.6329531737673965,0.49699926286530466,0.02131609516569663
0.6192684446663297,0.5058291013417164,0.020022622329979693
0.6095708858356824,0.5168726687115118,0.02499582447560603
0.5971783935266826,0.5252006707560498,0.023454882241779954
0.5884500178283404,0.5342173942747831,0.021170453701004805
0.5718803225878434,0.537888473487574,0.016050919193655054
0.5658501202733591,0.5436549260335551,0.014294889133906283
0.5598461448802112,0.548741935109468,0.011556391080466032
0.550712709498935,0.5549632151529685,0.013708025669366212
0.5441141032724296,0.5582433521178933,0.014630446441248423
0.5377542821335157,0.5605896023218916,0.01699391889714182
0.5348129649973543,0.5650279796178932,0.01738743171178365
0.5305855031388245,0.5690650517114045,0.01674673085956125
0.5232285812921662,0.5727670549264976,0.01907642567953891
0.5150038817373976,0.5766984241710792,0.01724361829008417
0.5099808475564765,0.5800570625322202,0.014408999973663066
0.5058704463561216,0.5844982661972455,0.01328745902912758
0.5037524349642064,0.588804197299343,0.016499908684963257
0.49858611320377416,0.5927937953256379,0.015901771020802546
0.4924245023426462,0.5940078555689408,0.01403881233299764
0.48936184408565975,0.597397241602699,0.012209625138268305
0.48647116918512284,0.599743881225869,0.014320927356987935
0.4823970623319231,0.6019432681656669,0.016535242904714382
0.48031962574981363,0.6082428617113826,0.015180188133722627
0.4772163926830217,0.6082960305913028,0.01323126146151381
0.4724565589039801,0.6104550751347755,0.009433932041199475
0.46866759891134624,0.6152368439712858,0.009625169896255533
0.46160770295812126,0.6147429646908434,0.009324724756538047
0.45953026637601174,0.6197287121764978,0.008245653555828618
0.45642703330921985,0.6218095727989755,0.010076902655027198
0.4525511367338061,0.6237659987843784,0.01110697264722872
0.4494665320181334,0.6242524768757959,0.012680699028720654
0.44754673090400426,0.6259244914187743,0.01392593653983405
0.44375777091137036,0.6277856082428472,0.015512648581623701
0.4415891172838308,0.6286013061772346,0.016342331950484637
0.43728050580568983,0.6275392012926392,0.016759445381313437
0.43516249441377475,0.6290053682927557,0.015863524072876896
0.43300818867470425,0.6306694649199347,0.01523138472910178
0.4310520932134197,0.6332301077890159,0.014695306404410403
0.42588577145298745,0.6371970643647912,0.014728027539994843
0.42158903900771383,0.6417047673635122,0.018485992195807776
0.4196835857820537,0.6443939162753798,0.01782207013689945
0.4196835857820537,0.6460214105401939,0.015182990570573249
0.41663527541353645,0.6485374928564025,0.014545432498697601
0.4115109567613663,0.6462978020428627,0.015294819174982986
0.4095405134116126,0.6522419621045052,0.013465183909060678
0.4043378973040249,0.6533086377692515,0.013909597480052879
0.4043378973040249,0.6563269385435996,0.014654226692216134
0.39696662756889756,0.6532295256165679,0.013921979869456334
0.3948528966396327,0.6530744014431835,0.013958407042885356
0.3948528966396327,0.6579893393570029,0.015260223254501238
0.3925671823539184,0.657728866144656,0.015914446861332563
0.39159630856751065,0.6593698227554592,0.014273539974109645
0.3894825776382457,0.6647422355818664,0.017487354967847514
0.3862116416776546,0.6672021586225686,0.01908809232412033
0.3829101983330768,0.6736658769050832,0.021313249979872537
0.38192497665819997,0.6758111383144205,0.020970189735138027
0.3788766662896827,0.6768558072295701,0.020703117183312306
0.3767223605506122,0.6809855712880624,0.018611572813684495
0.37475191720085854,0.6802945754665541,0.018381793279873125
0.3737666955259817,0.6834803035138106,0.022446295604531083
0.37066774292183996,0.6865904465904465,0.022204089660805806
0.36733000523010667,0.6849290903659837,0.02068756357367034
0.36309826290892677,0.686654083490792,0.0189729757627928
0.3621130412340499,0.6871552636397668,0.020649964453062265
0.36117846179479757,0.6876488640530136,0.020055444708329945
0.3602075880083898,0.6905141250921439,0.01914719676090353
0.3563460393214451,0.6926301223510127,0.02008944758656601
0.354440586095785,0.69312000614398,0.019927553868636087
0.3532977289529279,0.6963908534714873,0.0218811848846898
0.3532977289529279,0.6963908534714873,0.0218811848846898
0.3521142970002652,0.6992808483847833,0.01913529590640369
0.3521142970002652,0.7065080620455948,0.016574989646597264
0.34900099650765426,0.7074268761364843,0.01619194715249227
0.34785813936479715,0.7098277990743809,0.017298610816893847
0.34484612334343534,0.7093046373428318,0.017248542631941765
0.343911543904183,0.7103326991313754,0.01940363356071252
0.3417572381651125,0.7092292049469,0.018225358352160995
0.33865828556097066,0.7112558109613663,0.022288262037208382
0.3333501045194838,0.7076040908553224,0.023656240788294203
0.328133140523427,0.7056772575250836,0.025685960457167187
0.32600506170569304,0.7068809041835358,0.02748175997121445
0.3231143868051561,0.7095858021766513,0.033794838606962814
0.3198535182703839,0.7134060575814246,0.031665193389642375
0.3179337171562547,0.7152280796453822,0.02972937889252664
0.3179337171562547,0.7198257807948074,0.022844029071799065
0.3160282639305946,0.7203095789645743,0.02384556329066224
0.3160282639305946,0.7203095789645743,0.02384556329066224
0.3148448319779319,0.7213594860550453,0.024550002720577245
0.3119035148417704,0.7204758135670171,0.02676642708711243
0.30974920910269993,0.7206214850484514,0.025017238000651948
0.306872882090632,0.7258929269111577,0.026175897917728997
0.3020624060759659,0.7218215252381247,0.030453280184790512
0.2992223734110535,0.7200740570200683,0.030529588203287866
0.2982514996246457,0.7228955425663048,0.031229916932125686
0.297280625838238,0.7247647774441504,0.02659064217353079
0.2938520544096665,0.7262494009860377,0.029501554102408383
0.28867566522341526,0.7262954510425905,0.026376408859785313
0.2846378527173711,0.7282938320248089,0.02470156039313253
0.2846378527173711,0.7282938320248089,0.02470156039313253
0.28370327327811873,0.7296060377012757,0.028126277250768855
0.28178347216398947,0.7292170523198892,0.029264773411213255
0.2783143259256125,0.730838447899618,0.03125531582468961
0.275947462020287,0.731761524822695,0.03278490234950066
0.2728485094161453,0.7310500527844994,0.03808810218602209
0.26975962423782246,0.7340537223263116,0.03399648714233542
0.26482780710233145,0.7398244801311149,0.030561728849111312
0.2617794967338142,0.750309668295791,0.025110636132676008
0.25868054412967245,0.749197823043273,0.024071793506046563
0.2555773110628805,0.7492138880069914,0.022185473238430765
0.2508841580620353,0.7558350053136396,0.02676615124720901
0.24876614667012023,0.7584432505164213,0.02459424938291539
0.2445243369231213,0.7567498075071887,0.02697066380581743
0.2402563002547859,0.7635348184431431,0.037179373155586906
0.23932172081553355,0.7652966097984304,0.03963559681377606
0.23719364199779958,0.7628581695248362,0.041486138316379866
0.2309508815170603,0.762021619967763,0.039695779859208496
0.22586960653029747,0.7650003710061812,0.033307055116959285
0.22070328476986517,0.7644542886492038,0.033386679546683964
0.21976870533061282,0.7670167271438932,0.03549218827056826
0.2157089463658822,0.7675654899822817,0.03778313846677096
0.2145255144132195,0.76690003323697,0.03704593480507309
0.2113716391108031,0.7654140716447501,0.041760503807430786
0.20523444356396303,0.7607648736592617,0.041177703836063
0.20210926403848478,0.7681661317470267,0.031758435695399066
0.1999912526465697,0.7845214359365303,0.04125974819952575
0.19900603097169287,0.7903119743741275,0.0354228518069418
0.19468307160508277,0.7898634698634699,0.037354329831816295
0.1927269761437982,0.8007419341464616,0.04666967250427904
0.19036011223847274,0.7994180570779037,0.04529711829969878
0.18634092808354774,0.802917219202987,0.04836363013994204
0.17932148598718256,0.8123219998406139,0.04656299612121742
0.17119949920211971,0.8152794014496141,0.05946931459011753
0.16832317219005183,0.825279866332498,0.06512763006285004
0.16615451856251226,0.8276190476190475,0.06804027085520666
0.16324949577350625,0.8226331285202253,0.0691436377404399
0.15677261397641756,0.8260023041474653,0.07140370088797256
0.15033164321789244,0.825731687159078,0.0796965853948986
0.14169617521908312,0.8259978373182747,0.07326727929651002
0.1355632601348932,0.842077728422556,0.07852114409001042
0.13251494976637596,0.8434026637474913,0.0760992551107548
0.13057320219356044,0.8406321009769286,0.07887089565817007
0.12723546450182724,0.8500564548951646,0.08321115449171476
0.12197792569596481,0.8588364779874214,0.08967660297600709
0.11683783085686901,0.8537344028520499,0.09066089463403303
0.11084392288954018,0.8596966037183428,0.07964864494287667
0.10575447028606888,0.8574996340213732,0.07921866542892807
0.09492840220103364,0.872422969187675,0.09691049332404644
0.08745195084059902,0.8744481605351171,0.08955229062402278
0.077633050889127,0.8896494355317884,0.07480307810806623
0.07075520571817032,0.8871825396825397,0.07601869689524939
0.06162177033689412,0.8873015873015874,0.07434945034051028
0.0540742367826673,0.8773310023310025,0.07704967684803724
0.04488016994200968,0.882563025210084,0.10903422062297545
0.038530416228914656,0.9180952380952381,0.06696531745236932
0.03315581676487754,0.9028571428571428,0.08201542911089899
0.026282252056571014,0.8966666666666667,0.09683892697555967
0.018957344094418075,0.885064935064935,0.09991563315801744
0.016153605776661063,0.8800000000000001,0.11224972160321824
0.012306404978185425,0.8547619047619047,0.13307798678554403
0.011163547835328283,0.9047619047619048,0.13127665478181164
0.010228968396075946,0.9,0.2
0.002912621359223301,1.0,0.0
0.001941747572815534,1.0,0.0
0.0,1.0,0.0
0.0,1.0,0.0
0.0,1.0,0.0
0.0,1.0,0.0
0.0,1.0,0.0
0.0,1.0,0.0
0.0,1.0,0.0
0.0,1.0,0.0
0.0,1.0,0.0
0.0,1.0,0.0
0.0,1.0,0.0
0.0,1.0,0.0
0.0,1.0,0.0
0.0,1.0,0.0
0.0,1.0,0.0
0.0,1.0,0.0
0.0,1.0,0.0
0.0,1.0,0.0
0.0,1.0,0.0
0.0,1.0,0.0
0.0,1.0,0.0
0.0,1.0,0.0
