recall_ave_seq,precision_ave_seq,std_precision
1.0,0.07398523985239852,0.008050710047701637
1.0,0.07398523985239852,0.008050710047701637
1.0,0.07398523985239852,0.008050710047701637
0.9973333333333333,0.07453049749156383,0.007795633504837409
0.9706666666666667,0.07999256271632484,0.012309785226929972
0.9312380952380952,0.08780999947792076,0.02169353502592994
0.8789523809523809,0.10510426454493264,0.03778748164830568
0.8035116514690983,0.13984566046237046,0.05938274284816408
0.7373566958698373,0.16296996559467267,0.07536365109852385
0.6866903867930152,0.19968334750180144,0.08625937004049275
0.6097633649204364,0.23615465087178725,0.07752579423971682
0.4985512545443709,0.2592379066300766,0.07452960560790958
0.4568717742416116,0.2789052919157631,0.0706531553141667
0.41466848441504256,0.2947828870761201,0.07940355456751734
0.40499320579295545,0.31732272096604097,0.07294544255613557
0.3943853626557005,0.3334481238081667,0.07654869902219283
0.37464124798855714,0.33739959371587164,0.07790563077013313
0.36006379998808036,0.35004734135278154,0.07581847760447054
0.35011401156207167,0.36308726998622065,0.07598233022431962
0.34560539960665115,0.38338693843808935,0.0730828675638586
0.3381768281780798,0.3828442851242948,0.06845164368893154
0.3276668156624352,0.3817360148252984,0.07423796663488202
0.312943917992729,0.37622341676038706,0.07111348168224947
0.310443917992729,0.38641952543191754,0.07212843508234727
0.3008876869896895,0.3939193429309708,0.061426295650331135
0.2931521842779665,0.4044959918116609,0.05144782892240143
0.2856521842779665,0.4061983585775578,0.057164171986343965
0.27578902199177546,0.4117425294844649,0.050606180580009194
0.2684946957506407,0.41294310641082815,0.04784685136012177
0.2638670361761726,0.41561499430464954,0.04366322354825043
0.25910513141426783,0.4210880047224199,0.041382236471746166
0.25484981226533165,0.43488555423545316,0.044798847468237785
0.24996885988437928,0.44183600613478663,0.051274741232928696
0.24784120030991116,0.45802384928381584,0.05105334205079775
0.24307929554800642,0.46352573738601066,0.05085179754553534
0.23801045950295013,0.4705238555117489,0.06112196948930549
0.23801045950295013,0.47399758542924797,0.05788708540486513
0.23284379283628348,0.47502947244326554,0.058941222624119084
0.22752166398474283,0.47862679425837323,0.06675658991864734
0.2199528279396865,0.4767096399535424,0.06738319665681937
0.2127775493175994,0.49138926375768477,0.04078726096465684
0.2106498897431313,0.49535861415045834,0.04019283253135094
0.20770871327254303,0.4952041739960181,0.040228094902340444
0.20558105369807497,0.5032258064516129,0.027130568617290605
0.20263987722748675,0.5140294955161715,0.04060205160519538
0.20263987722748675,0.5280050272308336,0.04720305486486363
0.20025892484653438,0.5413023265732625,0.05657106262360032
0.19563126527206626,0.5408407489803485,0.05504835098984066
0.1929645986053996,0.5476149425287355,0.06047192417496876
0.1878957625603433,0.5521597096188747,0.057572152031918754
0.1878957625603433,0.558007662835249,0.056116653900570385
0.18364044341140712,0.5676406194661773,0.07033827519278772
0.18364044341140712,0.5713352007469654,0.06804163800178803
0.17831831455986652,0.5644568938686586,0.07204619580516618
0.1706040288455808,0.5554652213188798,0.058589535198479474
0.16092875022349365,0.5418497929086163,0.05429256819289179
0.15842875022349365,0.5426341066341066,0.05413532045333155
0.15842875022349365,0.5641318681318681,0.07053848122589085
0.15592875022349362,0.580885290148448,0.09097435537092065
0.1462534716014065,0.5659980442589138,0.08430387202811408
0.1462534716014065,0.570305736566606,0.08333144726089596
0.1462534716014065,0.570305736566606,0.08333144726089596
0.1462534716014065,0.570305736566606,0.08333144726089596
0.14412581202693844,0.5860259740259741,0.07757227110285381
0.14145914536027177,0.5939047619047619,0.07632036547305733
0.14145914536027177,0.5939047619047619,0.07632036547305733
0.1387924786936051,0.5872380952380951,0.06773457602373875
0.1387924786936051,0.6085714285714285,0.08957698522041886
0.13585130222301686,0.6049482401656314,0.09088141177477872
0.13585130222301686,0.6049482401656314,0.09088141177477872
0.1331846355563502,0.5978053830227743,0.0799458857052451
0.1331846355563502,0.6043854696028609,0.07642909422056082
0.1331846355563502,0.6043854696028609,0.07642909422056082
0.1308036831753978,0.5996235648409561,0.08322413544622873
0.1278625067048096,0.6040313852813852,0.07802394210673512
0.1257348471303415,0.6014104175394498,0.07854366803137004
0.1232348471303415,0.5983402421008532,0.06700989446687904
0.1232348471303415,0.5983402421008532,0.06700989446687904
0.12085389474938912,0.596948051948052,0.0729586995043185
0.12085389474938912,0.6028304048892285,0.06573290516038227
0.1157850587043328,0.6051680672268909,0.06494058710173259
0.1157850587043328,0.617390289449113,0.05887493492888244
0.10990270576315633,0.6121654217242453,0.06358160264585813
0.10527504618868824,0.5986021331609568,0.06402095940296419
0.10076643423326778,0.5896428571428571,0.07035261044139278
0.09597210799213303,0.5818581780538302,0.05494907974507622
0.09597210799213303,0.5818581780538302,0.05494907974507622
0.09330544132546635,0.5685248447204969,0.03832691977709079
0.09330544132546635,0.5685248447204969,0.03832691977709079
0.09330544132546635,0.5685248447204969,0.03832691977709079
0.09330544132546635,0.5685248447204969,0.03832691977709079
0.09036426485487811,0.5626915113871636,0.040931085323786955
0.09036426485487811,0.5626915113871636,0.040931085323786955
0.09036426485487811,0.5626915113871636,0.040931085323786955
0.08786426485487811,0.5484057971014493,0.0473502902789202
0.08786426485487811,0.5484057971014493,0.0473502902789202
0.08041447642886941,0.5371428571428571,0.06063907573231088
0.07803352404791704,0.5495238095238095,0.07350011954885614
0.07803352404791704,0.5495238095238095,0.07350011954885614
0.07803352404791704,0.5557142857142857,0.08010197582214965
0.07803352404791704,0.5557142857142857,0.08010197582214965
0.07803352404791704,0.5557142857142857,0.08010197582214965
0.07536685738125037,0.5423076923076924,0.0707525063850272
0.07323919780678229,0.5386234817813765,0.06531989376419482
0.07323919780678229,0.5386234817813765,0.06531989376419482
0.07057253114011561,0.5123076923076924,0.11513248807063955
0.07057253114011561,0.5123076923076924,0.11513248807063955
0.07057253114011561,0.52,0.11274356350191841
0.06763135466952738,0.5123076923076922,0.11513248807063955
0.06763135466952738,0.5513986013986014,0.14723578374172616
0.06763135466952738,0.5623076923076924,0.14840727939884463
0.06496468800286072,0.49564102564102563,0.2652025883852928
0.059895851957804405,0.4903208556149733,0.2629539823239812
0.05351287323440014,0.4973193473193473,0.2666914222294153
0.05351287323440014,0.4973193473193473,0.2666914222294153
0.051012873234400145,0.48065268065268063,0.25261183143148885
0.051012873234400145,0.48065268065268063,0.25261183143148885
0.051012873234400145,0.48065268065268063,0.25261183143148885
0.051012873234400145,0.4999999999999999,0.2581988897471611
0.04888521365993206,0.505050505050505,0.25577704299824494
0.04888521365993206,0.505050505050505,0.25577704299824494
0.04888521365993206,0.5217171717171717,0.26817944034404
0.04888521365993206,0.5217171717171717,0.26817944034404
0.04888521365993206,0.5217171717171717,0.26817944034404
0.04888521365993206,0.5431457431457432,0.2890337293477525
0.04888521365993206,0.5431457431457432,0.2890337293477525
0.045944037189343825,0.5463203463203463,0.2892396957225607
0.04300286071875559,0.532034632034632,0.28941069477829723
0.04300286071875559,0.532034632034632,0.28941069477829723
0.04300286071875559,0.5447619047619048,0.29506292806666573
0.0408752011442875,0.5380952380952381,0.2918391132579916
0.0408752011442875,0.5580952380952381,0.29196961914452907
0.0408752011442875,0.5580952380952381,0.29196961914452907
0.0408752011442875,0.5580952380952381,0.29196961914452907
0.0408752011442875,0.588095238095238,0.30225906804873043
0.03849424876333511,0.5833333333333333,0.29814239699997197
0.03849424876333511,0.5833333333333333,0.29814239699997197
0.03849424876333511,0.7,0.3711842908553348
0.03423892961439895,0.680952380952381,0.3748317838886558
0.03185797723344657,0.6742857142857142,0.3723505041747408
0.03185797723344657,0.7142857142857142,0.39382996434543494
0.029730317658978482,0.7,0.4
0.029730317658978482,0.72,0.3919183588453085
0.0276026580845104,0.7,0.4
0.024661481613922166,0.7,0.4
0.019220305143333928,0.7,0.4
0.01683935276238155,0.7,0.4
0.013898176291793313,0.7,0.4
0.013898176291793313,0.7,0.4
0.011517223910840932,0.7,0.4
0.011517223910840932,0.9,0.2
0.011517223910840932,0.9,0.2
0.009136271529888551,0.9,0.2
0.009136271529888551,0.9,0.2
0.009136271529888551,0.9,0.2
0.00675531914893617,0.9333333333333333,0.13333333333333336
0.004627659574468085,0.9,0.2
0.004627659574468085,0.9,0.2
0.002127659574468085,0.9,0.2
0.0,0.8,0.4
0.0,1.0,0.0
0.0,1.0,0.0
0.0,1.0,0.0
0.0,1.0,0.0
0.0,1.0,0.0
0.0,1.0,0.0
0.0,1.0,0.0
0.0,1.0,0.0
0.0,1.0,0.0
0.0,1.0,0.0
0.0,1.0,0.0
0.0,1.0,0.0
0.0,1.0,0.0
0.0,1.0,0.0
0.0,1.0,0.0
0.0,1.0,0.0
0.0,1.0,0.0
0.0,1.0,0.0
0.0,1.0,0.0
0.0,1.0,0.0
0.0,1.0,0.0
0.0,1.0,0.0
0.0,1.0,0.0
0.0,1.0,0.0
0.0,1.0,0.0
0.0,1.0,0.0
0.0,1.0,0.0
0.0,1.0,0.0
0.0,1.0,0.0
0.0,1.0,0.0
0.0,1.0,0.0
0.0,1.0,0.0
0.0,1.0,0.0
0.0,1.0,0.0
0.0,1.0,0.0
0.0,1.0,0.0
0.0,1.0,0.0
0.0,1.0,0.0
0.0,1.0,0.0
0.0,1.0,0.0
0.0,1.0,0.0
0.0,1.0,0.0
