recall_ave_seq,precision_ave_seq,std_precision
1.0,0.1396584440227704,0.01593701980918107
1.0,0.1396584440227704,0.01593701980918107
1.0,0.1396584440227704,0.01593701980918107
1.0,0.1396584440227704,0.01593701980918107
1.0,0.1396584440227704,0.01593701980918107
0.9971631205673759,0.1412705727452271,0.01566582957283504
0.9521345864356692,0.1763091798389837,0.03651329600239292
0.8746180194634565,0.23690497869342622,0.057476830226075006
0.7614662735119333,0.28159739852283094,0.03220349664493443
0.6319876728414902,0.31486179120449054,0.02549342570693589
0.6059318817022676,0.34457906606119626,0.022149550123452544
0.5673313791100143,0.35846536380244876,0.016294392538968198
0.5333474655076162,0.36991893200807974,0.015815934883318145
0.5119463550446717,0.3821452662945206,0.013050482317016058
0.5030147801488363,0.39828004259236505,0.006949477782002314
0.4931695375297117,0.41058787215380016,0.011747131158551105
0.4835504732858146,0.4181992407844731,0.014674696308132291
0.46707118567572936,0.42431349235183724,0.020629237929294806
0.45475772721845065,0.43872517637016395,0.018173061055510524
0.446468932423691,0.4474725017191128,0.026878631430402884
0.4354742919743355,0.4547101099905878,0.02612798681294632
0.42643296365785177,0.4592929196225641,0.025451557465104004
0.42005085451068813,0.46952433972257823,0.024029385391283888
0.41370392040758597,0.47663190979728637,0.02004533062480533
0.4054681208359394,0.48010281948801053,0.01641458231151889
0.3994054349517024,0.48616087373628974,0.018524624652083037
0.39026448492682986,0.4896948613366524,0.01707135939860371
0.3813129413197169,0.4919158119158119,0.015581446023918236
0.37845579846257404,0.5000467732706186,0.014175088655511077
0.36934150621169975,0.49961492011714864,0.018721933228093988
0.36523880399426545,0.5070636217681818,0.018202344346146662
0.35709117468979346,0.508403841082379,0.022395142363322535
0.3538653682381806,0.5122984544695071,0.021901535140794785
0.3470616002734338,0.5166436406058159,0.027772653274314118
0.3443672060600523,0.5190025027962613,0.023253561100035115
0.3389139709689618,0.5193877542234768,0.02447076480656763
0.334900758747657,0.5226688693863654,0.02398654792769802
0.3311701803030213,0.5240667609976635,0.025128142159731456
0.32732984843773727,0.5235058425853076,0.024911967574002967
0.3259114087214252,0.5290318460363997,0.028930013561298002
0.3217239964151449,0.5355595052992579,0.037387156741546045
0.3131496336725651,0.5382037528330039,0.03301526105527838
0.30653019750505345,0.5393006177623417,0.036126992338730415
0.2998755862934802,0.5412039053222708,0.028351975364850308
0.2970184434363373,0.5508108424756022,0.031659451005815895
0.2923741972684124,0.5528213164683752,0.03179797750665557
0.2870735791088238,0.5559267885894495,0.0282271418487738
0.2830704985997785,0.5671812224981767,0.027371768379557702
0.2758314799268609,0.5687273631216173,0.032406146804419486
0.27467541056269906,0.5740939095903113,0.03249605701010884
0.2730625073368926,0.5745955837109346,0.034810557764162406
0.2705308617672723,0.5779577351254115,0.030643075077162997
0.2692650389824622,0.5821510181296702,0.03163381703401771
0.26799921619765205,0.5826997986174749,0.032127889413238755
0.26128015832175144,0.5782511264204734,0.03362352943304655
0.25858576410836986,0.5858680214748334,0.039538553706325676
0.25312239730502006,0.5823969573523382,0.04064774299171564
0.24732208177293327,0.5808105294584424,0.0449822155961057
0.24363436683915113,0.5811967604613603,0.04608833746631053
0.23709964076048556,0.5786363636363636,0.049667642220643016
0.23155823540222054,0.5748187759952466,0.04749873671459025
0.22199216638143643,0.5686739465984749,0.04579402505146777
0.2179890858723911,0.5704572309142769,0.050791359157201024
0.2154044450796578,0.5696517592808852,0.057490211003431706
0.20986303972139275,0.5754704400491252,0.06379815274709022
0.20591295443546045,0.5738450699384815,0.06078123375774321
0.20448438300688904,0.5815659083355993,0.056051526770317536
0.20145304006477055,0.5845115475657348,0.05173625603818184
0.20145304006477055,0.5969243398857451,0.059021946500768155
0.19572730290927046,0.5970859966453602,0.05630024654805518
0.19284857689865392,0.5968253235106195,0.056143295625600775
0.18981723395653538,0.5952444783176598,0.0503758953351944
0.18981723395653538,0.6009319362807736,0.0560025742919737
0.1867858910144169,0.6115742124840253,0.06421023181243082
0.18552006822960676,0.6101864573819845,0.06321590827400794
0.18017658655916455,0.6076330019187163,0.061292623061810846
0.17616337433785983,0.6035011337868481,0.06414663972775067
0.17051567573727494,0.6029835447692591,0.07170765175393978
0.16774670314730664,0.607592549294677,0.07431114804316953
0.1665906337831448,0.6150927075833209,0.07490375514651819
0.1626405484972125,0.6191862985980634,0.06958989925163461
0.1599562859960903,0.632604317356481,0.07055350178498138
0.15478700441062374,0.6279394381379634,0.08444410728071311
0.1536309350464619,0.6368635531135531,0.09732828935260371
0.15104629425372862,0.6507346191852368,0.10735395334113747
0.14816756824311203,0.6473417007287975,0.10492208617913099
0.14816756824311203,0.6533760830131798,0.0985486765727116
0.14548330574198984,0.6605026279595245,0.1042798557334191
0.14405473431341842,0.6620086443445732,0.10886171097639732
0.13691055744160632,0.6578280542986426,0.11060135907363099
0.13549211772529426,0.661248705719294,0.10083560252243996
0.13129457370675454,0.659736984448952,0.11307398611903396
0.1274542418414705,0.668842851301622,0.1196027479156146
0.12618841905666037,0.6701686088773794,0.1146342791980031
0.12314694440228247,0.6689586078173034,0.11196457925089119
0.11708425851804546,0.6602723665223665,0.10375499758514195
0.11708425851804546,0.6770777044121695,0.10980533474286801
0.11281880765684993,0.6733472243659,0.10521376992656625
0.10997179651196645,0.6751580962425614,0.09751896243193198
0.10997179651196645,0.6836548282687053,0.10294905724330189
0.10870597372715632,0.6890177314945116,0.0920641684965593
0.10585896258227283,0.6878947368421053,0.08793377289128958
0.10424605935646639,0.7202813067150634,0.10211272112807392
0.1015617968553442,0.7429222481491085,0.12349856666434568
0.09756884805855823,0.7328237259816207,0.12555388875859044
0.09503720248893799,0.7356015037593986,0.12666644351262188
0.09261531033996599,0.7306153063818968,0.1300982660081128
0.08716207524887551,0.7267399267399267,0.1279911114628389
0.08574363553256345,0.740795518207283,0.12292566319439745
0.0802802687292136,0.7396153846153846,0.12497757852822945
0.07866736550340715,0.7733333333333333,0.13180372613178365
0.07866736550340715,0.8031311975591151,0.14623005777555087
0.07401298762322281,0.8103106847386023,0.14348234803958795
0.06989002198126984,0.8053030303030303,0.13827781088948923
0.06712104939130155,0.8014069264069266,0.14440247093389322
0.06426390653415869,0.8371848739495797,0.14212926282002392
0.05780721901040827,0.8308730158730159,0.1471883972609044
0.052396847430171443,0.8242063492063492,0.14616755244842444
0.04935537277579356,0.8194444444444444,0.14540280364780445
0.044054754616205005,0.8319444444444445,0.14556191673971003
0.03778747351021423,0.8327777777777777,0.13278126448234653
0.033837388224281915,0.8228571428571427,0.12955181770005297
0.03141549607530994,0.8123809523809523,0.1384592902505619
0.02872110186192838,0.8330769230769232,0.14907208057547391
0.026026707648546827,0.8954545454545455,0.12824305436059896
0.02029083878078739,0.8787878787878787,0.149685927699739
0.014510491959978142,0.8333333333333333,0.21081851067789195
0.011935982879504236,1.0,0.0
0.009251720378382053,1.0,0.0
0.007985897593571926,1.0,0.0
0.00541138851309802,1.0,0.0
0.00425531914893617,1.0,0.0
0.0028368794326241132,1.0,0.0
0.0028368794326241132,1.0,0.0
0.0014184397163120566,1.0,0.0
0.0014184397163120566,1.0,0.0
0.0,1.0,0.0
0.0,1.0,0.0
0.0,1.0,0.0
0.0,1.0,0.0
0.0,1.0,0.0
0.0,1.0,0.0
0.0,1.0,0.0
0.0,1.0,0.0
0.0,1.0,0.0
0.0,1.0,0.0
0.0,1.0,0.0
0.0,1.0,0.0
0.0,1.0,0.0
0.0,1.0,0.0
0.0,1.0,0.0
0.0,1.0,0.0
0.0,1.0,0.0
0.0,1.0,0.0
0.0,1.0,0.0
0.0,1.0,0.0
0.0,1.0,0.0
0.0,1.0,0.0
0.0,1.0,0.0
0.0,1.0,0.0
0.0,1.0,0.0
0.0,1.0,0.0
0.0,1.0,0.0
0.0,1.0,0.0
0.0,1.0,0.0
0.0,1.0,0.0
0.0,1.0,0.0
0.0,1.0,0.0
0.0,1.0,0.0
0.0,1.0,0.0
0.0,1.0,0.0
0.0,1.0,0.0
0.0,1.0,0.0
0.0,1.0,0.0
0.0,1.0,0.0
0.0,1.0,0.0
0.0,1.0,0.0
0.0,1.0,0.0
0.0,1.0,0.0
0.0,1.0,0.0
0.0,1.0,0.0
0.0,1.0,0.0
0.0,1.0,0.0
0.0,1.0,0.0
0.0,1.0,0.0
0.0,1.0,0.0
0.0,1.0,0.0
0.0,1.0,0.0
0.0,1.0,0.0
0.0,1.0,0.0
0.0,1.0,0.0
0.0,1.0,0.0
0.0,1.0,0.0
0.0,1.0,0.0
0.0,1.0,0.0
0.0,1.0,0.0
0.0,1.0,0.0
0.0,1.0,0.0
0.0,1.0,0.0
0.0,1.0,0.0
0.0,1.0,0.0
0.0,1.0,0.0
