recall_ave_seq,precision_ave_seq,std_precision
1.0,0.10881226053639848,0.010380243052983955
1.0,0.10881226053639848,0.010380243052983955
1.0,0.10881226053639848,0.010380243052983955
1.0,0.10881226053639848,0.010380243052983955
0.9925233644859812,0.11301441605336422,0.01119156771214099
0.9850467289719627,0.12257023160853253,0.02628545528505123
0.9671733974718973,0.13272487706863254,0.033067699354731334
0.9305911374036597,0.16913725674715813,0.03841683026099784
0.8849549457785061,0.19399581250198378,0.04619324380768207
0.8673620887472342,0.21818293916575088,0.053700105196771736
0.8394349682074754,0.23542586737727705,0.05243722526939106
0.7988198257570982,0.2529610590323932,0.0425270880524445
0.7686408902214558,0.2722554652571136,0.031810935352818204
0.7531222355527667,0.2912946643400953,0.03237691928143777
0.7351694456070702,0.30325704390703756,0.030893667700024045
0.724734366017812,0.3172675175993523,0.033263232668403836
0.7071410261716753,0.32316355920500783,0.02532684174901686
0.6905858339844331,0.3315443543326702,0.023598734342509017
0.6818787140615852,0.34015154924822133,0.021093437946473503
0.6803039109119788,0.34878718219385657,0.016252180299169243
0.676923508686904,0.3590785297325073,0.018081265349194877
0.6607266392737451,0.3671401703157605,0.013543920687676911
0.6539022750205592,0.3766992163476761,0.012559377727469404
0.6450291690735628,0.3814116442267307,0.007606362035206188
0.6400227505883253,0.3893471011966415,0.009312953010656126
0.6325186370230441,0.39530515907056607,0.012482813617432404
0.6253219931629539,0.39956015131367273,0.012412695080931247
0.621941590937879,0.40592413868319993,0.015238065116389265
0.6094961532580219,0.4088048846592261,0.009321351230230715
0.6044773880803046,0.41376891299899266,0.007772396850696143
0.6010969858552297,0.4204826803434578,0.007588236870669515
0.5961417804805486,0.4253885850524307,0.008165002963728882
0.5906995225853706,0.43119932356743956,0.01030982628294776
0.5819792886862304,0.43559249881045403,0.014283717251664586
0.57642225787746,0.43720794519358125,0.013388833199965129
0.5711083696870316,0.4401997616867407,0.013977790857342057
0.5693539837221193,0.44663285555371884,0.012822970018693973
0.5659735814970445,0.4505318217199468,0.015162676741929278
0.5627215489767192,0.45429013280142205,0.00995385809915937
0.5627215489767192,0.45996819975702774,0.01161673719097157
0.5627215489767192,0.4660097518309837,0.013655045299649235
0.5627215489767192,0.4698604851508879,0.015327822438073756
0.5627215489767192,0.47391087494889483,0.015382897460661668
0.5557824118099409,0.47479926845595716,0.009126681757292173
0.5519661701749257,0.48106075811804655,0.008925393444481117
0.5503913670253194,0.4859410279324985,0.010078908929727572
0.5462676556851133,0.48966627264069673,0.014208194869493216
0.5414408200151817,0.48957517623165253,0.014511258898111525
0.5414408200151817,0.4974533104220213,0.009377288365453686
0.5414408200151817,0.49904660033855935,0.007921813375904852
0.5393789643450786,0.5014388461313077,0.008107957283774333
0.5393789643450786,0.5085883552129763,0.00967812990712332
0.5378041611954723,0.5173701877469854,0.0037692408083776605
0.5285592584564363,0.5155872122936596,0.0030945688816634664
0.5264974027863332,0.5213757248504669,0.008718333402629596
0.5248713865261705,0.5226188341966991,0.010350195715931595
0.5191859860126504,0.5260529153636756,0.01346720152972168
0.5157420239845395,0.5285419593116518,0.01487056981896812
0.5123616217594646,0.5311239979593975,0.014456553232048043
0.503769757565074,0.5290131198301664,0.016286118315287028
0.5021949544154677,0.5335012093962936,0.017521757318529497
0.5003257955369631,0.5384754667467055,0.017018619178727348
0.4953705901622819,0.538848219549936,0.018834252585644095
0.48812350047544795,0.5403406783219229,0.017286317587038327
0.48280961228501973,0.5450273499254301,0.01879638034518608
0.48280961228501973,0.5484821825922495,0.022114679797023088
0.4775600511814401,0.5524747822024167,0.019137408187990545
0.47549819551133704,0.5561019207793402,0.01980303510449112
0.47343633984123396,0.5577646876388296,0.017393756360394984
0.4700559376161591,0.5596117474758252,0.015105562677753977
0.4646648928315374,0.561090021090021,0.02153694349952674
0.4646648928315374,0.5623134917516939,0.020714649593867682
0.4613357037170188,0.5632538004631028,0.02467420535958662
0.4613357037170188,0.5700160791589364,0.024088040213534
0.4594665448385141,0.5738302787454508,0.024831125881896492
0.45771215887360184,0.5736780993212844,0.025163038163967998
0.4542033869437773,0.5765117397738615,0.027578651097977525
0.4486463561350069,0.5785829467331335,0.026869482188891926
0.4434480081419837,0.5810943612554507,0.027855669153034383
0.43524077024697727,0.5838043814266808,0.024837426879648992
0.43366596709737093,0.5845725181193596,0.024634350107656217
0.42691875943837854,0.5840726016855303,0.020874542366473008
0.42534395628877225,0.5874663592573461,0.02426420068448252
0.42371794002860963,0.5932711761312167,0.02243529193010579
0.41990169839359426,0.5957224001984539,0.02519642919342591
0.41451065360897255,0.6010757820128809,0.029816785881780113
0.41451065360897255,0.6020694165416808,0.028533322231573916
0.4079806450846851,0.601984401984402,0.031138665446547368
0.4064058419350788,0.6083833779591143,0.03520562720621383
0.4064058419350788,0.6126701233238412,0.036884850516825995
0.4048310387854725,0.6128930505295345,0.036565614457777035
0.3971985555154417,0.6132073000660985,0.038523479516577044
0.393267540966834,0.6151030276224627,0.039878687872515695
0.393267540966834,0.6290164548566188,0.037643179823396884
0.3882611224815965,0.6336105205769222,0.03799164653139629
0.3865067365166842,0.6402619087045316,0.03826762848825588
0.38129527454736856,0.6467444572562762,0.034930631482491176
0.377786502617544,0.6487516122375276,0.038290638672303645
0.3742913274788767,0.6466798596883343,0.03737099021813198
0.3656994632844861,0.6515798242941531,0.041996192706209835
0.3582465628297614,0.6590441303820509,0.03555055831795324
0.3529970017261818,0.6624105371590445,0.03202257685967249
0.3441743416059289,0.6644849115722191,0.03479472156051785
0.3404360238489196,0.6737161554881475,0.03262163127695515
0.33694084871025237,0.6866177243033739,0.040155719366277536
0.32919359252662916,0.6962855876814003,0.05142858913035042
0.3236877748284151,0.7036087978670176,0.05031917426607165
0.31673504087047955,0.6997203061539748,0.05477625475316942
0.30941051012050447,0.7035367488488663,0.060084270168253504
0.30174117781488735,0.7183668618962736,0.06366083838179973
0.29271347421055627,0.7166517048408638,0.06947527741241605
0.2843011928314717,0.7305503282079397,0.08372549602576494
0.27624646694265775,0.7247062736823436,0.0793681048038641
0.2727376950128332,0.7255179093207262,0.0859442662482102
0.2611124385733529,0.7188631510355331,0.08121302689136174
0.2539806046149763,0.7222217420383804,0.07461682565632552
0.24309685610843296,0.7259108497914468,0.0915496363191777
0.2361065058310984,0.7283759772565743,0.09731034708232869
0.22952528419625465,0.7371536072623028,0.1020068679918448
0.2187186922839047,0.7468600093600093,0.11113717607300486
0.2100251691522142,0.753430619559652,0.12208590086406186
0.19678681938701076,0.7576046914872734,0.12865200255954257
0.18996245513382487,0.7702286018075493,0.15047822613850503
0.17769583298546104,0.7629971988795519,0.15828284750818286
0.16856647044383002,0.7575,0.15930350375937663
0.1533688822714891,0.7547909698996655,0.1614623003672474
0.14781185146271875,0.7596825396825397,0.158379294757271
0.14116707002483886,0.7856999641962048,0.18445551203033342
0.13767189488617157,0.8062676896845694,0.17530078940915036
0.1276335972469244,0.8101863354037266,0.15973389605409355
0.12212777954871032,0.8075775620632459,0.1600839010366294
0.11022032303095845,0.808464723682115,0.15352709403377449
0.09547036987752099,0.829902248289345,0.1457606840990288
0.0884533088327367,0.8205483405483405,0.15124829382267918
0.08525248942296781,0.8226053639846743,0.14219794349513787
0.07998981434309582,0.8209259259259258,0.1377304777429968
0.06783844792318923,0.8098550724637683,0.12809298764788832
0.047325530419889496,0.773015873015873,0.12008542352974597
0.04242153815576462,0.810576923076923,0.1604242710613395
0.03151156169663644,0.6666666666666666,0.36514837167011077
0.023406750022742666,0.865,0.16703293088490065
0.021652364057830383,0.8761904761904761,0.1523809523809524
0.0166971586831492,0.9028571428571428,0.1220237514517864
0.013367969568630622,0.9333333333333332,0.13333333333333336
0.010218363269418024,0.9333333333333332,0.13333333333333336
0.010218363269418024,0.9333333333333332,0.13333333333333336
0.006709591339593463,0.9,0.2
0.0033804022250748826,0.9,0.2
0.0017543859649122805,0.9,0.2
0.0017543859649122805,1.0,0.0
0.0,1.0,0.0
0.0,1.0,0.0
0.0,1.0,0.0
0.0,1.0,0.0
0.0,1.0,0.0
0.0,1.0,0.0
0.0,1.0,0.0
0.0,1.0,0.0
0.0,1.0,0.0
0.0,1.0,0.0
0.0,1.0,0.0
0.0,1.0,0.0
0.0,1.0,0.0
0.0,1.0,0.0
0.0,1.0,0.0
0.0,1.0,0.0
0.0,1.0,0.0
0.0,1.0,0.0
0.0,1.0,0.0
0.0,1.0,0.0
0.0,1.0,0.0
0.0,1.0,0.0
0.0,1.0,0.0
0.0,1.0,0.0
0.0,1.0,0.0
0.0,1.0,0.0
0.0,1.0,0.0
0.0,1.0,0.0
0.0,1.0,0.0
0.0,1.0,0.0
0.0,1.0,0.0
0.0,1.0,0.0
0.0,1.0,0.0
0.0,1.0,0.0
0.0,1.0,0.0
0.0,1.0,0.0
0.0,1.0,0.0
0.0,1.0,0.0
0.0,1.0,0.0
0.0,1.0,0.0
0.0,1.0,0.0
0.0,1.0,0.0
0.0,1.0,0.0
0.0,1.0,0.0
0.0,1.0,0.0
0.0,1.0,0.0
0.0,1.0,0.0
0.0,1.0,0.0
0.0,1.0,0.0
0.0,1.0,0.0
0.0,1.0,0.0
0.0,1.0,0.0
