recall_ave_seq,precision_ave_seq,std_precision
1.0,0.07398523985239852,0.008050710047701637
1.0,0.07398523985239852,0.008050710047701637
1.0,0.07398523985239852,0.008050710047701637
0.9619047619047618,0.08089235669951428,0.017437696674415987
0.8738095238095237,0.11015375153751539,0.07450529413110164
0.8527240896358543,0.11967090577801516,0.08335906539075304
0.5676960784313725,0.2005338358303868,0.0863642368019089
0.4901462244472257,0.24927537079726073,0.08983756770610941
0.3818028785982478,0.2955203754718906,0.040271025252358074
0.3520865665415102,0.321277340755688,0.0360164630073772
0.3444198998748435,0.3420249995592461,0.032430348104732956
0.33445890696704217,0.3476170947845982,0.03300864804284496
0.32912557363370876,0.3662420400807932,0.03794471152873051
0.31453692115143933,0.3770729120036519,0.04230036655118454
0.311595744680851,0.38451767267544945,0.04602927953348983
0.3059879015435961,0.39031161248818724,0.05316825636598266
0.3033212348769295,0.4051739854294286,0.05609690406957441
0.2979879015435961,0.4032560903149138,0.05329933737083908
0.2979879015435961,0.41779679144385024,0.05839596743074548
0.2926657726920555,0.4157997995436419,0.06310254833675971
0.2905381131175875,0.42491766397638775,0.06760888342078986
0.2852047797842542,0.42065968999395736,0.05720824556874722
0.2828238274033018,0.4264981766479853,0.059602751269763284
0.28069616782883366,0.43254334067143646,0.06500736020439385
0.2707675964002622,0.43423535497330273,0.06596663834529506
0.2682675964002622,0.4373931682593316,0.07148307684816393
0.2682675964002622,0.4516646443288441,0.07925942414543441
0.26576759640026226,0.45256061283507726,0.07756436689700963
0.26576759640026226,0.45712589858076724,0.07299644985474102
0.26576759640026226,0.4599584108960381,0.07083374905556644
0.2636399368257941,0.4633875888806959,0.07160286480929505
0.2588780320638894,0.46402512028024745,0.06432755488908228
0.256497079682937,0.46812438478342877,0.05742067258258624
0.253997079682937,0.4755449505449506,0.066144725854165
0.24892824363788071,0.47293804786762533,0.0677494645075392
0.24892824363788071,0.4776103896103897,0.06510717969133997
0.24642824363788068,0.48991341991341997,0.05629962917260575
0.24642824363788068,0.48991341991341997,0.05629962917260575
0.24430058406341262,0.5025088978508951,0.06721108248809489
0.24430058406341262,0.5065620483878034,0.06738402469700669
0.24135940759282434,0.5095252335383915,0.07238246262616656
0.23841823112223612,0.5056945883771011,0.07803292774531276
0.23365632636033135,0.5021690495884045,0.07510006582526367
0.22804848322307647,0.5013279132791328,0.07574864612264699
0.2259208236486084,0.4996885690168377,0.07584827619587163
0.2259208236486084,0.5176077743249909,0.08594006244196303
0.2259208236486084,0.5277925074818424,0.07767529411657663
0.22353987126765604,0.5311626667343545,0.06665926937454986
0.22353987126765604,0.5397712550607288,0.06177753064263038
0.22353987126765604,0.5435990062569009,0.06141711211208647
0.22059869479706778,0.5430489776691365,0.07033905592220475
0.21809869479706778,0.5579823219445861,0.08236138890910356
0.21321774241611538,0.5526711487023783,0.08174984917601132
0.21321774241611538,0.5556870217182512,0.08105102904467554
0.21321774241611538,0.5578640899330554,0.08144505040036427
0.21071774241611538,0.565013215317475,0.07041654733781946
0.20510989927886047,0.5639850767893364,0.08469945525428328
0.20510989927886047,0.5774374577417174,0.09278339633917766
0.20510989927886047,0.581624649859944,0.09355387537513209
0.20510989927886047,0.5839775910364147,0.09383806179040233
0.20031557303772574,0.6019937205651492,0.08775807320790292
0.20031557303772574,0.6201855600539811,0.09536688853734131
0.20031557303772574,0.6306794871794872,0.08983346781413641
0.20031557303772574,0.6363461538461539,0.09358131328381611
0.20031557303772574,0.6404840848806366,0.0923317731495508
0.19818791346325765,0.638799687717516,0.09305294740402141
0.19818791346325765,0.638799687717516,0.09305294740402141
0.19568791346325765,0.6386805223761746,0.09275870318624904
0.190521246796591,0.6455606792563315,0.10871156651982579
0.1881402944156386,0.6430244473722735,0.10735698659351095
0.1881402944156386,0.6430244473722735,0.10735698659351095
0.1881402944156386,0.6489068003134499,0.09990640779057515
0.18575934203468622,0.6461400018944776,0.09875849816619504
0.18337838965373382,0.6431096988641746,0.09784549306118914
0.18071172298706717,0.6394733352278109,0.09139683417665567
0.17777054651647892,0.6402576489533012,0.10200695324828878
0.1727229274688599,0.6353606237816763,0.09272882970018985
0.1727229274688599,0.6420272904483431,0.08349613954103251
0.1727229274688599,0.6524746208956735,0.0736504339267085
0.1727229274688599,0.6646353646353645,0.07487307264903993
0.1727229274688599,0.6675951955021722,0.07398418976345907
0.1727229274688599,0.6706959706959706,0.07355415131575471
0.1682143155134394,0.6725562019679666,0.07220487753081413
0.1682143155134394,0.6725562019679666,0.07220487753081413
0.16583336313248703,0.7020384615384616,0.09119145605156621
0.16583336313248703,0.7020384615384616,0.09119145605156621
0.16120570355801894,0.697419028340081,0.0935756525163328
0.15826452708743072,0.6947072072072072,0.09988453076955721
0.15559786042076404,0.6965705612444743,0.09021870383320074
0.15321690803981167,0.6924038945778076,0.09101893745895882
0.15027573156922344,0.6943519465258595,0.10091322347400548
0.15027573156922344,0.7002808002808003,0.09911583685228312
0.15027573156922344,0.7041847041847042,0.09951794173078314
0.1449423982358901,0.6992496392496393,0.08340680156939567
0.1400614458549377,0.7029059829059829,0.06404806800345761
0.13489477918827103,0.6973504273504274,0.051984083607377315
0.1319536027176828,0.7384615384615385,0.14457840346700676
0.12945360271768283,0.7393205487323135,0.14495804781760016
0.12945360271768283,0.7481440781440781,0.1439936404989188
0.12732594314321471,0.761087801087801,0.14531327522302012
0.12494499076226236,0.7559595959595959,0.14807626048937864
0.12006403838130997,0.7470418470418471,0.1513347376368781
0.11445619524405508,0.7502164502164502,0.14739989572315443
0.11445619524405508,0.7867261904761904,0.11614857021423809
0.1120752428631027,0.7800595238095238,0.1217563852409342
0.10487874724357829,0.7690968801313629,0.1365682303817676
0.10487874724357829,0.8168498168498168,0.11085806901320104
0.1022120805769116,0.8168498168498168,0.11085806901320104
0.10008442100244352,0.8358974358974358,0.11796265246562505
0.09307580904702306,0.85,0.1457737973711325
0.09094814947255499,0.8489130434782609,0.14560349608382914
0.08643953751713451,0.8370129870129869,0.162446716616819
0.0763707014720782,0.819047619047619,0.17405397030949588
0.07092952500148995,0.8047619047619048,0.19541223360650659
0.07092952500148995,0.8047619047619048,0.19541223360650659
0.062418886703617615,0.8247058823529411,0.18303099743147674
0.05779122712914954,0.8333333333333333,0.18378731669453627
0.05353590798021337,0.8292307692307691,0.18322553761180807
0.0465272960247929,0.8318181818181818,0.18938787869090598
0.04227197687585672,0.8277777777777778,0.18790593916986403
0.03960531020919006,0.85,0.2
0.03534999106025389,0.9,0.20000000000000004
0.030722331485785803,0.9,0.20000000000000004
0.0282223314857858,0.9,0.20000000000000004
0.02609467191131772,0.9,0.20000000000000004
0.021467012336849632,0.9,0.20000000000000004
0.01908605995589725,0.9,0.20000000000000004
0.016958400381429168,1.0,0.0
0.0070086119554204655,1.0,0.0
0.004508611955420466,1.0,0.0
0.004508611955420466,1.0,0.0
0.004508611955420466,1.0,0.0
0.0023809523809523807,1.0,0.0
0.0023809523809523807,1.0,0.0
0.0023809523809523807,1.0,0.0
0.0023809523809523807,1.0,0.0
0.0023809523809523807,1.0,0.0
0.0023809523809523807,1.0,0.0
0.0,1.0,0.0
0.0,1.0,0.0
0.0,1.0,0.0
0.0,1.0,0.0
0.0,1.0,0.0
0.0,1.0,0.0
0.0,1.0,0.0
0.0,1.0,0.0
0.0,1.0,0.0
0.0,1.0,0.0
0.0,1.0,0.0
0.0,1.0,0.0
0.0,1.0,0.0
0.0,1.0,0.0
0.0,1.0,0.0
0.0,1.0,0.0
0.0,1.0,0.0
0.0,1.0,0.0
0.0,1.0,0.0
0.0,1.0,0.0
0.0,1.0,0.0
0.0,1.0,0.0
0.0,1.0,0.0
0.0,1.0,0.0
0.0,1.0,0.0
0.0,1.0,0.0
0.0,1.0,0.0
0.0,1.0,0.0
0.0,1.0,0.0
0.0,1.0,0.0
0.0,1.0,0.0
0.0,1.0,0.0
0.0,1.0,0.0
0.0,1.0,0.0
0.0,1.0,0.0
0.0,1.0,0.0
0.0,1.0,0.0
0.0,1.0,0.0
0.0,1.0,0.0
0.0,1.0,0.0
0.0,1.0,0.0
0.0,1.0,0.0
0.0,1.0,0.0
0.0,1.0,0.0
0.0,1.0,0.0
0.0,1.0,0.0
0.0,1.0,0.0
0.0,1.0,0.0
0.0,1.0,0.0
0.0,1.0,0.0
0.0,1.0,0.0
0.0,1.0,0.0
0.0,1.0,0.0
0.0,1.0,0.0
0.0,1.0,0.0
0.0,1.0,0.0
0.0,1.0,0.0
0.0,1.0,0.0
0.0,1.0,0.0
0.0,1.0,0.0
0.0,1.0,0.0
0.0,1.0,0.0
0.0,1.0,0.0
0.0,1.0,0.0
