recall_ave_seq,precision_ave_seq,std_precision
1.0,0.07398523985239853,0.003471381498565826
1.0,0.07398523985239853,0.003471381498565826
1.0,0.07398523985239853,0.003471381498565826
1.0,0.07398523985239853,0.003471381498565826
0.9926829268292682,0.07834184076067655,0.010059422593155258
0.8903729513485612,0.12875724103988814,0.06301360371137647
0.796111326192627,0.1883733553672588,0.09712009283496197
0.7243721240213054,0.2153495073384998,0.11407101770085945
0.5680248033182659,0.2928649576328485,0.04689961063524033
0.4965078716888495,0.32519121911628607,0.025505688569601486
0.4668141300895505,0.34282857695102426,0.016994721455864694
0.4399881616776594,0.35344662429768814,0.016003593835350244
0.41770182748576784,0.36188305058127795,0.022465721642888025
0.3900242246605984,0.36271507052097773,0.025103941704258996
0.36201795960120936,0.3624903551718211,0.02460427254612277
0.3466920757487636,0.3735248092754678,0.013286004626942348
0.33446469157015984,0.3787646713615023,0.01646625040701258
0.3169041107675699,0.3767516710792017,0.0191688790129543
0.30693334417579876,0.3824684283955059,0.022729349049645565
0.29714498438743897,0.3879352433928529,0.020579216513021237
0.2871161457863763,0.39915170592970667,0.02086485294259489
0.28190728395650994,0.40642821985233796,0.025162900328750248
0.27678660554816026,0.41076353928299003,0.02890365398696045
0.2743174697456911,0.41798774983881365,0.026585830197813343
0.26365926727325545,0.42755133519714644,0.027298610249887775
0.2612783148923031,0.4336977375280048,0.03269681933364702
0.2563400432873648,0.4342217484008528,0.030899322290052756
0.25360031725996757,0.44195858618275174,0.03805334889633082
0.24631120468630216,0.4453595917010551,0.03226793972271672
0.23902209211263675,0.44023677078876045,0.03156233469304894
0.2335426400578422,0.43761612750933426,0.03599807709332657
0.2286645912773544,0.4407482870897505,0.0303429208070614
0.22619545547488523,0.4426490514905149,0.030915325305399893
0.2188181594797031,0.4390262515262515,0.0369305565140003
0.21390999928699003,0.4402288810260947,0.03673105202662671
0.21152904690603766,0.43892239616800055,0.03916347365892033
0.21152904690603766,0.4430154702213526,0.04058004776177442
0.20665099812554985,0.44431637519872813,0.030716492585998026
0.20418186232308072,0.44323529411764706,0.03212957653909112
0.20171272652061162,0.4473078747628083,0.030379371081812975
0.192072772978219,0.441989247311828,0.030457635777856307
0.18960363717574988,0.44578900709219865,0.03586167688102268
0.18478366040455357,0.44553723138430784,0.03754996734289572
0.18234463601430967,0.45131661442006266,0.0365850464045671
0.17987550021184054,0.4533363188535603,0.04204169179582191
0.17987550021184054,0.4562919838781908,0.03960675036577117
0.17439604815704604,0.4531746031746032,0.04172520453363466
0.17195702376680214,0.4629222629222629,0.038922391824805114
0.16951799937655823,0.4669515669515669,0.033254100196956966
0.16704886357408907,0.4742846525455221,0.019474442541103126
0.1646679111931367,0.4725752508361204,0.02866515362838277
0.16192818516573942,0.479304347826087,0.02192546231942681
0.15945904936327032,0.48654244306418215,0.011014025737698043
0.15702002497302642,0.492187566448436,0.016229156931822877
0.15428029894562917,0.5092486651411137,0.022241999210199665
0.15181116314316,0.5111111111111111,0.02613164895903096
0.15181116314316,0.5158541941150637,0.029557902132714527
0.15181116314316,0.5319327731092437,0.03946896996913404
0.1493721387529161,0.5487581699346405,0.04239125193772339
0.1469331143626722,0.5520436563780217,0.05453762707913576
0.14419338833527498,0.5531527070364082,0.045694164832631785
0.14172425253280582,0.5637486822686063,0.05413573784036594
0.13934330015185345,0.5589867775067016,0.06023712614896808
0.13687416434938432,0.5726375711574953,0.05568726881637387
0.13687416434938432,0.5726375711574953,0.05568726881637387
0.13687416434938432,0.5846498599439776,0.05885164060856215
0.13687416434938432,0.5846498599439776,0.05885164060856215
0.13169541393174314,0.5812001215396112,0.05091639086034785
0.1268453257483216,0.5790138867217974,0.058880914053475585
0.12193716555560859,0.590017825311943,0.07413915606275688
0.11702900536289555,0.5867450980392157,0.06660407673178383
0.11455986956042641,0.5882156862745098,0.05613874447559059
0.11455986956042641,0.5965490196078431,0.06357993633606648
0.11455986956042641,0.6008823529411764,0.05877154565781023
0.11455986956042641,0.6055924978687127,0.054635222258985414
0.11455986956042641,0.6055924978687127,0.054635222258985414
0.11455986956042641,0.6255434782608695,0.05037274420297272
0.1121208451701825,0.6215909090909091,0.05546882578177417
0.10730086839898623,0.6242857142857142,0.05234630889013825
0.10730086839898623,0.6451981351981353,0.05934570794912619
0.10491991601803385,0.6612440191387561,0.07086555330302245
0.10004186723754604,0.6727654698242934,0.11450034871338954
0.10004186723754604,0.6727654698242934,0.11450034871338954
0.10004186723754604,0.6727654698242934,0.11450034871338954
0.10004186723754604,0.6889069264069264,0.10727892667152332
0.0975727314350769,0.6920113220113221,0.0987814426222084
0.0901653240276695,0.6887878787878788,0.09110887139176399
0.08769618822520035,0.7082828282828284,0.07810217016701566
0.08522705242273122,0.7112987012987013,0.06311955528521201
0.08278802803248733,0.7160606060606061,0.058506041065334975
0.08278802803248733,0.7281818181818183,0.053039825984781186
0.08278802803248733,0.7281818181818183,0.053039825984781186
0.07766734962413768,0.7154545454545455,0.06640720860999884
0.07519821382166854,0.7466666666666667,0.08589399151150087
0.07275918943142465,0.7616666666666667,0.09938701010583718
0.0675804390137835,0.7514285714285716,0.10035763712243422
0.06511130321131434,0.8114285714285714,0.12853967861945137
0.0602031430186013,0.8433333333333334,0.13482498944104457
0.05255525679849101,0.8333333333333333,0.13944333775567927
0.050086120996021874,0.8166666666666667,0.1527525231651947
0.047616985193552744,0.7999999999999999,0.16329931618554522
0.04523603281260036,0.7916666666666666,0.1707825127659933
0.04523603281260036,0.7916666666666666,0.1707825127659933
0.042496306785203095,0.8095238095238095,0.15649215928719032
0.042496306785203095,0.8095238095238095,0.15649215928719032
0.042496306785203095,0.8095238095238095,0.15649215928719032
0.03737562837685345,0.7999999999999999,0.16329931618554522
0.034635902349456196,0.7999999999999999,0.16329931618554522
0.02975785356896839,0.7999999999999999,0.16329931618554522
0.02737690118801601,0.7866666666666666,0.1758787461103056
0.02737690118801601,0.7866666666666666,0.1758787461103056
0.02463717516061875,0.7866666666666666,0.1758787461103056
0.02463717516061875,0.7866666666666666,0.1758787461103056
0.01978708697719723,0.7333333333333333,0.22607766610417562
0.01978708697719723,0.8,0.2449489742783178
0.01734806258695333,0.8,0.2449489742783178
0.01734806258695333,0.8,0.2449489742783178
0.012497974403531814,0.8,0.2449489742783178
0.0073772959951821735,0.7,0.4
0.0073772959951821735,0.7,0.4
0.0073772959951821735,0.9,0.20000000000000004
0.0073772959951821735,0.9,0.20000000000000004
0.0073772959951821735,0.9,0.20000000000000004
0.0073772959951821735,1.0,0.0
0.0024691358024691358,1.0,0.0
0.0024691358024691358,1.0,0.0
0.0024691358024691358,1.0,0.0
0.0024691358024691358,1.0,0.0
0.0024691358024691358,1.0,0.0
0.0024691358024691358,1.0,0.0
0.0024691358024691358,1.0,0.0
0.0024691358024691358,1.0,0.0
0.0024691358024691358,1.0,0.0
0.0024691358024691358,1.0,0.0
0.0024691358024691358,1.0,0.0
0.0024691358024691358,1.0,0.0
0.0024691358024691358,1.0,0.0
0.0024691358024691358,1.0,0.0
0.0024691358024691358,1.0,0.0
0.0024691358024691358,1.0,0.0
0.0024691358024691358,1.0,0.0
0.0,1.0,0.0
0.0,1.0,0.0
0.0,1.0,0.0
0.0,1.0,0.0
0.0,1.0,0.0
0.0,1.0,0.0
0.0,1.0,0.0
0.0,1.0,0.0
0.0,1.0,0.0
0.0,1.0,0.0
0.0,1.0,0.0
0.0,1.0,0.0
0.0,1.0,0.0
0.0,1.0,0.0
0.0,1.0,0.0
0.0,1.0,0.0
0.0,1.0,0.0
0.0,1.0,0.0
0.0,1.0,0.0
0.0,1.0,0.0
0.0,1.0,0.0
0.0,1.0,0.0
0.0,1.0,0.0
0.0,1.0,0.0
0.0,1.0,0.0
0.0,1.0,0.0
0.0,1.0,0.0
0.0,1.0,0.0
0.0,1.0,0.0
0.0,1.0,0.0
0.0,1.0,0.0
0.0,1.0,0.0
0.0,1.0,0.0
0.0,1.0,0.0
0.0,1.0,0.0
0.0,1.0,0.0
0.0,1.0,0.0
0.0,1.0,0.0
0.0,1.0,0.0
0.0,1.0,0.0
0.0,1.0,0.0
0.0,1.0,0.0
0.0,1.0,0.0
0.0,1.0,0.0
0.0,1.0,0.0
0.0,1.0,0.0
0.0,1.0,0.0
0.0,1.0,0.0
0.0,1.0,0.0
0.0,1.0,0.0
0.0,1.0,0.0
0.0,1.0,0.0
0.0,1.0,0.0
0.0,1.0,0.0
0.0,1.0,0.0
0.0,1.0,0.0
0.0,1.0,0.0
0.0,1.0,0.0
0.0,1.0,0.0
0.0,1.0,0.0
0.0,1.0,0.0
