recall_ave_seq,precision_ave_seq,std_precision
1.0,0.10693950177935943,0.008651420484799444
1.0,0.10693950177935943,0.008651420484799444
1.0,0.10693950177935943,0.008651420484799444
1.0,0.10693950177935943,0.008651420484799444
1.0,0.10693950177935943,0.008651420484799444
0.811002331002331,0.187722324713009,0.09915318666586256
0.6334782925407925,0.2742073062589109,0.10724193783430355
0.5850480769230769,0.32098637090575777,0.12270169438630024
0.5014969405594406,0.32521069279076975,0.12615712998903428
0.4035647338772339,0.3672443138817861,0.06061714718704021
0.39710640054390056,0.382810901534896,0.04962170748832914
0.3923193473193473,0.39743127257542266,0.05315281330448423
0.3775502622377622,0.4005745946082512,0.05439382057436544
0.374325709013209,0.410579026236921,0.05097538427003644
0.3695386557886558,0.41593460234184754,0.05020694677907238
0.3646428224553225,0.4231099750668128,0.04658467233426085
0.3614610042735043,0.4257459996455382,0.04212079711780394
0.3583360042735043,0.4293669318124044,0.040715828193633764
0.3550641025641026,0.42872261072261075,0.040909159710127485
0.35016826923076927,0.43495244027843694,0.04117480848012695
0.346943716006216,0.4394548979653362,0.04209868956922735
0.3418956390831391,0.4417747574587983,0.04161547740402751
0.33528506216006215,0.44492335095222524,0.047875082437414555
0.3337225621600622,0.4513573412127361,0.049041966252935054
0.3337225621600622,0.4583026340947554,0.05224166596511131
0.3304933954933955,0.4621714482001293,0.049261548635898475
0.32878399378399376,0.46576906617013564,0.0491285627145295
0.3256021756021756,0.4674118966809645,0.04841805021361394
0.3225718725718726,0.46960388306780604,0.04639784919820637
0.3225718725718726,0.4735496746589855,0.044072898704327006
0.3159044774669774,0.4717217217217217,0.03968604850614465
0.3159044774669774,0.484735281821593,0.0353897077068541
0.3111601592851593,0.4851423831540984,0.033338311616716326
0.3079783411033411,0.48994561046046126,0.034149414385898726
0.3079783411033411,0.4963521501380031,0.03402279879817931
0.30474917443667443,0.4996155973843601,0.03346275350792316
0.3028260975135975,0.502858664518439,0.0313858057678448
0.3028260975135975,0.5054919429157085,0.03177895699425348
0.3011166958041958,0.5094228155818301,0.027337474086884257
0.2959644522144522,0.5140261393640272,0.033938573448721074
0.29283945221445223,0.5148179976093016,0.033356934824288045
0.29113005050505053,0.5167134898734639,0.03410801583664522
0.29113005050505053,0.5223715501203892,0.029996547472509266
0.28800505050505054,0.5234424421195699,0.028913215253629485
0.2860819735819736,0.5219170183907563,0.02764522795297819
0.28249222999223,0.5270764942021239,0.024801825939008842
0.27905400155400156,0.5347437882174724,0.027668109041070112
0.27749150155400154,0.5405707873831453,0.02534434515833388
0.27749150155400154,0.5432388481084134,0.024568712908294883
0.27749150155400154,0.5471242863416776,0.022918499519276072
0.2724907731157732,0.5447564842906114,0.024769491743503364
0.27092827311577317,0.5451698023158696,0.025154205547653692
0.26556696775446775,0.5482635208330449,0.030901863632776316
0.26400446775446773,0.5510780812726053,0.026852612050105532
0.26400446775446773,0.554828033538997,0.024140699764413083
0.2587480574980575,0.54947675260109,0.020752384886888325
0.2587480574980575,0.5513200705734402,0.022916830658344853
0.25567040598290597,0.5546397593806593,0.02359852353360686
0.25396100427350426,0.5544220385593833,0.02619442252259158
0.25396100427350426,0.5544220385593833,0.02619442252259158
0.25396100427350426,0.5589378874521319,0.02350907219554992
0.25396100427350426,0.5626977664023188,0.023803347184619576
0.25073645104895104,0.5647017669625067,0.03128919249303816
0.25073645104895104,0.5684341078448629,0.02928532188956457
0.2490270493395493,0.5660049580472921,0.03204448275182369
0.2473176476301476,0.5684903381642512,0.03510831135362812
0.2473176476301476,0.5741149068322982,0.0336338988183672
0.2473176476301476,0.582009657009657,0.030751022985526576
0.2473176476301476,0.5936858141498504,0.02881999689540476
0.2457551476301476,0.5980606253851268,0.031736422271588446
0.2441926476301476,0.6000332932401476,0.0273491297889362
0.2426774961149961,0.6024738833517904,0.026796592339755634
0.24101082944832944,0.6068684478989053,0.02541991051755406
0.24101082944832944,0.6109544694042816,0.027609248492323296
0.23944832944832944,0.6182637114512641,0.028960362410088862
0.23944832944832944,0.6247677764919144,0.034849926203178075
0.23773892773892774,0.6298400441257583,0.034811509534663915
0.23617642773892772,0.6311426928448205,0.03576488295151739
0.23617642773892772,0.6417674817674818,0.043548100430840904
0.23617642773892772,0.6433224614046532,0.0409310418448054
0.23305142773892773,0.643448149040267,0.03677574190263412
0.23305142773892773,0.6551347881899872,0.04312154322400588
0.23305142773892773,0.6588332234673698,0.046143804082721396
0.23305142773892773,0.6588332234673698,0.046143804082721396
0.2298268745143745,0.6584430339467455,0.04262826657616435
0.22664505633255633,0.6660231271995978,0.05153701099799765
0.22664505633255633,0.6781066920695403,0.06318154278449774
0.2232068278943279,0.6883990261788769,0.08057220138436162
0.21976859945609947,0.6930115867615868,0.08683624472848325
0.21639253108003106,0.6888310656697754,0.08682865163964086
0.21639253108003106,0.6906026274413372,0.08456438449955683
0.21472586441336441,0.6998151340996169,0.08462887228789427
0.21149669774669774,0.6972261904761905,0.08161941226234043
0.21149669774669774,0.6972261904761905,0.08161941226234043
0.20805846930846933,0.6993650793650794,0.08123263037003958
0.2049334693084693,0.696940836940837,0.07832190724334138
0.2049334693084693,0.7087697945125663,0.0658202248966269
0.2017516511266511,0.7116937965954635,0.06316804142501198
0.2017516511266511,0.7201496789484045,0.06066731105765036
0.19852248445998444,0.7221548422438905,0.06376716555105288
0.19144716394716393,0.7216016991504248,0.06690088958332843
0.18796158702408702,0.7225869208253016,0.05985216799533901
0.1862521853146853,0.7221577847439915,0.05851478857091246
0.1862521853146853,0.7360016420361248,0.04921323620442939
0.1829802836052836,0.7390350877192982,0.04648345867296714
0.1814177836052836,0.7399635094024368,0.0411313279748549
0.1782927836052836,0.7364079538468814,0.038385577737051514
0.17485455516705517,0.7462752710464381,0.05601714923653022
0.17485455516705517,0.7489147883918378,0.0527197552878813
0.1677364996114996,0.7394384768400114,0.056616898831681584
0.1629020979020979,0.7347748142735355,0.05313809121285843
0.1629020979020979,0.7404414809402022,0.04828374419778468
0.16097902097902098,0.7407623919132871,0.048331862118892524
0.16097902097902098,0.7646081476068688,0.04414601451097132
0.15133814102564103,0.7616368286445013,0.035753981753500544
0.14967147435897435,0.7678480087687249,0.04725764437550171
0.14633814102564102,0.7886136910904712,0.0521717787305921
0.14103899572649573,0.7955985494973182,0.044019902479178016
0.13937232905982905,0.8057946279286909,0.06420826301531951
0.1344189491064491,0.8046918767507003,0.0647891045688716
0.13100014568764567,0.807107843137255,0.06641098606095697
0.13100014568764567,0.8110822021116139,0.06494909543309417
0.12050602175602176,0.8004247104247104,0.07831410339788009
0.11747571872571874,0.7985714285714287,0.0775123426642888
0.11439806721056722,0.8063176039646628,0.08180379798378165
0.11439806721056722,0.8218731595202182,0.06597047679930415
0.11247499028749028,0.8193090569561157,0.06522182115867023
0.10884251165501165,0.8535064935064935,0.06674791248808903
0.09899791181041181,0.8528693528693528,0.047957533407669346
0.09083479020979021,0.8304745063365753,0.06492551481473523
0.07478753885003885,0.7901515151515153,0.09467696758452354
0.06843798562548561,0.8401515151515152,0.12661717896550506
0.06292516511266512,0.8300000000000001,0.12434271635729659
0.0574123445998446,0.9080745341614908,0.11800588409478674
0.05104870823620824,0.9285714285714286,0.0878051853075513
0.046503253690753685,0.9313725490196079,0.08410827682167536
0.034626068376068374,0.9292307692307691,0.087894503735912
0.026747280497280496,0.96,0.07999999999999999
0.02044507575757576,0.95,0.09999999999999999
0.017414772727272727,0.9333333333333333,0.13333333333333336
0.014337121212121213,0.95,0.09999999999999999
0.011306818181818182,0.9,0.2
0.008125,0.8,0.4
0.004895833333333334,1.0,0.0
0.003333333333333333,1.0,0.0
0.003333333333333333,1.0,0.0
0.0,1.0,0.0
0.0,1.0,0.0
0.0,1.0,0.0
0.0,1.0,0.0
0.0,1.0,0.0
0.0,1.0,0.0
0.0,1.0,0.0
0.0,1.0,0.0
0.0,1.0,0.0
0.0,1.0,0.0
0.0,1.0,0.0
0.0,1.0,0.0
0.0,1.0,0.0
0.0,1.0,0.0
0.0,1.0,0.0
0.0,1.0,0.0
0.0,1.0,0.0
0.0,1.0,0.0
0.0,1.0,0.0
0.0,1.0,0.0
0.0,1.0,0.0
0.0,1.0,0.0
0.0,1.0,0.0
0.0,1.0,0.0
0.0,1.0,0.0
0.0,1.0,0.0
0.0,1.0,0.0
0.0,1.0,0.0
0.0,1.0,0.0
0.0,1.0,0.0
0.0,1.0,0.0
0.0,1.0,0.0
0.0,1.0,0.0
0.0,1.0,0.0
0.0,1.0,0.0
0.0,1.0,0.0
0.0,1.0,0.0
0.0,1.0,0.0
0.0,1.0,0.0
0.0,1.0,0.0
0.0,1.0,0.0
0.0,1.0,0.0
0.0,1.0,0.0
0.0,1.0,0.0
0.0,1.0,0.0
0.0,1.0,0.0
0.0,1.0,0.0
0.0,1.0,0.0
0.0,1.0,0.0
0.0,1.0,0.0
0.0,1.0,0.0
0.0,1.0,0.0
0.0,1.0,0.0
0.0,1.0,0.0
0.0,1.0,0.0
0.0,1.0,0.0
