recall_ave_seq,precision_ave_seq,std_precision
1.0,0.03215077605321508,0.003903950523649448
1.0,0.03215077605321508,0.003903950523649448
1.0,0.03215077605321508,0.003903950523649448
1.0,0.03215077605321508,0.003903950523649448
1.0,0.03215077605321508,0.003903950523649448
1.0,0.03215077605321508,0.003903950523649448
1.0,0.03215077605321508,0.003903950523649448
1.0,0.03215077605321508,0.003903950523649448
0.9928571428571429,0.0329100922680781,0.003982894196039735
0.9716748768472907,0.04947660793333912,0.026419100694334056
0.9288587848932677,0.07036278961398594,0.042583785058702146
0.8731527093596059,0.10847147709024105,0.044537960577650755
0.8253119868637111,0.14741262674448524,0.025921824157036765
0.8124548440065682,0.17422683420732363,0.019816295838385095
0.7986617405582923,0.19277957102823368,0.011853437085900248
0.7917651888341544,0.21448705862062592,0.014743560415873035
0.7848686371100164,0.2298305232279177,0.020219331311282222
0.7848686371100164,0.24225310112361925,0.02499429021697892
0.7720114942528735,0.25110357355766466,0.03352950192991278
0.7636781609195402,0.2615365644091772,0.03525036608820478
0.7567816091954023,0.27019887368392415,0.03358013607103364
0.7567816091954023,0.2752291603116191,0.03363864776282676
0.7498850574712643,0.2786441024879751,0.033304547218617434
0.7498850574712643,0.28675504684632475,0.0337597724453778
0.741551724137931,0.2882506066043736,0.03298236622343241
0.7332183908045977,0.2919830706670926,0.03635378408115979
0.7332183908045977,0.29597236097236096,0.036408294262411656
0.7260755336617406,0.3003231265037396,0.03305482938046951
0.7203612479474548,0.3048007965232053,0.032325300078242435
0.7203612479474548,0.3079166610508345,0.0334160447249755
0.7203612479474548,0.3079166610508345,0.0334160447249755
0.7203612479474548,0.31068779342723,0.03389870626060115
0.713464696223317,0.3136867726128395,0.028352405179555385
0.713464696223317,0.3183061257283213,0.02472760169546403
0.713464696223317,0.3245916536312605,0.02311719923417948
0.713464696223317,0.33061142444106245,0.022465227840445235
0.7065681444991789,0.33052643685641486,0.02058830976031587
0.7065681444991789,0.33502511788873834,0.01814337398780333
0.6939573070607554,0.3340496345711085,0.016874015511359163
0.6939573070607554,0.3382945726725862,0.020143149039526523
0.6939573070607554,0.3444954201559022,0.02601484371526841
0.6939573070607554,0.3489722995924546,0.02412672582352842
0.6870607553366175,0.35131801125703566,0.02518260392989782
0.6870607553366175,0.3580522983114447,0.03077259320345287
0.6870607553366175,0.35897001983043203,0.030959406433426505
0.6870607553366175,0.3600434661581156,0.029534272237166544
0.6870607553366175,0.36212559201397565,0.029843139546677708
0.6870607553366175,0.36622687213684707,0.029336173974244508
0.6870607553366175,0.36748370273794,0.0299020603354415
0.6870607553366175,0.37192225269373136,0.030765664565972548
0.6870607553366175,0.37381159142517534,0.030197327785173565
0.6870607553366175,0.38020361097508965,0.03610968373783423
0.6870607553366175,0.38564009150216044,0.03723366448291463
0.6870607553366175,0.38564009150216044,0.03723366448291463
0.6870607553366175,0.38797999297999297,0.03371298838378089
0.6870607553366175,0.38797999297999297,0.03371298838378089
0.6870607553366175,0.38952881452881455,0.03520959320835699
0.6870607553366175,0.392042042042042,0.03181879979303649
0.6870607553366175,0.39305958590169116,0.031548126518359795
0.6870607553366175,0.3941046309467362,0.031405270039648735
0.6870607553366175,0.3960960960960961,0.02999764687065863
0.6870607553366175,0.40010478299441854,0.029675838288023133
0.6870607553366175,0.40258709362482953,0.0277318164411453
0.6870607553366175,0.4040199744694751,0.025896965001669475
0.6870607553366175,0.4061220765715771,0.024094099344022957
0.6730131362889983,0.4061459455577102,0.03208198588457019
0.6730131362889983,0.4073053658475653,0.03194337759179457
0.6730131362889983,0.4090399058173994,0.033968216852880505
0.6661165845648604,0.40586530264279624,0.031134570110852047
0.6661165845648604,0.40705882352941175,0.031223334628396
0.6661165845648604,0.40828797190517996,0.031504099789340996
0.6661165845648604,0.41428033248577584,0.025112556701325915
0.6661165845648604,0.41428033248577584,0.025112556701325915
0.6661165845648604,0.419475137680581,0.029783610064859953
0.6661165845648604,0.4272866350067842,0.03155514679405599
0.6661165845648604,0.4291641860271924,0.03365516459890456
0.6661165845648604,0.4291641860271924,0.03365516459890456
0.6592200328407225,0.4312438905180841,0.03520795570407089
0.6523234811165846,0.43288611925708703,0.02615111488638256
0.6454269293924467,0.43058115471807995,0.024245049057087107
0.6454269293924467,0.4318865160234413,0.02404349411700862
0.6454269293924467,0.43468221494817244,0.02322248362435132
0.6454269293924467,0.43636661211129296,0.020488011834506943
0.6454269293924467,0.4393551178584194,0.020912994840820612
0.6454269293924467,0.4438477924158488,0.01731090084034979
0.6454269293924467,0.44704976285919856,0.019210279620180237
0.6454269293924467,0.44704976285919856,0.019210279620180237
0.6454269293924467,0.44704976285919856,0.019210279620180237
0.6454269293924467,0.448483454615471,0.01922982798222934
0.6454269293924467,0.45190679835726166,0.01976508508257427
0.6454269293924467,0.45696093795412984,0.01964876050240707
0.6454269293924467,0.46051997810618506,0.02025349184311618
0.6385303776683088,0.4696808000577046,0.011309200291214782
0.6385303776683088,0.477173161018441,0.013369152841095529
0.6316338259441707,0.47579565290838444,0.01291896347350205
0.6316338259441707,0.47579565290838444,0.01291896347350205
0.625919540229885,0.4796172407763595,0.020652460375455216
0.625919540229885,0.4839505741096929,0.029182514352646325
0.625919540229885,0.4950887828794805,0.025844480672386066
0.625919540229885,0.49697557533231074,0.026470927808824114
0.625919540229885,0.49697557533231074,0.026470927808824114
0.625919540229885,0.5046792790360144,0.026445687847160983
0.625919540229885,0.5114175824175824,0.022004640778904152
0.6187766830870279,0.5107510788099023,0.025190248144303123
0.604729064039409,0.5162825153312958,0.025329671663509797
0.604729064039409,0.5184049643108877,0.02598830060524489
0.604729064039409,0.5233185513673317,0.024365076378916613
0.5990147783251232,0.5290020263424519,0.027022674561123894
0.5990147783251232,0.5290020263424519,0.027022674561123894
0.5990147783251232,0.5370289855072464,0.03679875389432029
0.5990147783251232,0.5433447749809306,0.04805339130425085
0.5864039408866996,0.5469119286510591,0.06086410926173161
0.5864039408866996,0.5521933139324443,0.05841955213402127
0.5795073891625616,0.56370611485701,0.07307532976147503
0.5666502463054187,0.5661968265678936,0.07059689971973819
0.5666502463054187,0.5724770987755852,0.06711005852909084
0.5597536945812808,0.5706951597843439,0.06833139594741762
0.5528571428571428,0.5752763544442168,0.0693600745155141
0.5528571428571428,0.5752763544442168,0.0693600745155141
0.5528571428571428,0.5752763544442168,0.0693600745155141
0.5471428571428572,0.5759017453135101,0.06924230846419811
0.5414285714285715,0.5765947460065107,0.06913801125127267
0.5261986863711001,0.5733823529411766,0.06400834660587028
0.5193021346469622,0.5811363636363637,0.0714279450320166
0.5193021346469622,0.5890216823406479,0.07430640657530169
0.5124055829228242,0.5837585244459109,0.08105131536663444
0.5055090311986863,0.5853641391669756,0.0913162717799584
0.5055090311986863,0.5895513312852022,0.09173793859297784
0.49836617405582917,0.6005433981727084,0.10220154526070686
0.49836617405582917,0.6248506219692178,0.10694364668740937
0.4717077175697866,0.623129141311697,0.10088812289124927
0.4590968801313629,0.6276925262858767,0.10097734027447115
0.4519540229885058,0.6249257278669044,0.09925211661044675
0.4307635467980296,0.6149596070312183,0.0929970120968876
0.42504926108374386,0.6367790104632209,0.09003322708822381
0.42504926108374386,0.6626065162907269,0.09529854301181102
0.4043596059113301,0.6499866723665351,0.11603135041461846
0.39864532019704435,0.6555737169009481,0.10109025451628567
0.3857881773399015,0.6649944826415414,0.10671579489754068
0.3786453201970444,0.6677871148459383,0.10438600004873747
0.370311986863711,0.6909200603318251,0.14228603818526256
0.3634154351395731,0.7086978381096029,0.16571658372735273
0.3424794745484401,0.7083333333333333,0.16191132689771207
0.30272577996715927,0.7216450216450216,0.16106921467902513
0.29129720853858787,0.7526340326340326,0.1362322320272891
0.2477504105090312,0.7533333333333332,0.13920408678547402
0.20680623973727422,0.7606060606060605,0.1279024823660926
0.18015599343185554,0.7634632034632035,0.13055794771025153
0.1565927750410509,0.7389682539682539,0.1543377174101299
0.12969622331691297,0.7239682539682539,0.15536788160497245
0.10875205254515599,0.7033333333333334,0.16944353369518445
0.08066502463054187,0.7,0.18708286933869706
0.05710180623973728,0.75,0.22360679774997896
0.04876847290640394,0.9,0.20000000000000004
0.03497536945812808,0.9333333333333332,0.13333333333333336
0.028078817733990145,0.9333333333333332,0.13333333333333336
0.028078817733990145,0.9333333333333332,0.13333333333333336
0.020935960591133004,0.9,0.20000000000000004
0.006896551724137931,0.8,0.4000000000000001
0.0,1.0,0.0
0.0,1.0,0.0
0.0,1.0,0.0
0.0,1.0,0.0
0.0,1.0,0.0
0.0,1.0,0.0
0.0,1.0,0.0
0.0,1.0,0.0
0.0,1.0,0.0
0.0,1.0,0.0
0.0,1.0,0.0
0.0,1.0,0.0
0.0,1.0,0.0
0.0,1.0,0.0
0.0,1.0,0.0
0.0,1.0,0.0
0.0,1.0,0.0
0.0,1.0,0.0
0.0,1.0,0.0
0.0,1.0,0.0
0.0,1.0,0.0
0.0,1.0,0.0
0.0,1.0,0.0
0.0,1.0,0.0
0.0,1.0,0.0
0.0,1.0,0.0
0.0,1.0,0.0
0.0,1.0,0.0
0.0,1.0,0.0
0.0,1.0,0.0
0.0,1.0,0.0
0.0,1.0,0.0
0.0,1.0,0.0
0.0,1.0,0.0
0.0,1.0,0.0
0.0,1.0,0.0
0.0,1.0,0.0
0.0,1.0,0.0
0.0,1.0,0.0
0.0,1.0,0.0
0.0,1.0,0.0
0.0,1.0,0.0
0.0,1.0,0.0
