recall_ave_seq,precision_ave_seq,std_precision
1.0,0.07398523985239852,0.008050710047701637
1.0,0.07398523985239852,0.008050710047701637
1.0,0.07398523985239852,0.008050710047701637
1.0,0.07398523985239852,0.008050710047701637
1.0,0.0755745941145212,0.010741744443604826
0.9829787234042554,0.08861232664371252,0.035958929145737235
0.9178085106382978,0.10660085419346924,0.06473092993764606
0.822040377853269,0.1476628295678304,0.08080560628236033
0.6975233029381966,0.1867453980769536,0.07508685524923375
0.6326849335478872,0.22694281338510947,0.06662858641506036
0.5755444603373264,0.26029869670749217,0.061234469773504246
0.5347062995410929,0.2829012432647127,0.059221880741854485
0.49618368198343166,0.29742832940372316,0.06054494318073831
0.46722849991060256,0.31769071018933487,0.06461635197168952
0.45072906609452296,0.3330109546165884,0.056829816320752714
0.4277812444126587,0.34384339074330333,0.05181074204460886
0.4112910483342273,0.34823172519341244,0.04998984977374299
0.3963412599082186,0.3579993016799789,0.04554995585860611
0.39183264795279815,0.3612848932676519,0.04258961935852417
0.37894168305620124,0.3627572444907166,0.04501889871855331
0.3741797782942964,0.3743447293447293,0.0455712767016357
0.3618166160081054,0.370804889031931,0.042320126497311567
0.3473257941474462,0.3728231223529695,0.039289532451763
0.3424448417664938,0.38916775667601844,0.04341714498575088
0.3378171821920257,0.397012072012072,0.04238224910774301
0.3253561892842244,0.39712055881848457,0.04685510381572951
0.3224150128136361,0.400609137764545,0.046263203338188424
0.31552544847726327,0.4096497700962417,0.04569302824301732
0.3082311222361285,0.41249414091655473,0.04645764678927688
0.30610346266166044,0.4228316498316498,0.05343599232825767
0.30610346266166044,0.43830415231226594,0.07033283570857458
0.3015948507062399,0.43728122192273133,0.06736864087576408
0.3015948507062399,0.44633527386858357,0.06804381148863112
0.29659485070624,0.44390060233916484,0.07152619334530402
0.2856536742356517,0.43694003527336867,0.07089669674172866
0.2832727218546993,0.4397803082585692,0.06955529050906578
0.28089176947374694,0.44377224504725843,0.07299299607607268
0.2739697836581441,0.4484602884575525,0.06970353285809444
0.2686476548066035,0.4534373371239043,0.06834129457454671
0.2615199952321354,0.45806798892164746,0.07021257747555926
0.2563533285654688,0.4598358701632129,0.06777250640423163
0.25341215209488055,0.4658421660985149,0.065267237698147
0.2510311997139281,0.46557478641937056,0.06531021656379951
0.2510311997139281,0.4704985100363791,0.0613039958054807
0.24652258775850763,0.47582434950856,0.06854548672289996
0.241200458906967,0.48171679197994993,0.05963857028453786
0.23907279933249895,0.4864045166089035,0.05786319432013908
0.23657279933249895,0.48574314094752785,0.05873685624058565
0.2318108945705942,0.5045965608465609,0.0750566970732006
0.2318108945705942,0.5113900119796346,0.07081467541732842
0.22942994218964183,0.5174359762101698,0.06349428582707733
0.22942994218964183,0.5240231271995979,0.065138952130565
0.22942994218964183,0.5240231271995979,0.065138952130565
0.22382209905238692,0.5177956063061829,0.05874978456455572
0.22382209905238692,0.5232314169940945,0.06121931780907828
0.21743912032898266,0.5261538461538461,0.061245832017480815
0.21743912032898266,0.5338461538461539,0.059877971459800616
0.21264479408784792,0.5417823616833154,0.07049656660322332
0.21264479408784792,0.5456285155294692,0.06752485264118424
0.21264479408784792,0.5456285155294692,0.06752485264118424
0.21264479408784792,0.5456285155294692,0.06752485264118424
0.20788288932594315,0.5461719937903389,0.07141399794230677
0.2057552297514751,0.5489772844074416,0.0696496482919733
0.19886566541510223,0.5482790259386003,0.07403012651728876
0.19619899874843555,0.5466027951926021,0.07021933436221132
0.19619899874843555,0.5489283765879509,0.06842183685323962
0.1935323320817689,0.5488034188034188,0.06320072163230443
0.1935323320817689,0.5488034188034188,0.06320072163230443
0.1935323320817689,0.5488034188034188,0.06320072163230443
0.1914046725073008,0.5473333333333333,0.06241082527183172
0.18927701293283272,0.5500067408156387,0.060633662524188246
0.17944627212587164,0.550555129624897,0.06367779894176909
0.17412414327433104,0.5449220239917915,0.05636873344389708
0.17412414327433104,0.5449220239917915,0.05636873344389708
0.17412414327433104,0.5473583473583473,0.05512663898470153
0.16949648369986292,0.5428345378345378,0.05976589126554584
0.16949648369986292,0.5483608536240115,0.05913547029929709
0.16949648369986292,0.5555503961076717,0.06786791006171247
0.16473457893795818,0.552370745869198,0.07131403839423668
0.15662673580070324,0.5391305170716936,0.05998156111243459
0.15662673580070324,0.5391305170716936,0.05998156111243459
0.1539600691340366,0.5341305170716936,0.05328313846050795
0.1518324095595685,0.5288924218335984,0.05963081682792028
0.14639123308898025,0.5246320346320347,0.05215119012481825
0.14639123308898025,0.5276623376623377,0.05015341617802512
0.14345005661839202,0.5296825396825398,0.05102526557880175
0.14345005661839202,0.5296825396825398,0.05102526557880175
0.138402437570773,0.5425614558217176,0.056714243850497004
0.13590243757077297,0.5398876590302736,0.05619732424490329
0.1337747779963049,0.5374487967229904,0.06475769355218791
0.1337747779963049,0.5459033613445378,0.054704204236611785
0.1337747779963049,0.5495323936026024,0.05626445534965616
0.1316471184218368,0.5429147465437788,0.06622470158677168
0.1316471184218368,0.5500576036866359,0.06306127912706619
0.12926616604088442,0.5506070542360865,0.06294577524254678
0.12926616604088442,0.5506070542360865,0.06294577524254678
0.12926616604088442,0.5506070542360865,0.06294577524254678
0.12926616604088442,0.5603113553113553,0.05500935187911835
0.1265994993742178,0.5537179487179487,0.05525685644415012
0.12171854699326538,0.5472670203359858,0.05454571295309408
0.12171854699326538,0.5472670203359858,0.05454571295309408
0.12171854699326538,0.5740985221674877,0.0828885962947204
0.11933759461231301,0.5744463482544442,0.08266419764991922
0.11933759461231301,0.5791894312583967,0.0801459138108882
0.11667092794564633,0.5825227645917301,0.08059427993883732
0.11204326837117826,0.5761808561808561,0.09234965925927505
0.11204326837117826,0.5761808561808561,0.09234965925927505
0.10991560879671018,0.5673896473896474,0.10692488750836872
0.10697443232612194,0.5687749287749287,0.09593208150381037
0.10697443232612194,0.5687749287749287,0.09593208150381037
0.10459347994516957,0.5691228070175438,0.09669319670315525
0.10209347994516955,0.5660458839406208,0.09540836472590132
0.10209347994516955,0.584379217273954,0.10500246708034511
0.10209347994516955,0.5898139998826497,0.10763454737209759
0.09709347994516956,0.5831887410834778,0.10456802034011925
0.09496582037070148,0.5729323308270676,0.12421169954195582
0.09246582037070147,0.5957894736842105,0.15225644563871488
0.08279054174861433,0.5729819870531945,0.17009655757801648
0.08012387508194767,0.593202614379085,0.16399712636669528
0.08012387508194767,0.600392156862745,0.1654065395840745
0.07762387508194768,0.6026470588235294,0.1525017568803571
0.07762387508194768,0.6426470588235295,0.21317837870129602
0.07512387508194766,0.6376470588235295,0.21382584440134564
0.07512387508194766,0.6634615384615385,0.21192660583098127
0.07024292270099529,0.6619047619047619,0.2110335219634318
0.06774292270099529,0.6558441558441558,0.21124476589458402
0.06774292270099529,0.6558441558441558,0.21124476589458402
0.0653619703200429,0.6897435897435897,0.21958061754231176
0.0653619703200429,0.6897435897435897,0.21958061754231176
0.06031435127242385,0.6733333333333333,0.2177154105707724
0.05781435127242386,0.6666666666666667,0.2173067468400883
0.054873174801835636,0.6666666666666667,0.2173067468400883
0.054873174801835636,0.7166666666666667,0.25603819159562025
0.054873174801835636,0.7272727272727273,0.2513508042827603
0.05249222242088325,0.72,0.25438378704451886
0.05249222242088325,0.7283333333333333,0.2419595925861268
0.050111270039930864,0.7194444444444444,0.2472690342696432
0.050111270039930864,0.7333333333333333,0.23950179771999855
0.050111270039930864,0.744047619047619,0.2239234765628854
0.050111270039930864,0.744047619047619,0.2239234765628854
0.047730317658978484,0.7333333333333333,0.23054701784590864
0.047730317658978484,0.7523809523809523,0.2200803811103113
0.047730317658978484,0.7523809523809523,0.2200803811103113
0.047730317658978484,0.7904761904761904,0.21842561792723267
0.04523031765897849,0.8,0.19436506316151
0.04523031765897849,0.8,0.19436506316151
0.04523031765897849,0.8,0.19436506316151
0.0403493652780261,0.8,0.1788854381999832
0.03740818880743786,0.8,0.1788854381999832
0.030232910185350736,0.7933333333333333,0.19367785395111933
0.024350557244174266,0.7933333333333333,0.19367785395111933
0.0216838905775076,0.8933333333333333,0.13727506854649335
0.017175278622087134,0.86,0.19595917942265426
0.01504761904761905,0.76,0.3878143885933063
0.01504761904761905,0.76,0.3878143885933063
0.012380952380952381,0.76,0.3878143885933063
0.009880952380952381,0.75,0.3872983346207417
0.005,0.7333333333333333,0.38873012632302
0.005,0.7333333333333333,0.38873012632302
0.005,0.7333333333333333,0.38873012632302
0.0025,0.7,0.4
0.0025,0.9,0.20000000000000004
0.0,0.8,0.4000000000000001
0.0,0.8,0.4000000000000001
0.0,0.8,0.4000000000000001
0.0,0.8,0.4000000000000001
0.0,0.8,0.4000000000000001
0.0,1.0,0.0
0.0,1.0,0.0
0.0,1.0,0.0
0.0,1.0,0.0
0.0,1.0,0.0
0.0,1.0,0.0
0.0,1.0,0.0
0.0,1.0,0.0
0.0,1.0,0.0
0.0,1.0,0.0
0.0,1.0,0.0
0.0,1.0,0.0
0.0,1.0,0.0
0.0,1.0,0.0
0.0,1.0,0.0
0.0,1.0,0.0
0.0,1.0,0.0
0.0,1.0,0.0
0.0,1.0,0.0
0.0,1.0,0.0
0.0,1.0,0.0
0.0,1.0,0.0
0.0,1.0,0.0
0.0,1.0,0.0
0.0,1.0,0.0
0.0,1.0,0.0
0.0,1.0,0.0
0.0,1.0,0.0
0.0,1.0,0.0
0.0,1.0,0.0
0.0,1.0,0.0
0.0,1.0,0.0
0.0,1.0,0.0
0.0,1.0,0.0
0.0,1.0,0.0
