recall_ave_seq,precision_ave_seq,std_precision
1.0,0.17206405693950177,0.015960764826753796
1.0,0.17206405693950177,0.015960764826753796
1.0,0.17206405693950177,0.015960764826753796
1.0,0.17206405693950177,0.015960764826753796
1.0,0.17206405693950177,0.015960764826753796
1.0,0.17209178515858958,0.01593239660119989
0.9729080003018377,0.20293479972409684,0.024303108501010893
0.9036416142000558,0.26475417908457943,0.01869693419332102
0.8537417131832683,0.3076869095011246,0.018657671881914983
0.8220274701087839,0.3287748833185714,0.02010806333895966
0.7904570936603018,0.35822201923427865,0.03023256478075436
0.7606038318476136,0.3875246170094338,0.03300395989041089
0.7368147935788627,0.4137453844972219,0.023155938857665825
0.7234639637648757,0.4323565328443026,0.019786934904128518
0.698602767238468,0.443462557707056,0.02067566473417466
0.6780530343543949,0.45307968030770257,0.019213423100891587
0.6604460469049399,0.4635759939150416,0.016192911615159473
0.6483206521518777,0.47604793406349294,0.016688304396773303
0.6329262112473348,0.48488057662089223,0.017072592738519382
0.6269872259782806,0.49204230398576687,0.018679987543426008
0.6198098860582891,0.5016499145092812,0.02102870272466675
0.6107332631843981,0.5074713762142945,0.018823397024043682
0.6024798678526915,0.5126220549770715,0.018307973966368105
0.5981167169848677,0.5202605656629549,0.014692064817635011
0.5899541553899993,0.5249897174376078,0.014735369292067306
0.585920623346605,0.5294007946162201,0.015733486243290833
0.5771695229880777,0.5341870970595286,0.01871390222805455
0.5642778973538005,0.5398503518136543,0.02237457020825781
0.5571149053222779,0.5470604054932557,0.02156569331788429
0.5520412289057324,0.5511784811503531,0.01947949830622224
0.5490855638811019,0.5545839016081027,0.01787507007256461
0.5435026867134598,0.5561801158534877,0.019536568874341333
0.5413340330859203,0.5648149917719809,0.020302718469189785
0.5392565965038109,0.5744034601577737,0.022012125963338864
0.5315050657086293,0.5757113120539586,0.02445672303918615
0.5240544579609393,0.575533072097619,0.025102328810476023
0.5186148683728087,0.5802708012482143,0.0267786990393078
0.5110411078972452,0.5807774393448055,0.02961648325379523
0.5071652113218315,0.5861672953153895,0.02882560264589031
0.5025532079405974,0.5873637357059697,0.030027148286498755
0.49692547550049976,0.589320577256568,0.031472923984747374
0.4912454101706748,0.593200809899146,0.03072765613572624
0.48810588275672756,0.5947986313941236,0.02987426922722005
0.4860284461746181,0.5976636480687566,0.028533649160490792
0.481131033577172,0.5993195640194465,0.030727892286977056
0.4777932958854388,0.6017364730573715,0.03409408742961298
0.4736828946850837,0.6052855576662558,0.03163981422498986
0.47046260096011705,0.6066792653927754,0.03276310716116128
0.4692791690074543,0.6116313978672245,0.03466552221432673
0.4633038893912447,0.6154101534368904,0.034227441437874526
0.4600430208564725,0.6212066285090936,0.03545189945820338
0.45563929517884316,0.6194184732015011,0.037320449216668196
0.45466842139243546,0.6233946769747226,0.03630177021868689
0.4498359989190829,0.6228883989326153,0.032911169517442135
0.44401835477085355,0.6227777337241849,0.03050725076676038
0.44086447946843715,0.6289666923799244,0.029347971930493582
0.43662266972143826,0.6325541027798118,0.028069002909877502
0.4317252571239922,0.6343267518719398,0.024253320467305023
0.4307543833375845,0.635955217782294,0.02424635221651589
0.42765543073344264,0.6363596040721735,0.02333337202416079
0.4253291416379228,0.6408859679141757,0.021206471897148384
0.42113369366389825,0.6425310302752705,0.025006541579041253
0.41804908894822557,0.6426922162376416,0.025283929306676847
0.41707821516181787,0.6488824083232303,0.022043235384807874
0.4138072792012267,0.6507993412036442,0.021475271412052282
0.4105464106664544,0.6525321019409867,0.021476541986079043
0.40940355352359725,0.6566100024911045,0.019242764078500785
0.40634089526661094,0.6594403833441582,0.0220950513436862
0.4043847998053264,0.6634555327262109,0.018187443370136964
0.40052325111838166,0.6636073671144721,0.014861500802598817
0.3972666630462596,0.6690640966713904,0.013851505597219895
0.39006490781198,0.6669068020979425,0.013646843103319995
0.3859545066116249,0.6680594467241981,0.0110003842910489
0.3859545066116249,0.6717985330595921,0.015572725376232468
0.3840127590388094,0.6733778943253522,0.014975998381356605
0.38205666357752477,0.673846302655124,0.013219199589819316
0.3792022830241432,0.6806943901218989,0.017889584891379533
0.3741472349587169,0.6788762967166724,0.019014526662504604
0.37022069614767855,0.6811609918392104,0.0230059555972195
0.3681069652184136,0.6847921938747626,0.02240390487512366
0.3681069652184136,0.6902490092304157,0.02551819046591818
0.3607500433717555,0.6893657779367803,0.02304059365039486
0.35761051595780813,0.6944715701257758,0.02584762718279202
0.3547704832928956,0.6990095648279132,0.03299096974751748
0.3547704832928956,0.7011423616085973,0.03618126793846776
0.35168159811457284,0.7032466863502512,0.03370894216794706
0.3486290072834054,0.706010569176124,0.030950889257349862
0.3455300546792637,0.7074070135746606,0.03361474589616536
0.3423905272653164,0.7110647354271793,0.033213249412712295
0.33932786900833,0.7157352534828176,0.03468604883202998
0.3329174056337915,0.7192503502686773,0.030740067005561762
0.3309976045196624,0.7194844801533277,0.029772888928144618
0.3281069296191254,0.7213297326262766,0.03436427581246091
0.3228899656230686,0.7197095442111753,0.03465357131700452
0.3207356598839981,0.721036454960622,0.03212854743636447
0.31784498498346114,0.7242604556731331,0.03723405317391581
0.3157312540541962,0.7246048398937519,0.036126284261432905
0.3105142900581394,0.7247941448287938,0.03731051106898108
0.30855819459685485,0.7278944634833738,0.039403847377483335
0.3043221718130247,0.7282272044231493,0.03797496876118758
0.29605689744845065,0.7279078351988569,0.030566986507988527
0.29136374444760527,0.7329513623631272,0.03267074022578808
0.2902208873047482,0.7397895329602647,0.023987568051720403
0.2792225735076175,0.7430925695076638,0.021904065703589805
0.2719687477392568,0.7483443600479007,0.022037034021970058
0.2687078792044845,0.7584428416877029,0.023824505526444356
0.2599448998130897,0.7620328356399608,0.03346388352179296
0.25587079295989,0.7591757280197555,0.0345982057140767
0.2499174598023668,0.7616052408194276,0.03691076842416137
0.2470124370133607,0.7628024825741372,0.039744254746975724
0.23765494774155402,0.7602240896358543,0.03180628242800752
0.23480056718817255,0.7612766923576576,0.036538606354799705
0.22301122388694683,0.7634322110431389,0.03827405329446314
0.2126422860189267,0.7693667559719083,0.043672624638403476
0.20374789808088814,0.7721900577979198,0.03563742721290258
0.19651991592527202,0.770907559873077,0.03708746517703256
0.19342096332113026,0.7732568600989653,0.0390327791461312
0.1910946742256104,0.7814538241595321,0.035032950474090135
0.17879158735499212,0.7839707563627586,0.03930556482321116
0.17164722367458882,0.7971718710603042,0.05162328015865142
0.1550660327098162,0.7862353673393718,0.05029413623363098
0.14517454406403332,0.7925751879699249,0.049140186366084256
0.13942948861011484,0.8067806267806269,0.05438645700415735
0.1346190125954487,0.8107988411244225,0.05141128807960804
0.1325052816661838,0.8099529845999947,0.05503023701617449
0.12554049991244717,0.8056685513068492,0.05342160973772191
0.11518344107729454,0.8009923063472634,0.06832114255254931
0.10988571077021844,0.8080888030888032,0.06773455372180841
0.09990891299512002,0.8545479641131815,0.09508952715167551
0.08900181624341938,0.8428524374176547,0.10260770682842293
0.08330740302512543,0.8460072575079588,0.10175129587530281
0.07522417944281967,0.8510938858301941,0.08808552927853973
0.06731047036136163,0.8645748987854251,0.10689792553475284
0.0595123936396217,0.8525030525030525,0.1120614406349499
0.0530570749926275,0.8486319477623825,0.10846113079622233
0.04025791054865282,0.8676434676434678,0.11583846500764126
0.03736723564811587,0.8701923076923077,0.11768539446764802
0.02926966417734103,0.8914285714285715,0.11087775949675575
0.02414534552517092,0.8777777777777779,0.11632224291824357
0.02100581811122359,0.8833333333333332,0.12190615698606495
0.018837164483684016,0.9428571428571428,0.06998542122237654
0.015697637069736682,0.9666666666666668,0.06666666666666665
0.015697637069736682,1.0,0.0
0.014712415394859835,1.0,0.0
0.012770667822044298,1.0,0.0
0.007264276502771519,1.0,0.0
0.004124749088824183,1.0,0.0
0.004124749088824183,1.0,0.0
0.0009852216748768472,1.0,0.0
0.0009852216748768472,1.0,0.0
0.0009852216748768472,1.0,0.0
0.0,1.0,0.0
0.0,1.0,0.0
0.0,1.0,0.0
0.0,1.0,0.0
0.0,1.0,0.0
0.0,1.0,0.0
0.0,1.0,0.0
0.0,1.0,0.0
0.0,1.0,0.0
0.0,1.0,0.0
0.0,1.0,0.0
0.0,1.0,0.0
0.0,1.0,0.0
0.0,1.0,0.0
0.0,1.0,0.0
0.0,1.0,0.0
0.0,1.0,0.0
0.0,1.0,0.0
0.0,1.0,0.0
0.0,1.0,0.0
0.0,1.0,0.0
0.0,1.0,0.0
0.0,1.0,0.0
0.0,1.0,0.0
0.0,1.0,0.0
0.0,1.0,0.0
0.0,1.0,0.0
0.0,1.0,0.0
0.0,1.0,0.0
0.0,1.0,0.0
0.0,1.0,0.0
0.0,1.0,0.0
0.0,1.0,0.0
0.0,1.0,0.0
0.0,1.0,0.0
0.0,1.0,0.0
0.0,1.0,0.0
0.0,1.0,0.0
0.0,1.0,0.0
0.0,1.0,0.0
0.0,1.0,0.0
0.0,1.0,0.0
0.0,1.0,0.0
0.0,1.0,0.0
0.0,1.0,0.0
0.0,1.0,0.0
0.0,1.0,0.0
0.0,1.0,0.0
0.0,1.0,0.0
0.0,1.0,0.0
0.0,1.0,0.0
