recall_ave_seq,precision_ave_seq,std_precision
1.0,0.07398523985239852,0.008050710047701637
1.0,0.07398523985239852,0.008050710047701637
1.0,0.07398523985239852,0.008050710047701637
1.0,0.07398523985239852,0.008050710047701637
1.0,0.07409959960987429,0.008096525056958955
0.9951190476190476,0.07894552031015235,0.011028684808017906
0.9682142857142857,0.0928377389171129,0.02501066823036638
0.9354271708683474,0.11057410832900802,0.03393442010907046
0.9067941176470589,0.13657395499814426,0.04191513663485669
0.8736802550807556,0.16359420497578367,0.04524605388941526
0.8483607187555874,0.18854310903421348,0.039698069624588474
0.8241292091304606,0.21127979143664702,0.035726917330807635
0.8096383872698016,0.23324435608060307,0.032530657346151924
0.78726661302819,0.2479563732816578,0.02978058761069663
0.7606931581143095,0.2614694385883093,0.027609972084622483
0.7302459622146731,0.27002643160561723,0.02759374585907303
0.714440997675666,0.2907879420304571,0.015738271796681663
0.695560611478634,0.2984741584586315,0.018492617345659514
0.6781286131473866,0.3062254369646672,0.019405072728305047
0.6617574646880028,0.3111331230970878,0.014779915894224987
0.6543076762619942,0.3178712419261182,0.014032741907158254
0.6427904523511533,0.32307724236075713,0.010652950375447097
0.6398492758805651,0.33190606976481934,0.012490142315424226
0.6342414327433101,0.3364831892286656,0.01073312551164793
0.6267804398355087,0.3411721441487116,0.01284474946861131
0.621613773168842,0.35276763814543666,0.016526842422983412
0.621613773168842,0.3623775654255715,0.020366428831804097
0.6144384945467549,0.3679720063821544,0.022909981741142137
0.6144384945467549,0.3788229172607315,0.019435191852311025
0.6069775016389535,0.3795726713664951,0.02342854225015738
0.6043108349722868,0.38477267292368184,0.020298615871174385
0.5968822635437153,0.38671312317872636,0.01865503396001757
0.5897546039692473,0.389474698137696,0.015520461435620189
0.5873736515882949,0.3927858465716566,0.013234282356811808
0.5827459920138268,0.39580993308115836,0.013544929985932014
0.5802459920138269,0.4035556915750903,0.010195191853137097
0.5677962035878181,0.4023800626054611,0.00931141524948136
0.5648550271172299,0.40499069715996133,0.009456920769076763
0.5621883604505632,0.41122296550460324,0.010158437410362682
0.5533053817271589,0.40892275239199716,0.014114004565592569
0.5485110554860242,0.407668860302814,0.015454160081407955
0.5485110554860242,0.4117976085802567,0.01395943057052189
0.5485110554860242,0.4144634680942788,0.011485541527133495
0.5485110554860242,0.4144634680942788,0.011485541527133495
0.5461301031050718,0.4152604882033901,0.007428924760340673
0.5407967697717385,0.41433806377541116,0.007589781079757773
0.5353555933011502,0.4186219140151296,0.010353977875353639
0.5353555933011502,0.4219753233858315,0.008212567511303823
0.5353555933011502,0.4235552812077337,0.009151989477110812
0.5272477501638954,0.4246427257416764,0.00845375995684301
0.5243065736933071,0.42569505691804943,0.009036458990870569
0.5221789141188391,0.4294648907189728,0.006688741767849052
0.5197979617378867,0.43062570064763045,0.006221298443945129
0.5144758328863461,0.4321729599621758,0.007052222270706058
0.5144758328863461,0.4366475207571985,0.00813246713759616
0.5144758328863461,0.438808936120861,0.010220050862217434
0.5119758328863461,0.4394540974111836,0.009740982864359047
0.5119758328863461,0.4394540974111836,0.009740982864359047
0.5071815066452113,0.4440521753865082,0.008296480550334861
0.5048005542642588,0.4437909423666545,0.009088480101319707
0.5023005542642589,0.4455188720158766,0.0074830643499668335
0.5023005542642589,0.4455188720158766,0.0074830643499668335
0.49980055426425885,0.4479838462662161,0.009905038204329553
0.49980055426425885,0.45343858608662346,0.009647792691475154
0.49980055426425885,0.456637387063327,0.008531774212906598
0.4968593777936706,0.45649759082036284,0.008945021185472008
0.4968593777936706,0.46203664744254136,0.008614408338305225
0.49447842541271825,0.46071174530463105,0.008807843019687966
0.49447842541271825,0.4643848328519981,0.0112555442829073
0.49447842541271825,0.46555571892794745,0.011302978582307527
0.49181175874605165,0.4670697855735801,0.008117854901876264
0.49181175874605165,0.4682706943694256,0.008646026743319653
0.49181175874605165,0.474772531026061,0.013137884179146022
0.49181175874605165,0.474772531026061,0.013137884179146022
0.4893117587460516,0.475509664487228,0.01307343607197938
0.48681175874605154,0.47555479487245356,0.014990897926083562
0.4846840991715835,0.47814625578480996,0.016494442017153763
0.4817429227009953,0.480370002559605,0.01768837420475181
0.47880174623040705,0.47989231539231536,0.017835209239420204
0.4761350795637404,0.4799411554411554,0.01791144148243663
0.4710874605161213,0.47815537056043383,0.013418794653119221
0.4681462840455331,0.47895334448912735,0.013706034741263836
0.4681462840455331,0.4814743674676983,0.015724571683433053
0.4652051075749449,0.4825000084933393,0.014511228296482902
0.4652051075749449,0.4868438825903419,0.020316429288123192
0.4630774480004768,0.48934551937047316,0.01932609635474122
0.4630774480004768,0.49197314699810074,0.017750318239774094
0.4630774480004768,0.49796299437823677,0.024093603553187123
0.4630774480004768,0.503481034123558,0.02231610588811493
0.4630774480004768,0.503481034123558,0.02231610588811493
0.4630774480004768,0.5077075040542532,0.021048467272427932
0.4630774480004768,0.5111197559115179,0.019380473449209387
0.46013627152988856,0.512194906393318,0.02060659890783424
0.4577553191489362,0.5123731595127475,0.020758057053796828
0.4550886524822696,0.5167832167832167,0.020673769928803456
0.45242198581560283,0.5181300181300181,0.01695354050175903
0.4494808093450146,0.5196956593299717,0.019237608797939152
0.4469808093450146,0.5219598893309818,0.019178401522750126
0.4440396328744264,0.5218714662806023,0.018026488798415556
0.43899201382680725,0.5201800413298843,0.012551250365597745
0.43419768758567245,0.5189783562806902,0.009692627317009197
0.42426911615710117,0.5136774193548387,0.0070011148212906
0.42132793968651294,0.5142134061451127,0.010143791893412983
0.42132793968651294,0.5190847716726593,0.012442362104172254
0.42132793968651294,0.5207787607436976,0.011375512911030013
0.42132793968651294,0.5260275305632711,0.01381267256454267
0.42132793968651294,0.5322679045092837,0.012687160566977376
0.42132793968651294,0.5345728690482909,0.015018092965594703
0.42132793968651294,0.5363242814776694,0.013232180753227466
0.41588676321592466,0.5366588216346748,0.012940723864484619
0.41163144406698854,0.5381634357849251,0.01336531473196277
0.40913144406698854,0.537756182909571,0.012770899437445787
0.40158382501936946,0.5364945773866314,0.014006398701335571
0.39651498897431314,0.5404694905148626,0.018391780912835717
0.39413403659336077,0.5533568068451789,0.021120515678941396
0.39175308421240834,0.5544662309368191,0.023958016491263022
0.39175308421240834,0.5544662309368191,0.023958016491263022
0.38937213183145597,0.5560581733943862,0.02114899143210009
0.38937213183145597,0.5589617738589623,0.026618209927819794
0.38937213183145597,0.5589617738589623,0.026618209927819794
0.38393095536086774,0.5555318075988074,0.02908188919390695
0.3761954526491448,0.5529396858521679,0.028412432758734972
0.37406779307467664,0.5568252372173942,0.033043925506930465
0.3715677930746767,0.5550782071684772,0.03425274630643468
0.36135350736039096,0.5507650727650728,0.02586502173788819
0.35630588831277193,0.5513452112121652,0.026759409274985428
0.3488560998867632,0.5512845758552737,0.034507097067621936
0.34297374694558674,0.555484759990392,0.04320418754393513
0.3404737469455868,0.5557248560288074,0.04306172732261566
0.335679420704452,0.5522559565072763,0.03915724572821814
0.335679420704452,0.5544761230197647,0.03698932530249555
0.33329846832349963,0.5638938686126256,0.04365451051456141
0.33329846832349963,0.5685176737313429,0.04049469188288488
0.3282296322784433,0.565168391434692,0.0433502465754553
0.3282296322784433,0.5693972893221264,0.04305487021494238
0.3282296322784433,0.5693972893221264,0.04305487021494238
0.3282296322784433,0.583628075397191,0.05901556054397499
0.32610197270397523,0.5898597146306168,0.054927274082568124
0.3213076464628405,0.588975468975469,0.05216938977858891
0.3186409797961738,0.594471136099043,0.057182716356172315
0.3165133202217057,0.5958122450835734,0.056918446660835065
0.31090547708445077,0.598574274790417,0.04652511822164908
0.31090547708445077,0.6016511978673401,0.04702371892588956
0.3082388104177841,0.6035777238466363,0.03837475358155292
0.3037301984623637,0.6030758714969241,0.040511904540502124
0.29896829370045885,0.6269308469308468,0.042043988063285506
0.28341066213719535,0.6157718999117572,0.0389072501434532
0.2812830025627272,0.6267605684039321,0.05702575737541704
0.2787830025627272,0.6325472124333604,0.058396756717859
0.27611633589606055,0.6296900695762175,0.05455050048301369
0.26891984027653615,0.6316129032258064,0.05674160028917154
0.2619112283211157,0.6313901689708141,0.04852176660961348
0.25978356874664754,0.6382512465182937,0.04541682659028642
0.2541757256093927,0.6426932520879356,0.03957321364717089
0.2495480660349246,0.6529462672344598,0.05078953336480807
0.24503945407950417,0.6512272890448934,0.04773171995408133
0.2380308421240837,0.6494800362976407,0.05115536064471929
0.23590318254961562,0.6525355918531963,0.04607246396102864
0.2335222301686632,0.6627257867990133,0.041200749485594844
0.22622790392752848,0.6643379608896851,0.04436977770071704
0.20810143631920855,0.6605608330288637,0.05166435244553645
0.20134611717027234,0.6744813422445002,0.061708302102334626
0.19013043089576254,0.6804232804232805,0.059946179308194715
0.182120418380118,0.6984502164502164,0.062111219311819704
0.17973946599916563,0.7164160401002506,0.07021386121428357
0.170975534894809,0.7243080993080993,0.06049840638829414
0.16303435842422073,0.7415824915824916,0.06688397735129378
0.1433292508492759,0.7167175961293608,0.08868127333094934
0.12902631265272063,0.7201458190931875,0.09501863232515345
0.11282183086000357,0.7149712516585582,0.04616440845169075
0.10081321890458313,0.7035875888817066,0.033780908984538886
0.08513653972227189,0.7044289044289044,0.03929381353045314
0.07125356099886762,0.7238888888888888,0.06698074165822906
0.051628493950771806,0.7828571428571429,0.19280951792917703
0.04380636509923118,0.8333333333333333,0.14907119849998599
0.028415400202634243,0.7666666666666667,0.38873012632302
0.024160081053698074,0.7666666666666667,0.38873012632302
0.011904761904761904,0.9666666666666668,0.06666666666666665
0.009523809523809523,0.96,0.07999999999999999
0.007142857142857143,1.0,0.0
0.0047619047619047615,1.0,0.0
0.0047619047619047615,1.0,0.0
0.0,1.0,0.0
0.0,1.0,0.0
0.0,1.0,0.0
0.0,1.0,0.0
0.0,1.0,0.0
0.0,1.0,0.0
0.0,1.0,0.0
0.0,1.0,0.0
0.0,1.0,0.0
0.0,1.0,0.0
0.0,1.0,0.0
0.0,1.0,0.0
0.0,1.0,0.0
0.0,1.0,0.0
0.0,1.0,0.0
0.0,1.0,0.0
0.0,1.0,0.0
0.0,1.0,0.0
0.0,1.0,0.0
0.0,1.0,0.0
