recall_ave_seq,precision_ave_seq,std_precision
1.0,0.23555166374781086,0.01230913022122983
1.0,0.23555166374781086,0.01230913022122983
1.0,0.23555166374781086,0.01230913022122983
1.0,0.23555166374781086,0.01230913022122983
1.0,0.23699131620621522,0.011709549040361244
0.9976923076923077,0.24815015211347,0.021457319124616268
0.9917184942716858,0.2724251608137494,0.04350040974236286
0.9787263593380615,0.3068456059062616,0.06348110564255732
0.9612966076164792,0.3526931312772981,0.06913741606062207
0.9451475383174298,0.4030263507637993,0.07049418926684049
0.923809137510422,0.4544267659731574,0.0735768167433642
0.9019539178649978,0.4936588394758948,0.0669557924813392
0.8914510123624535,0.5217184083138221,0.06124111905158511
0.8824563224188274,0.5531236968412168,0.05973295369142967
0.8758023167162469,0.5711364499437345,0.05447374422188287
0.8668818898461813,0.5965764440031499,0.046414163517358234
0.8617961106135936,0.6121525452776155,0.04626342908601822
0.8551106405281235,0.6315229275006925,0.04768529787575581
0.8482588190991844,0.6409579102874667,0.047141401570070046
0.8439425797829451,0.6550859447200021,0.045122314706171986
0.8393241875881378,0.6670432626229691,0.04453434170687171
0.8371057953933306,0.675748836950196,0.05018599538497053
0.8318237279848478,0.6852971022696595,0.051408544967538404
0.8266927132548971,0.6916075819913827,0.048942633560236724
0.8236595456463783,0.6963927360380886,0.0485505136783316
0.819976212313045,0.7006794177255062,0.04807014474060028
0.816323386584868,0.7055546139239237,0.04829069695971401
0.8140302080652744,0.709889429635826,0.04961020104760276
0.8080546529900806,0.7137114085247318,0.047623231176138564
0.8066657641011916,0.7186566297608477,0.04765986569259005
0.8044166026756152,0.722916292402538,0.04898845753414489
0.8036473719063844,0.7260025739344138,0.04816401825013192
0.800765256976397,0.7311284673412779,0.047096790798844095
0.7993160955508205,0.7323302354445963,0.04727763700143884
0.7977921478004577,0.7338823033785425,0.04721708121581252
0.797022917031227,0.7374886822593184,0.04681647840185387
0.7947444664038401,0.7394724035035897,0.04713923473421305
0.792526026687528,0.7402934038649034,0.045639783223414734
0.7895984146345647,0.7413280045933506,0.04671891793806035
0.7882095257456759,0.7445257352686029,0.0446161515608314
0.7852511444619433,0.748245260960186,0.04716993512477919
0.7837874692482681,0.7517096674561634,0.04807595381264733
0.7815237940345929,0.753875862766866,0.04850689428750805
0.778625685287548,0.7547652591000642,0.048182631696145166
0.7779312408431036,0.7560652288208144,0.04615829893285294
0.7756525761116086,0.7577474335697482,0.04684971278719964
0.7742489118090081,0.7579542923849656,0.04594378177283486
0.7742489118090081,0.7601221099834641,0.04573240814110523
0.7742489118090081,0.7616015413525036,0.04411799158972475
0.7728452475064077,0.7642818137115072,0.04551026861400538
0.7705360276482517,0.7664104885585328,0.044464993775565766
0.7705360276482517,0.7679722936599063,0.04276553013108323
0.7690868662226752,0.7688258100569205,0.04323413176738072
0.7660684740278679,0.7716429269243612,0.04482930373608927
0.7660684740278679,0.7721723245340508,0.0442593546298388
0.7660684740278679,0.773542946857054,0.04617572295154988
0.7646500343115558,0.774425547468928,0.045831077008732665
0.7638500343115557,0.7753057136617991,0.044963968310075056
0.7631555898671113,0.7768014484821539,0.04357261648727512
0.7631555898671113,0.7774999270437031,0.04456747246956766
0.7615863590978806,0.7788333287276599,0.044874048456428825
0.7593679193815686,0.7814809317646223,0.04526117193927962
0.7570734749371241,0.7822426370478064,0.04613184280019581
0.7549005798652928,0.7842298843626787,0.04604098411809336
0.7549005798652928,0.7849725325191199,0.047235476970778636
0.7505095542242672,0.7850764923935655,0.046223576756393756
0.7498151097798227,0.7849328271336212,0.046132396075268
0.7498151097798227,0.7861439080388475,0.046056886133539886
0.7490458790105919,0.7872222898860735,0.046912752913799476
0.7490458790105919,0.7887402151339759,0.04946518211323081
0.7460274868157846,0.7886145833333333,0.049342937237137965
0.7452727698346526,0.7896328798657326,0.04871577110955089
0.7452727698346526,0.7902482445502772,0.048394498004327824
0.7452727698346526,0.7925840712552595,0.04667496212094798
0.7445635499764965,0.7942434041325276,0.04586240730237341
0.7445635499764965,0.7948504995603403,0.045448535502548286
0.7437943192072658,0.7953082428059595,0.04592588086662767
0.743025088438035,0.7963600190675664,0.04527679575287107
0.7415466378106482,0.7973353243823221,0.044514680164938085
0.7392374179524922,0.7968470698703165,0.04457664989492617
0.7385429735080479,0.7978599114734936,0.04350076225220426
0.7370337536498919,0.7975572148476262,0.04343213266880795
0.7355098058995291,0.7978410924777181,0.043406563349389596
0.7332606444739524,0.7978704926930286,0.043069197436470134
0.7302874877765083,0.798465435373741,0.042146202111047006
0.7280235509372202,0.7993150001036075,0.04304728026466062
0.7266051112209081,0.8002944376091126,0.04183050104869377
0.7243106667764636,0.800976929710586,0.0418921436536144
0.7243106667764636,0.8027406185886269,0.040279475181438824
0.7228469915627884,0.8024168888272729,0.040288045413955274
0.7213830547235004,0.802125028576647,0.040240477390288784
0.7192246734397678,0.8016882720834803,0.04012038980081084
0.7192246734397678,0.8016882720834803,0.04012038980081084
0.7177607366004798,0.8033060675039592,0.03902998797273949
0.7170060196193477,0.8038087811692982,0.039001274299736995
0.7170060196193477,0.8057639896987233,0.03817822825779379
0.7170060196193477,0.8083527587959362,0.03717032220728091
0.7155568581937711,0.8093303586084847,0.03664845127107846
0.7155568581937711,0.8105256425623892,0.035556095740863033
0.7155568581937711,0.8105256425623892,0.035556095740863033
0.7155568581937711,0.8119854626724894,0.03621068819615641
0.7133239522108651,0.8133704996832138,0.0344952164110823
0.7125239522108652,0.8137950402627837,0.03423747763292272
0.7125239522108652,0.8151307866592654,0.033744510019423156
0.7110455015834785,0.8148407855694657,0.03358558960475723
0.708252948391989,0.8142926578562788,0.03321968873425366
0.707543728533833,0.814171938907875,0.03300785342691429
0.7067744977646022,0.8139988808941091,0.033056096792231954
0.70601978078347,0.8158604565153619,0.03278619091579326
0.705265063802338,0.816389370097734,0.033222777944767974
0.7030159023767616,0.8172246259978166,0.03338280698175545
0.7000120239700529,0.8179243486546721,0.03315191642715311
0.6992573069889207,0.8191379321714123,0.03285092666652992
0.6970534285822121,0.8208762347026068,0.032866245639041246
0.6955897533685369,0.8213290015636108,0.032853667679355616
0.694789753368537,0.8217877211529935,0.03253956349019352
0.691711088637042,0.8239039458680348,0.0324672365938765
0.6910018687788859,0.8244617810315749,0.03134349897592862
0.6888141982933431,0.8240551828924184,0.03095327176261284
0.6872757367548816,0.825866645589975,0.02955715444259073
0.6834733383771321,0.8257571030428863,0.028775000600530874
0.6813752296300871,0.8275024975882725,0.028760533273245216
0.6798967790027003,0.8280064945385162,0.02863123925315663
0.6791420620215682,0.8278420090919024,0.028759800356882238
0.6784476175771237,0.8283919375796132,0.028160829464327047
0.6776783868078929,0.8304846821540772,0.02773556171554007
0.6761691669497369,0.8301690493969092,0.027827003362298056
0.6761691669497369,0.8323833512502615,0.026435440935551103
0.6739507747549297,0.8334034039900615,0.025946023055187496
0.6731960577737975,0.8339621458663041,0.02511490336079429
0.6724868379156416,0.8345598443139011,0.02400446604101072
0.6717923934711971,0.8344277174721331,0.02390598836154366
0.6717923934711971,0.8352861284363822,0.025106893649566378
0.6702829595089329,0.8364984072674433,0.02663416534410763
0.6681100644371016,0.8360834411249503,0.026345924083476132
0.6637637510422134,0.8359572718493196,0.025188516239633384
0.6622398032918506,0.8371242715843058,0.025340762711455998
0.6599158555414878,0.8381524947756253,0.025762300722939703
0.656882687932969,0.8375080630621259,0.025999844516942285
0.6531710696970633,0.8391996492160778,0.02607442101913485
0.6516018389278324,0.8413194717546757,0.02743148563384894
0.6500018389278324,0.8418249896977834,0.027723303982884008
0.6500018389278324,0.845148473860152,0.028850164966637473
0.6484924049655683,0.8470768702095665,0.02674227283486114
0.6484924049655683,0.849593047048678,0.027848310036058397
0.6469684572152055,0.850798060407163,0.026548659405489596
0.6439205617144798,0.8509300872441331,0.02605183685772384
0.6439205617144798,0.8509300872441331,0.02605183685772384
0.6395440023400482,0.8509035059467855,0.02501495929324878
0.6387440023400481,0.8524200893936195,0.024035018265716152
0.6357561177503972,0.856019288225785,0.025656109453877533
0.6328580090033522,0.8591171411327648,0.02802990311060447
0.6298996277196196,0.8611066032010992,0.02608793041607731
0.6269264710221756,0.8605494108951784,0.026105991460576912
0.6254025232718127,0.8619098234352617,0.026516964272003923
0.6231986448651041,0.86667868328759,0.02608041919536798
0.6201799910446839,0.8679374957756021,0.026664162814154457
0.6155923680806459,0.8710562092315982,0.0307051199309231
0.6118647560276826,0.8721937474612952,0.029656851540356736
0.6072023467388583,0.8732620545483479,0.031504286591720526
0.6028710703832945,0.8743416278082166,0.031156478651429557
0.5953998524603101,0.8748499125969518,0.030482087768018404
0.5924121819747672,0.8781721496890105,0.03095313435456618
0.5864354084962273,0.8789493450307715,0.03142519082155766
0.5827825827680504,0.880477032885371,0.03263243224497774
0.5752963753272464,0.8840009373103322,0.0338840488733889
0.5707685016486702,0.8860366749394147,0.03345315815583746
0.561774816004282,0.8884164299250796,0.03434332773253437
0.5549687533239319,0.890178147585235,0.031903731770337646
0.5440103236609057,0.892638990878614,0.029384875922656182
0.5373400625156546,0.8936043858922712,0.028742916923975605
0.5307758326556801,0.8937342690283867,0.028254710218739657
0.521915464218194,0.8979388242563482,0.028020379722215542
0.5079543745518053,0.9013962590341139,0.032194529129372845
0.4970266190765388,0.9019483231889247,0.03113012215045286
0.482976229297265,0.9084368886628196,0.03794674464816713
0.4680633495970108,0.9126896936037747,0.03569014982059343
0.4532286920091818,0.9140153595925936,0.03504590915233234
0.4423007224298071,0.9149696083967184,0.03195953707299262
0.4192542155177442,0.9129722949928476,0.039272518403410825
0.4018674050513472,0.9174482355878683,0.04052594161052865
0.3734791529849338,0.9158997823688748,0.04123762514164513
0.35072035670293394,0.9160882786946937,0.048631225610078654
0.33466306652667555,0.9202939728577297,0.04549953718614616
0.30487210693539474,0.9252409668257607,0.05428323506423495
0.2733587593970773,0.9265918031928203,0.059997617445212696
0.2303929337066431,0.921894616563191,0.06494633189701039
0.19033767443137173,0.9278080405987381,0.06824514691797276
0.151458760426424,0.9390476190476191,0.060606346628885976
0.1191593749463882,0.9512820512820512,0.05087014058517842
0.08301536317066224,0.9416666666666668,0.09718253158075502
0.055097762028773666,0.9666666666666666,0.06666666666666665
0.027711832340013794,1.0,0.0
0.008432296781232952,1.0,0.0
0.0007692307692307692,1.0,0.0
0.0,1.0,0.0
0.0,1.0,0.0
0.0,1.0,0.0
0.0,1.0,0.0
0.0,1.0,0.0
0.0,1.0,0.0
0.0,1.0,0.0
