recall_ave_seq,precision_ave_seq,std_precision
1.0,0.07398523985239853,0.003471381498565826
1.0,0.07398523985239853,0.003471381498565826
1.0,0.07398523985239853,0.003471381498565826
1.0,0.07398523985239853,0.003471381498565826
1.0,0.07727894730152814,0.0034191339920631694
0.9893116861153392,0.10423013929206756,0.03009587368732797
0.9439354378323083,0.14518004270792512,0.03739074902750523
0.8800226395392896,0.17984217343242068,0.0313655613894134
0.8402639079663248,0.20530487038400413,0.02159238018527732
0.8060147398603796,0.22568534506810703,0.022594607039250352
0.7911057016636702,0.24349487503593875,0.020464296298143225
0.7814356367090525,0.25937142385677336,0.024041615832061863
0.7713766866957644,0.2731592279670476,0.020791363630885122
0.7637868724849457,0.28120751680259204,0.021329789555720194
0.7563794650775383,0.28982302373102176,0.02019304580985263
0.7466212167014037,0.29765992534621716,0.019835276163383462
0.7366805615218579,0.30531324237185886,0.022087068106503654
0.7295377043790008,0.31394944924356694,0.019671475895575437
0.7221604083838186,0.3195163584637269,0.019546193576520966
0.7196912725813494,0.3280256529567248,0.02143873731496364
0.7148411843979279,0.3342155919081934,0.022317750242604007
0.7121014583705307,0.34157372439137224,0.020734488408344957
0.699874074191927,0.345775094453706,0.02402582934563375
0.6949659139992139,0.3505150435799879,0.025235519071860186
0.6949659139992139,0.35766381766381766,0.026066392588747794
0.6845481903394811,0.3572506980593474,0.02623154361767295
0.6796981021560595,0.361432468661092,0.02751733946601045
0.6725552450132024,0.364348034838053,0.025565855716265597
0.6700861092107333,0.37238721060870617,0.03075271323622972
0.6603859328438902,0.37426372475054015,0.03102340405362952
0.6552652544355407,0.37462015073049554,0.0292595837348046
0.648064325283392,0.37983025210613447,0.02972460865431738
0.6456833729024396,0.38245154754586236,0.030198779845932968
0.6429436468750425,0.3872481999345107,0.028136623799220856
0.6356244228891518,0.38860174876507203,0.02956386992505247
0.6304155610592854,0.38862279826218415,0.028391038843477434
0.6304155610592854,0.39274701460446215,0.028052707744509
0.6255074008665723,0.3926498565951387,0.026450578572289378
0.6181301048713902,0.3938809144072302,0.028435872259145373
0.6156910804811462,0.3956485404564128,0.029004134747218076
0.6156910804811462,0.3983055510716528,0.03092968801642256
0.6132520560909024,0.4006402244690813,0.03041716481529055
0.6083740073104146,0.40240057475434093,0.033691404724758754
0.6083740073104146,0.4083530071762501,0.03682292007427396
0.6083740073104146,0.4107668875068879,0.035210702676270134
0.6083740073104146,0.41502006454300033,0.03546790910745411
0.6083740073104146,0.4176159976618692,0.034664329322087614
0.6083740073104146,0.4201189022617594,0.036157724636770194
0.6034357357054763,0.42061304436304436,0.033976866813066664
0.6034357357054763,0.4228542053165281,0.03536182963045435
0.6010547833245239,0.4242652238974466,0.037668620834394116
0.5936473759171165,0.4247312456156823,0.03214728652847891
0.5887091043121782,0.42436182896058183,0.03429106172001604
0.586239968509709,0.424254214563765,0.0359504601291794
0.586239968509709,0.43309821496573353,0.03339833541796113
0.5813016969047707,0.43142415128418554,0.032738715609141565
0.5764817201335745,0.43342641437830515,0.03494602218683969
0.5740125843311054,0.4340120308223695,0.034634004985032295
0.5715434485286363,0.4348060340791287,0.03729017585149786
0.5641360411212288,0.437490911006673,0.034660343103744176
0.5641360411212288,0.4391047659939889,0.03453349673398069
0.5616669053187596,0.4404610280359136,0.03344188690636626
0.5616669053187596,0.44363059748455286,0.0362391597227075
0.5540190190986494,0.44486087816749365,0.03511417980791972
0.5490807474937112,0.4429814735363535,0.03483726621827644
0.5438718856638447,0.4450551679417963,0.03052347503116771
0.5414909332828923,0.44623965853613645,0.02951368083532204
0.5414909332828923,0.4531230461743453,0.028642218865883962
0.5390217974804232,0.45256957289345723,0.02902119186053387
0.5341437486999354,0.45470776743282737,0.028930524550444037
0.5269127081355613,0.45338751083431933,0.030603399794229436
0.5220927313643651,0.45557663177804797,0.031971448037040356
0.5220927313643651,0.4608818710629179,0.030464859584688912
0.5220927313643651,0.4630253411579142,0.032181099557920596
0.5196537069741212,0.46463403780529766,0.034038814113508814
0.5171845711716522,0.46697997186626117,0.03196762031162418
0.5120638927633026,0.46745855924673363,0.03451214696242921
0.5071256211583642,0.46654036763161866,0.03341826909161593
0.4970967825573015,0.46349544033687257,0.03313610469136535
0.4970967825573015,0.4647082728877333,0.031999752441762244
0.48941878492496604,0.47083218170418684,0.03421276248211904
0.48182897071414726,0.4683681268455146,0.032857874248903594
0.47908924468674996,0.4672220792404603,0.03071402486344194
0.47388038285688355,0.46651380572949197,0.026866396040978874
0.47388038285688355,0.4712284133837021,0.0284021165293218
0.46875970444853393,0.47949893680398503,0.03041417857162022
0.46875970444853393,0.4806998455998305,0.030066990443835748
0.46385154425582087,0.4853643736867421,0.03227155797984064
0.46385154425582087,0.4895059871901977,0.03322149139889091
0.4613824084533517,0.49400121728545343,0.030022898868330598
0.4589433840631078,0.502863247863248,0.036162432554162446
0.4540932958796863,0.5027483053345122,0.0362251847600273
0.4437637556414703,0.5065192473765473,0.029313760670907314
0.44102402961407305,0.5148553818303288,0.03225050510774277
0.44102402961407305,0.5222728970158802,0.03038085188056829
0.43858500522382915,0.5334338331077111,0.03357729021530263
0.43620405284287667,0.531556282087303,0.03341973343463449
0.43620405284287667,0.5381533482958402,0.04002002033771308
0.43099519101301037,0.5436492707663082,0.0385120088052914
0.42855616662276647,0.5480187626307776,0.04249884411600773
0.4236480064300535,0.552981012533573,0.040654954436556034
0.4138316860446274,0.5490874343048257,0.04297058577732627
0.4038910308650814,0.550897990897991,0.048427821473197
0.3965718068791908,0.5579212760111636,0.05653442486023383
0.3892525828933001,0.5578544878918723,0.055654050901729125
0.3840738324756589,0.5593910565788645,0.053381256373852694
0.3764840182648402,0.5583783354122337,0.05076135782898452
0.3715758580721271,0.5631458488422653,0.05259966955278655
0.3664551796637775,0.5698466717603959,0.06519226826778005
0.36169327490187275,0.5771678967349596,0.07553044658065089
0.3593123225209204,0.5905821156665247,0.08551650070010859
0.3544041623282073,0.5952289746246233,0.08530572649321327
0.34702686633302515,0.5947929166511002,0.07882951482008481
0.34458784194278125,0.6119750092902267,0.09086153641334371
0.33964957033784293,0.6149981146304675,0.08701269627139131
0.33417011828304843,0.6188136577198643,0.08368848857477812
0.32134348164529697,0.6171871980676329,0.07978315939352532
0.31068527917286126,0.6232137125190388,0.0748659709224652
0.30547641734299485,0.6296290143964562,0.08410756916088856
0.3005983685625071,0.6393684867655349,0.09575733609916018
0.2907218253526305,0.6379982132556732,0.07970532497147982
0.2879820993252332,0.6433969373386079,0.07586918167409551
0.283043827720295,0.6498520014442357,0.0634502180971832
0.2660265781827203,0.6431428814817519,0.05864496239354652
0.2609058997743706,0.651712923395259,0.05505645950018985
0.2556970379445042,0.6691293635442571,0.06360275323618597
0.24840792537083883,0.6843628734150621,0.05431343227169136
0.2410607407878819,0.6830411550255985,0.04818186314069232
0.23621065260446036,0.6990248348143085,0.07001507095296071
0.22889142861856976,0.7000103615113757,0.07562554820883047
0.21606479198081824,0.7033045385986563,0.07717367980225495
0.19835795574742004,0.721594982078853,0.0850280521866941
0.18333277353212757,0.7191287878787879,0.07123730212436293
0.16809507310119848,0.6986381693945654,0.06445592257299639
0.1530978514829723,0.739145609381544,0.13644955356258967
0.1353630546525078,0.7340769230769231,0.1413354731705079
0.11816728745674061,0.7471111111111111,0.14843646019778758
0.10572738506250032,0.7988095238095239,0.18899723449967748
0.10328836067225641,0.8226469182990922,0.16893734326123486
0.10054863464485916,0.8572760572760572,0.1490182406036585
0.09057786805308801,0.8554578754578754,0.1484292475563446
0.0853690062232216,0.8796536796536796,0.15264636468505238
0.06980264355807289,0.8673684210526316,0.16810496654886006
0.06224294075947935,0.8777777777777777,0.15071844406945042
0.05251480379557003,0.8716666666666667,0.16086571349351542
0.04212719154806247,0.868131868131868,0.17319462246018064
0.03204028093770826,0.8800000000000001,0.16
0.022284183376732658,0.8800000000000001,0.16
0.014666408568847595,0.8833333333333334,0.1452966314513558
0.01222738417860369,0.85,0.2
0.009846431797651309,0.85,0.2
0.007407407407407407,0.8,0.4
0.0049382716049382715,0.8,0.4
0.0024691358024691358,1.0,0.0
0.0024691358024691358,1.0,0.0
0.0,1.0,0.0
0.0,1.0,0.0
0.0,1.0,0.0
0.0,1.0,0.0
0.0,1.0,0.0
0.0,1.0,0.0
0.0,1.0,0.0
0.0,1.0,0.0
0.0,1.0,0.0
0.0,1.0,0.0
0.0,1.0,0.0
0.0,1.0,0.0
0.0,1.0,0.0
0.0,1.0,0.0
0.0,1.0,0.0
0.0,1.0,0.0
0.0,1.0,0.0
0.0,1.0,0.0
0.0,1.0,0.0
0.0,1.0,0.0
0.0,1.0,0.0
0.0,1.0,0.0
0.0,1.0,0.0
0.0,1.0,0.0
0.0,1.0,0.0
0.0,1.0,0.0
0.0,1.0,0.0
0.0,1.0,0.0
0.0,1.0,0.0
0.0,1.0,0.0
0.0,1.0,0.0
0.0,1.0,0.0
0.0,1.0,0.0
0.0,1.0,0.0
0.0,1.0,0.0
0.0,1.0,0.0
0.0,1.0,0.0
0.0,1.0,0.0
0.0,1.0,0.0
0.0,1.0,0.0
0.0,1.0,0.0
0.0,1.0,0.0
0.0,1.0,0.0
0.0,1.0,0.0
0.0,1.0,0.0
0.0,1.0,0.0
0.0,1.0,0.0
