recall_ave_seq,precision_ave_seq,std_precision
1.0,0.05314533622559653,0.006249397089322314
1.0,0.05314533622559653,0.006249397089322314
1.0,0.05314533622559653,0.006249397089322314
1.0,0.05314533622559653,0.006249397089322314
1.0,0.05314533622559653,0.006249397089322314
1.0,0.05314533622559653,0.006249397089322314
1.0,0.05314533622559653,0.006249397089322314
1.0,0.05314533622559653,0.006249397089322314
1.0,0.05314533622559653,0.006249397089322314
0.9952380952380953,0.056961638794907676,0.005608043615918971
0.9537245406637231,0.07940553627981028,0.026499913908008845
0.90112570091145,0.1216956518412885,0.05734348247804552
0.8512491906246812,0.16210403189106204,0.07678557490380167
0.8241268309954943,0.20218763459949257,0.0872907647987751
0.7667547026336523,0.2348186380535909,0.08460906576724771
0.7288597842435867,0.26907030483656785,0.08895181612405954
0.7125311611968201,0.30307194889614075,0.09115747111180164
0.6913481264501284,0.3308429742844124,0.08746767055345354
0.670139939197429,0.347999172624503,0.08477097094333097
0.6619882039270497,0.36557165334015906,0.08250003931633712
0.6552085429101006,0.387436119058777,0.08306793950101529
0.6470568076397212,0.39836562560246774,0.07642092428424914
0.6302215989799862,0.4079031654198543,0.07202998620666903
0.6263000303525352,0.42553922268207983,0.0640408435646352
0.6150670625891588,0.43849720893141947,0.06691920691733982
0.6065564242912863,0.44517523759055655,0.06912341171365786
0.5936176317529944,0.44929821259867964,0.06692966597321254
0.5850144865171016,0.46092164101024846,0.07368544533630958
0.5807591673681656,0.4681475531331092,0.06657081021151855
0.5807591673681656,0.48154903990581743,0.07819190713731303
0.5807591673681656,0.492531328320802,0.08027919854426054
0.5720756939788098,0.4964382025357635,0.07914443096677935
0.567313789216905,0.5005814144300611,0.07355186847698739
0.567313789216905,0.508048172757475,0.0669918870979412
0.5513992448450868,0.5103172339295131,0.06532553882063816
0.5474776762176359,0.5180752983575564,0.06705170602990754
0.5373081846922121,0.5252515720257656,0.0752794451963177
0.5373081846922121,0.5314357353645087,0.08316309723531967
0.5339183541837376,0.535014396906265,0.08161713353107007
0.5339183541837376,0.5427104071568681,0.07978245483194767
0.5305285236752629,0.546090606163457,0.08145168623312674
0.5271386931667884,0.5478345348210415,0.08150633568053268
0.509932402695003,0.5469736936364056,0.08538175723477913
0.5055845766080465,0.5484970722186077,0.08736629700369054
0.50123675052109,0.5532824822236588,0.09430545544273548
0.4925532771317342,0.5580296926851549,0.08634350013748786
0.48779137236982945,0.5591960477333612,0.07951284872220193
0.4786816415209681,0.5636282051282052,0.07520034166973735
0.46565034204465583,0.5627168576104745,0.07235199067581655
0.4613025159576993,0.5664954756664221,0.07728025328796206
0.4613025159576993,0.5790581981736405,0.0801203799100394
0.4613025159576993,0.5829643403406521,0.07698502518469068
0.4613025159576993,0.5829643403406521,0.07698502518469068
0.4613025159576993,0.5862950715402359,0.07396806134766372
0.4613025159576993,0.5930220603983722,0.06867682065129865
0.4613025159576993,0.6096317828366644,0.07383621710487268
0.4573809473302483,0.6180839404302546,0.07574915589146328
0.45399111682177373,0.6262423276437964,0.08581328652621688
0.45399111682177373,0.6262423276437964,0.08581328652621688
0.45399111682177373,0.6262423276437964,0.08581328652621688
0.45399111682177373,0.6289001349527665,0.08384609533233522
0.45399111682177373,0.634438596491228,0.08862971602485939
0.45399111682177373,0.634438596491228,0.08862971602485939
0.45399111682177373,0.6477938185049866,0.09638448604486874
0.45399111682177373,0.6477938185049866,0.09638448604486874
0.45399111682177373,0.6557399267399268,0.09095360951816733
0.4506012863132992,0.6607693567693567,0.09097529111517137
0.4506012863132992,0.6643729603729602,0.09078045480329879
0.44667971768584824,0.6651435406698565,0.0871378890530687
0.4423318915988917,0.66503003003003,0.08607038814434918
0.4389420610904171,0.6806737998843262,0.09472113958820604
0.4389420610904171,0.6806737998843262,0.09472113958820604
0.4306726663760096,0.6759526940506884,0.09535831595956913
0.4306726663760096,0.6759526940506884,0.09535831595956913
0.4267510977485586,0.6753729242893328,0.09235137758226691
0.42282952912110766,0.6761521450685537,0.09241888464281166
0.42282952912110766,0.6839290740219532,0.0909467746632278
0.4185742099721715,0.6821465428276573,0.09058565384484067
0.4151843794636969,0.6804210526315789,0.09278697165154552
0.406167155552856,0.6874166666666668,0.08792768493357354
0.406167155552856,0.6874166666666668,0.08792768493357354
0.4027773250443814,0.6856207482993197,0.09056400462022457
0.39842949895742497,0.6834030063638359,0.09138810606627953
0.3945079303299739,0.6846805954979616,0.09181450843282946
0.3945079303299739,0.6889816707667787,0.09035457896738214
0.3862385356155665,0.6831740482622416,0.09140176075309298
0.3823169669881154,0.6839420150234142,0.08620055466607034
0.3789271364796408,0.686771679218672,0.08766389372602985
0.3789271364796408,0.686771679218672,0.08766389372602985
0.3789271364796408,0.686771679218672,0.08766389372602985
0.3755373059711663,0.6873645645941662,0.08684600621914951
0.3755373059711663,0.6873645645941662,0.08684600621914951
0.36736041819477916,0.6984903987434767,0.10290479228346262
0.3630125921078226,0.7045445297976077,0.09837344904647201
0.3630125921078226,0.7128515406162466,0.09477652924127122
0.3630125921078226,0.7157551410808226,0.09128696056048913
0.3630125921078226,0.7252789506046321,0.08809711913272693
0.35962276159934803,0.7264046541693601,0.08663764919820291
0.35570119297189706,0.7268366359806522,0.08700936113750886
0.35570119297189706,0.7268366359806522,0.08700936113750886
0.33597056063209874,0.7273770847939647,0.09310032868861746
0.3282329040366676,0.7256913674560733,0.09272219097060226
0.3282329040366676,0.7345117845117844,0.08782900681857476
0.3282329040366676,0.7345117845117844,0.08782900681857476
0.324843073528193,0.7321944939591998,0.09097819975298055
0.32058775437925685,0.7302001919648978,0.09087823830857798
0.32058775437925685,0.742379679144385,0.09415983767793924
0.32058775437925685,0.7461675579322637,0.08882987607639575
0.32058775437925685,0.7595451223967848,0.08916444289854215
0.32058775437925685,0.766687979539642,0.08664765742387472
0.32058775437925685,0.7745827163817471,0.08656575305792533
0.31623992829230035,0.7722435350951975,0.08628934657467108
0.3119846091433641,0.7706625074272133,0.08535569136386181
0.3119846091433641,0.7746947654917294,0.07858710344615212
0.3085947786348896,0.7801213818860877,0.08813979883178995
0.305204948126415,0.7911764705882353,0.08649341068020878
0.305204948126415,0.7911764705882353,0.08649341068020878
0.305204948126415,0.7911764705882353,0.08649341068020878
0.30094962897747884,0.7945098039215686,0.07741150644611945
0.2970280603500279,0.789964349376114,0.08049733249904581
0.2892904037545968,0.7851943644590703,0.08365694907832852
0.281645254097186,0.7808461863214186,0.08690917490367608
0.281645254097186,0.7808461863214186,0.08690917490367608
0.281645254097186,0.7916795196547518,0.09331924644243976
0.27147576257176226,0.7964067923820246,0.1064460023767813
0.26722044342282614,0.800280112044818,0.09495360375943412
0.259482786827395,0.818095238095238,0.128638430513547
0.25513496074043845,0.8158974358974358,0.12804502824033318
0.2469580729640513,0.809492207139266,0.12862902309463922
0.24219616820214657,0.809492207139266,0.12862902309463922
0.238806337693672,0.8117144293614882,0.12503640346925554
0.23455101854473578,0.809508547008547,0.12490572820323091
0.23116118803626123,0.8049333836098542,0.13228972292927088
0.23116118803626123,0.8049333836098542,0.13228972292927088
0.22723961940881027,0.8316397328162033,0.13392449759153258
0.21872898111093791,0.8275371687136392,0.13310031818568807
0.2105772458405586,0.8364926739926741,0.14748170630466345
0.2105772458405586,0.8364926739926741,0.14748170630466345
0.2058153410786538,0.8364926739926741,0.14748170630466345
0.20189377245120282,0.8392307692307692,0.1335343652134729
0.19754594636424633,0.8366666666666667,0.13349989596333858
0.19415611585577172,0.8397435897435898,0.12807685891017617
0.19076628534729717,0.8333333333333334,0.13944333775567924
0.1860043805853924,0.8333333333333334,0.13944333775567924
0.18124247582348765,0.8333333333333334,0.13944333775567924
0.17689464973653116,0.8303030303030303,0.13957498124759427
0.17689464973653116,0.8303030303030303,0.13957498124759427
0.17689464973653116,0.8303030303030303,0.13957498124759427
0.17213274497462638,0.8303030303030303,0.13957498124759427
0.17213274497462638,0.8303030303030303,0.13957498124759427
0.1673708402127216,0.8466666666666667,0.141970262926979
0.16344927158527062,0.8400000000000001,0.14321700705960555
0.15919395243633444,0.8384848484848485,0.14243584736730897
0.1518825533004089,0.8209090909090909,0.1593789600058991
0.13736523568802864,0.8068181818181819,0.23443267196777504
0.12527975300564104,0.7984848484848486,0.24986681484482468
0.12527975300564104,0.7984848484848486,0.24986681484482468
0.10355280135541571,0.7951515151515152,0.23219003647763564
0.09929748220647953,0.7933333333333332,0.23132468763863295
0.09028025829563861,0.8333333333333333,0.21081851067789195
0.09028025829563861,0.8333333333333333,0.21081851067789195
0.08602493914670244,0.8666666666666666,0.16329931618554522
0.08602493914670244,0.8666666666666666,0.16329931618554522
0.08126303438479768,0.9333333333333332,0.13333333333333336
0.07311129911441834,0.9333333333333332,0.13333333333333336
0.064600660816546,0.9333333333333332,0.13333333333333336
0.051687020784261906,0.9333333333333332,0.13333333333333336
0.051687020784261906,0.9333333333333332,0.13333333333333336
0.051687020784261906,0.9333333333333332,0.13333333333333336
0.03874822824596999,0.9,0.20000000000000004
0.025704749985100424,0.9,0.20000000000000004
0.025704749985100424,1.0,0.0
0.021783181357649443,1.0,0.0
0.01276595744680851,1.0,0.0
0.00851063829787234,1.0,0.0
0.00851063829787234,1.0,0.0
0.00851063829787234,1.0,0.0
0.00425531914893617,1.0,0.0
0.0,1.0,0.0
0.0,1.0,0.0
0.0,1.0,0.0
0.0,1.0,0.0
0.0,1.0,0.0
0.0,1.0,0.0
0.0,1.0,0.0
0.0,1.0,0.0
0.0,1.0,0.0
0.0,1.0,0.0
0.0,1.0,0.0
0.0,1.0,0.0
0.0,1.0,0.0
0.0,1.0,0.0
0.0,1.0,0.0
0.0,1.0,0.0
0.0,1.0,0.0
0.0,1.0,0.0
0.0,1.0,0.0
0.0,1.0,0.0
0.0,1.0,0.0
0.0,1.0,0.0
0.0,1.0,0.0
0.0,1.0,0.0
