recall_ave_seq,precision_ave_seq,std_precision
1.0,0.10693950177935943,0.008651420484799444
1.0,0.10693950177935943,0.008651420484799444
1.0,0.10693950177935943,0.008651420484799444
1.0,0.10693950177935943,0.008651420484799444
1.0,0.10693950177935943,0.008651420484799444
1.0,0.1072096950095299,0.008939303337326917
1.0,0.11150705515796122,0.012125762790511066
0.9836829836829837,0.12177585485966909,0.0180179746588283
0.959345134032634,0.13696412632350646,0.02787131013341166
0.9364182692307693,0.15668394270282468,0.04006388732913936
0.9137842365967366,0.1794240876475788,0.05144035114830423
0.8960251554001555,0.19998080746354296,0.05375269050862547
0.8735691045066044,0.22759259098780366,0.052770634900465255
0.8570245726495725,0.24961864238327852,0.04838802088591028
0.8290015540015541,0.2707442626501332,0.04731631359979873
0.8177459693084692,0.28987811139321845,0.0438814232393399
0.7994726107226107,0.30420337346807935,0.04412580989485122
0.7840872668997669,0.31586361960500947,0.04214267925478056
0.7739862567987569,0.32987684584009697,0.03421618020188975
0.7559739219114219,0.3380627638523022,0.035526245763538564
0.7457641317016318,0.34966355147793704,0.03873411217349276
0.7373259032634033,0.35611140341030234,0.03367025672329295
0.7324346833721833,0.3688388708762817,0.033380035085993125
0.7224813034188033,0.3746835795323772,0.03265163453343857
0.7209661519036519,0.3838333896023649,0.02817342866148972
0.7179358488733489,0.3898941388241558,0.028395928765904528
0.7116290306915307,0.40100387258803094,0.030538633519401632
0.7018987956487955,0.4053477227215646,0.030397205643618485
0.6934746503496503,0.407519159425215,0.03179497302746241
0.68013986013986,0.4079120345162188,0.031188193280267906
0.6697979797979798,0.4109964487300132,0.03174604617335505
0.6618244949494949,0.41314337075342705,0.03356368593164315
0.6538650932400932,0.41548765571527807,0.03366898767209637
0.6505317599067599,0.4194581869419567,0.03379501218152074
0.6505317599067599,0.4256944341499521,0.03523020624964043
0.6472598581973583,0.4293851724019467,0.03393083269414978
0.6436701146076146,0.43373962451288817,0.034525485502061574
0.6383088092463092,0.43730755680388506,0.030475444471726492
0.6367463092463093,0.4421443297083269,0.030734585788787017
0.6348232323232323,0.44808774655189837,0.030067268031798645
0.6348232323232323,0.45122519677081663,0.031027230004654557
0.6317929292929293,0.45572356471610204,0.028211665880312726
0.6282031857031857,0.4577762222130829,0.029670845026198864
0.6201301476301476,0.45783708175137655,0.02960414999330619
0.6169483294483294,0.46406021487473526,0.0328838194532027
0.608917297979798,0.4648867782586798,0.032120742671821516
0.6055412296037296,0.466560250943789,0.034545597264057
0.6022693278943279,0.469529345212623,0.03407839829283919
0.6022693278943279,0.4724055844346638,0.03383650958204354
0.5989359945609946,0.4718999087107717,0.03557958822472156
0.5922732128982129,0.4732260305707934,0.03385196492995378
0.5858622280497281,0.47281197213679393,0.03629100798786342
0.5822724844599845,0.47449229618339545,0.03774298157429367
0.5806058177933178,0.47546479729581703,0.039909032396910675
0.5771675893550894,0.47805076310550765,0.040037234865571446
0.573791520979021,0.4796783446541676,0.04226136028365356
0.5703532925407926,0.4815671128196307,0.04184633458944714
0.5672282925407925,0.48312876443407315,0.041577244231201634
0.5620333139083138,0.4835035647911662,0.03994379291901762
0.5570520104895105,0.48514253019288917,0.03762199065215266
0.5534622668997669,0.4874934104011488,0.03796925483667025
0.5481009615384614,0.4857388687436579,0.03744289253121335
0.5447248931623931,0.48738321324336864,0.040338760665356216
0.5447248931623931,0.4895297455391546,0.03972216088733979
0.5400279234654234,0.487719913580069,0.03967131607317972
0.53660912004662,0.48678277990469354,0.03742898078762603
0.5327629662004661,0.4872117850029423,0.038234222813202295
0.529581148018648,0.49046830954502285,0.04198076763631665
0.5248368298368298,0.49259670569646563,0.04191678250208022
0.5214607614607615,0.49392975371918224,0.043538945314756904
0.5195376845376846,0.4946242037565923,0.043960049495404746
0.5176146076146076,0.49508530701655296,0.042991163329465946
0.5159479409479409,0.49639246352200433,0.044210670637850266
0.5105866355866355,0.4978954468546652,0.043830008554555176
0.5071010586635587,0.502089846514399,0.042907803468026334
0.5040234071484072,0.503776048742252,0.04214315965381687
0.5023140054390055,0.5089455252369548,0.04113800163612886
0.4956038752913753,0.5093187312042241,0.03938329328999188
0.4956038752913753,0.5145364595172297,0.039121311031136724
0.4956038752913753,0.5172513232494403,0.039803982234439796
0.4908595571095571,0.5173658888179408,0.04331402676656653
0.48767773892773886,0.5194680904480814,0.04721866935266519
0.48596833721833715,0.5205083225260494,0.046029650050965196
0.48404526029526024,0.5245949377510695,0.04687670518795236
0.48233585858585853,0.5282913942150265,0.043584173334503415
0.47763888888888884,0.5281098932232089,0.04468729789649681
0.4744097222222222,0.5313748862965098,0.0464576408634221
0.4728472222222222,0.5340599677665133,0.04747451669606076
0.4728472222222222,0.5349356578483713,0.04586638001930262
0.4694284188034188,0.5341208886819457,0.0423998802287337
0.46579594017094017,0.5352314558639956,0.041373897433103594
0.4554960664335665,0.5339273692140525,0.0436210889972979
0.4504479895104895,0.5336583838747332,0.04107984200278414
0.4504479895104895,0.5398830056541397,0.04349633552555107
0.4504479895104895,0.5447744061672175,0.041442117576521574
0.4470719211344211,0.545020678404143,0.04461503309632847
0.44213335275835275,0.5442358366271409,0.044082862568364
0.43724213286713287,0.5457040229885057,0.043298991315767095
0.43724213286713287,0.5488056272665807,0.04038513604076048
0.4321940559440559,0.5489504736409663,0.04047263480106379
0.43063155594405594,0.5515435324569352,0.04137897763142936
0.4289648892773893,0.5530567733729839,0.04493873199659429
0.42366574397824397,0.5509497794400919,0.046333099345392814
0.42366574397824397,0.5577842924220799,0.04948397661303435
0.4202469405594405,0.5568732840572221,0.04828810559798381
0.4186844405594405,0.5624998946807458,0.04749304745082002
0.4186844405594405,0.5662175635715856,0.04834999837434006
0.4154125388500388,0.5719986026437639,0.05307602386447025
0.41218337218337214,0.5722668052359425,0.05350702297201506
0.4106208721833721,0.5776929644356866,0.0582289080004786
0.4024951437451437,0.5782406174503065,0.06302485718157404
0.3974470668220668,0.5790834880792298,0.05915400356570676
0.393600912975913,0.5802518800737089,0.06235524579449157
0.39193424630924634,0.5814720460111938,0.06524214707658671
0.3902675796425797,0.5813835452622638,0.06708267842136884
0.38396076146076147,0.5806675256129448,0.07163451795923544
0.3776112082362082,0.5795630112469238,0.06779050879506306
0.3760960567210567,0.579892652202066,0.06822854967534592
0.3760960567210567,0.5819731587601845,0.07152847729722256
0.37126165501165503,0.5819216169878068,0.06976361368954523
0.3627947746697747,0.578234560441424,0.066568755312971
0.361085372960373,0.5800560233565139,0.06549196143923383
0.361085372960373,0.5800560233565139,0.06549196143923383
0.3594187062937063,0.5812095922101548,0.06363258188370145
0.3524528943278943,0.5804215770807342,0.06751296346433967
0.34927107614607616,0.5816084543868213,0.07351359595521886
0.3458328477078477,0.5887701447895121,0.07188038137668211
0.3442703477078477,0.593254738837903,0.07362952187628
0.3410885295260296,0.6018396102788117,0.07176979282706382
0.3410885295260296,0.6067855543740225,0.06806148622620879
0.3363915598290598,0.6047585276187817,0.07048120171562573
0.33159989316239313,0.6054713308404515,0.07517042618330866
0.3266185897435897,0.6099755972145964,0.06911665912987346
0.32505608974358974,0.6107692480082472,0.06946600758193096
0.321784188034188,0.616759057311042,0.06665161741994069
0.32007478632478625,0.6259172113289762,0.06301910275842679
0.31644230769230763,0.6292558168049677,0.06126916755688439
0.30958527583527584,0.6284332306720367,0.05782630126126546
0.3076621989121989,0.6325056161274009,0.06237400390693344
0.3076621989121989,0.6383641566085828,0.06148196725228259
0.3076621989121989,0.649360884429879,0.06865441795138744
0.30306939588189585,0.6460517235877946,0.06983903137085978
0.30114631895881894,0.6504285232587119,0.06775656527465483
0.29787441724941727,0.6503642191142192,0.06271463788341468
0.29787441724941727,0.6586965406509998,0.0594016227391676
0.29079909673659676,0.6651368970013037,0.05650450692907453
0.28571362665112665,0.6609828949749613,0.055727374886285916
0.2771231546231546,0.6609443899604083,0.05529656701001937
0.2719755244755245,0.6654443343704683,0.05633482979735519
0.26855672105672107,0.6711277969342486,0.0527747806610193
0.2591200466200466,0.6647411340189798,0.05689709868591962
0.2540151515151515,0.6737581937523807,0.062444842470917986
0.2425607031857032,0.6776458036984352,0.06394459705800713
0.2375126262626263,0.6862670362670362,0.055363792160002
0.2298421717171717,0.6968706368706369,0.057120785842734056
0.22322212509712508,0.6973444035824338,0.05880976442080052
0.2179229797979798,0.6997637109812211,0.066625334968609
0.21121284965034964,0.7012624062928942,0.06736419773050395
0.2034950466200466,0.7144347054941428,0.08676765067673667
0.19708406177156176,0.7219204187502297,0.0900058829050668
0.19077724358974357,0.7360366340893724,0.08635893788573187
0.17910912004662005,0.727268393453043,0.0872033172890507
0.17562354312354314,0.7430395913154533,0.07747678454537055
0.1672940947940948,0.7543809523809524,0.07806991459343253
0.15921571484071484,0.7750278706800445,0.05349960924905154
0.1492149864024864,0.7668311688311688,0.06678641856070709
0.1392188714063714,0.7661263616557734,0.08124906024168328
0.12882891414141412,0.7559363455527139,0.07535385236466038
0.11989729020979023,0.7598372471518251,0.09206169242413938
0.1136946386946387,0.787632850241546,0.07101653025438172
0.10642968142968143,0.8059096459096459,0.06210572510502329
0.09168924825174825,0.8052744159864904,0.09366018464753437
0.07158750971250973,0.770658263305322,0.10745227287218158
0.05953549922299921,0.7958974358974359,0.06966813414458134
0.04942987567987568,0.7414285714285713,0.12270200614873894
0.04271513209013209,0.7666666666666667,0.2260776661041756
0.03807498057498058,0.8777777777777779,0.19372884193514103
0.034949980574980576,0.8714285714285716,0.19378085666072195
0.029802350427350428,0.9333333333333332,0.13333333333333336
0.023258547008547008,0.9333333333333332,0.13333333333333336
0.016714743589743588,0.9333333333333332,0.13333333333333336
0.010066773504273504,0.9,0.20000000000000004
0.005085470085470086,0.9,0.20000000000000004
0.005085470085470086,0.9,0.20000000000000004
0.0016666666666666666,0.9,0.20000000000000004
0.0016666666666666666,1.0,0.0
0.0016666666666666666,1.0,0.0
0.0,1.0,0.0
0.0,1.0,0.0
0.0,1.0,0.0
0.0,1.0,0.0
0.0,1.0,0.0
0.0,1.0,0.0
0.0,1.0,0.0
0.0,1.0,0.0
0.0,1.0,0.0
0.0,1.0,0.0
0.0,1.0,0.0
0.0,1.0,0.0
0.0,1.0,0.0
0.0,1.0,0.0
0.0,1.0,0.0
