recall_ave_seq,precision_ave_seq,std_precision
1.0,0.14041745730550284,0.012813618987578088
1.0,0.14041745730550284,0.012813618987578088
1.0,0.14041745730550284,0.012813618987578088
1.0,0.14041745730550284,0.012813618987578088
1.0,0.14041745730550284,0.012813618987578088
1.0,0.14044520850339953,0.012826061944025928
0.9971392081736908,0.14366351634247862,0.012859929125420867
0.9783692425071735,0.1543817259158795,0.014712119839185267
0.946938017282845,0.17187054905767335,0.013625930728242286
0.9147133071271002,0.19126159991069175,0.01675139976344411
0.8735676006456405,0.21012080526128835,0.024394516803824873
0.8292494210098565,0.23167642749313347,0.029717991765337085
0.8005310559575533,0.24687425583118577,0.031449895248013
0.7812152813241743,0.262415918769775,0.02954265477024186
0.748291243608848,0.27872137685025017,0.02636034917774188
0.7273943479388125,0.29340457440227774,0.024795616969309285
0.7051718114513033,0.3043792322751021,0.02383218501158059
0.6925885246030437,0.31784676053215766,0.02694432034036217
0.6460145138185066,0.3204902695906223,0.031853869820038114
0.6221009856581545,0.32545907192406914,0.028997087760968553
0.5990290250181357,0.3415733541964527,0.022439721287181115
0.5893846074608324,0.35226380761007736,0.020335673845578783
0.5800035791324356,0.36020695957659865,0.016360121779525668
0.5717921414473139,0.3735492219724822,0.017878230417863922
0.56776175897773,0.38712540734768985,0.021870772882063953
0.5561167809806647,0.38910218963451204,0.021939681490223756
0.5496181065691047,0.39635572266642505,0.021853734007089655
0.5471498146271285,0.4027989651284118,0.02139137609857591
0.5408339203983487,0.409704242724256,0.02004040918538253
0.5315013936792522,0.41827406583756577,0.026312465170048135
0.5250296587864647,0.4229093363176375,0.0324799777978043
0.5211335548903607,0.4283080047835294,0.032486525039734974
0.514457268214074,0.4304842084695351,0.032138872130604984
0.5131585669153728,0.4353325675907568,0.030474147597282796
0.5068696122053653,0.43706427556306926,0.03073283835065451
0.5029414008724353,0.44647582321111745,0.036702520737258784
0.4987012987012987,0.45098679897026583,0.037869435333710996
0.496362117414749,0.4576123683633805,0.038893386443256246
0.4910330336464638,0.4649605250563515,0.03723376530370382
0.4883819615217074,0.46902791538157346,0.03667832325174152
0.48721237087843255,0.47873683032820863,0.037053514344968425
0.4847440789364564,0.4809786816393137,0.0384575971186107
0.48079430551299873,0.48437583024892106,0.03917788208621227
0.47673698352464233,0.49044336272095157,0.042962259456824185
0.4725774903996319,0.49224919165696857,0.04155811454774155
0.46176348219905383,0.49175008276255844,0.04361574790879429
0.45929519025707777,0.49552311435523116,0.04350657523216314
0.45357360660445956,0.49497540951864616,0.04064392938495905
0.4494141134794492,0.4962008670237318,0.03974560313990975
0.4479326319979677,0.49986103367621676,0.04061451393501167
0.4444238600681432,0.4997108703892114,0.044566460514370534
0.44047408664468557,0.4986270114935037,0.04410442434195538
0.4393044960014107,0.5020089798381469,0.045916356196453526
0.43504283173974645,0.5074464867266111,0.04326327230792445
0.42952559036043614,0.5087647528006137,0.04215745292080961
0.42814628001560856,0.5092859453503344,0.04334600244075176
0.4239867868905981,0.5103844955035213,0.042415132297808945
0.42122816620094294,0.5152210201678353,0.035255339357167584
0.4146003811339565,0.5157727715702686,0.035809007469051926
0.4110916092041319,0.5155054817547877,0.03910428438986467
0.4084405370793756,0.5145240914447717,0.04015661925107515
0.4046735438386981,0.5164256506014404,0.039073890831290585
0.401812752012389,0.5184232261462778,0.038562221624480454
0.39674705747301026,0.523185921346485,0.03922917857961743
0.39378409451004737,0.5270841308943721,0.037474875349893855
0.388170059422328,0.5263939992553561,0.03926668610076656
0.388170059422328,0.5281420971103242,0.03915744525197978
0.3856211584342256,0.5272704639371305,0.039457330452245164
0.38445156779095074,0.527255135848408,0.041227224287510064
0.38198327584897457,0.5287618027957708,0.03811367210118621
0.38198327584897457,0.5287618027957708,0.03811367210118621
0.38198327584897457,0.531197809138505,0.04022515882345407
0.37350307150670126,0.5312019969278035,0.0400363809921083
0.37350307150670126,0.5320412311265971,0.039754616892266045
0.36775992576355554,0.5307142813773172,0.03868540797806347
0.36370260377519903,0.5322089671527588,0.0435912883806686
0.36370260377519903,0.5322089671527588,0.0435912883806686
0.36222112229371756,0.5358535331878371,0.04627337424841836
0.36084181194889,0.5394519185681453,0.05210693260360021
0.3595431106501887,0.5433839464249206,0.05386196820929423
0.3582444093514874,0.5463557737249392,0.05113888297616441
0.3582444093514874,0.5536078419144703,0.05288838908184915
0.35473563742166286,0.5514411752478037,0.055602099412524066
0.35343693612296156,0.552556642821102,0.0530183904571377
0.3504739731599985,0.5527163050288733,0.05255781814701928
0.3463144800349882,0.5533518489309126,0.049921097648704615
0.3463144800349882,0.5566751867261205,0.04943614020951059
0.34514488939171334,0.5602112534124847,0.0508038885789521
0.3425474867943107,0.5603082685105157,0.04856301782842565
0.33976730401412797,0.5637240314151859,0.051326775071878106
0.3382858225326465,0.5637999146112737,0.048089526405749115
0.3355056397524637,0.5698707051188061,0.057213015661363054
0.32996683628262574,0.5684582505245703,0.05558467276684235
0.3256245629748352,0.566885017675209,0.05410465697419314
0.32276377114852617,0.5682465424725276,0.05541242861353998
0.32138446080369854,0.5687302408683623,0.05604515362252268
0.3199029793222171,0.5762697894685898,0.062180117231193426
0.31428894423449777,0.5770440500769414,0.05968468079740856
0.31428894423449777,0.5832697498891245,0.05691881700639266
0.31428894423449777,0.5881581591108572,0.053870684459452825
0.31428894423449777,0.5894203507344947,0.05240212341088262
0.3089598604662126,0.5942838951172285,0.053663848481850955
0.30758055012138497,0.6001493628173535,0.06382786361209744
0.30758055012138497,0.6017633979050728,0.06403845953577174
0.3034479965151472,0.6013100389360956,0.06283461655579033
0.30048503355218414,0.599113368205984,0.060612007255452204
0.2991863322534829,0.6013071426384538,0.06097040669048538
0.2938572484851977,0.599360177945309,0.05990646039272465
0.2912061763604413,0.6029478154695547,0.06607169817122037
0.2857749214555022,0.600897806179227,0.06354592002758472
0.28299473867531943,0.6061017065304265,0.0654323576826503
0.28299473867531943,0.6089510215989197,0.06183207935746794
0.28021455589513666,0.6066407072511896,0.06220928695367514
0.28021455589513666,0.6066407072511896,0.06220928695367514
0.2775634837703803,0.6089496331646382,0.06187365384736585
0.27478330099019754,0.6125932170007429,0.05520121783930042
0.27244411970364785,0.6147828384448103,0.058568746555182565
0.26586483624596147,0.612578008479148,0.06122203683578948
0.2644855259011339,0.6186192810457516,0.06022210837149514
0.2630040444196524,0.6288205547206162,0.07037861847009144
0.26032603277612354,0.6318647195609396,0.07487927742316779
0.25736306981316054,0.6346616151700897,0.07003194204027978
0.25588158833167907,0.6356004873246252,0.06842889430899636
0.2514371438872346,0.6333956827828493,0.06433898503801247
0.24909796260068492,0.6362520468568762,0.06427859942358395
0.24909796260068492,0.6386546442594736,0.06536340003438085
0.24533096936000748,0.6363462855488717,0.07032675962319675
0.2440322680613062,0.635006999834586,0.0714771133720631
0.2411714762349971,0.6398274345868699,0.07200974467562374
0.23709259215611303,0.6404455753010236,0.0731490777960558
0.23561111067463153,0.6450973323626189,0.06511501963215885
0.23285248998497635,0.6490430896338797,0.0701993983552949
0.23009386929532116,0.6489536580026172,0.06831568637324469
0.2274158576517923,0.6483743126520282,0.06964732190776629
0.22343914470956214,0.6462400726230513,0.07292779235081509
0.21951093337663208,0.6444215753947181,0.07264635497602813
0.21717175209008238,0.6453002367775551,0.07524982004400275
0.21420878912711946,0.6448457822370866,0.07066122581312928
0.21174049718514326,0.6438050582551862,0.07294830122718234
0.20779072376168567,0.6476904761904761,0.08137158964225186
0.19814630620438245,0.6451719462546575,0.0831329287156572
0.19253227111666313,0.6408523987607472,0.07841796019214263
0.18881377948528585,0.6483228824180086,0.09320458832667737
0.18478339701570193,0.6484083850931677,0.09548216837313861
0.18213232489094558,0.6468406329224583,0.09862477082888683
0.18213232489094558,0.6540875389885974,0.102529170577603
0.180753014546118,0.6594566544566545,0.1024017669889484
0.17630857010167356,0.6572829086622191,0.09367785289440043
0.17500986880297226,0.6612660952582647,0.09408726105386063
0.17500986880297226,0.6638301978223673,0.0893641949784859
0.17371116750427096,0.6677713091506196,0.09184068026841392
0.1679680217611252,0.6662216560721674,0.09192855502657267
0.16263893799284,0.6661538461538462,0.09524476237581939
0.15681518320356796,0.6650741936723946,0.09076034645733866
0.1524729098957774,0.6870864028758765,0.10520277818934179
0.14969272711559461,0.7140052700922267,0.1259143323193492
0.14553323399058424,0.709250981576563,0.12515098735281807
0.14150285152100034,0.7096747967479674,0.12399156829550259
0.1357597057778546,0.7024198947871831,0.11962994645651327
0.13180993235439695,0.7075757575757576,0.13274664311399703
0.13180993235439695,0.7176780209038274,0.12380954115388217
0.12211163575954864,0.7049731182795699,0.12182343707509048
0.1177693624517581,0.7136520737327189,0.12385676625710612
0.11394869968372692,0.7216079343614841,0.12177643879757044
0.11127068804019805,0.741443722943723,0.10205604788963998
0.10110465994313544,0.7383032329988851,0.07707942245647564
0.08589449939722174,0.7089206445728186,0.06813572888729286
0.07897638558255618,0.7270251716247139,0.05809069504001685
0.07489750150367211,0.733510101010101,0.057157326775149446
0.06672918799960542,0.7443713450292397,0.060898262472329184
0.06007446341384635,0.7523841655420603,0.06645449021343046
0.053677960138940176,0.7405555555555555,0.06074638636816288
0.05250836949566532,0.7755411255411255,0.08115212269908562
0.04135553093810807,0.7961904761904762,0.11406327559298947
0.03334843552629396,0.832857142857143,0.13744015395206508
0.027809632056456014,0.8495238095238097,0.13129738103851765
0.019829476163414458,0.835,0.14628738838327793
0.016866513200451495,0.885,0.15132745950421556
0.014188501556922611,0.9166666666666667,0.10540925533894598
0.01140831877673983,0.9333333333333332,0.13333333333333336
0.006600845548213968,0.9,0.20000000000000004
0.006600845548213968,0.9,0.20000000000000004
0.003820662768031189,1.0,0.0
0.0026510721247563354,1.0,0.0
0.0,1.0,0.0
0.0,1.0,0.0
0.0,1.0,0.0
0.0,1.0,0.0
0.0,1.0,0.0
0.0,1.0,0.0
0.0,1.0,0.0
0.0,1.0,0.0
0.0,1.0,0.0
0.0,1.0,0.0
0.0,1.0,0.0
0.0,1.0,0.0
0.0,1.0,0.0
0.0,1.0,0.0
0.0,1.0,0.0
0.0,1.0,0.0
0.0,1.0,0.0
0.0,1.0,0.0
