recall_ave_seq,precision_ave_seq,std_precision
1.0,0.10693950177935943,0.008651420484799444
1.0,0.10693950177935943,0.008651420484799444
1.0,0.10693950177935943,0.008651420484799444
1.0,0.10693950177935943,0.008651420484799444
0.9984848484848484,0.10742268007670944,0.00926962492345606
0.9872960372960373,0.12286874607494243,0.030659060324034346
0.9521197552447551,0.15010182564076607,0.057724496067182725
0.8820296717171716,0.2000184785276796,0.06536783677569433
0.8325575466200466,0.25990691850065895,0.05758828432629153
0.7921692890442891,0.3046642368002265,0.04182788321532752
0.7490219502719503,0.33642949249332227,0.03258201858346231
0.7170626942501943,0.3615803800512027,0.030859912275492545
0.6862298465423465,0.3817632514787914,0.02730779094283544
0.6671925990675991,0.3995557193164762,0.024914036468798275
0.645500437062937,0.41415737719463996,0.022888535874197837
0.6236560314685314,0.4270839249896306,0.019832489104364755
0.6089629467754467,0.440825794751298,0.014592259647420523
0.597821726884227,0.44796375320307824,0.015285235713187323
0.5812966200466201,0.45631698617382704,0.015383402423264358
0.5680713383838384,0.4616509874019826,0.017153047065105422
0.5608491161616161,0.4674969168914284,0.017545395956757564
0.5508957362082363,0.470228551711586,0.02203513620587785
0.5342368395493395,0.471270163608526,0.021496214949439534
0.5228258547008547,0.4723970765797361,0.023087070018538935
0.5147100815850816,0.47372459440186193,0.022341573483830562
0.5047707847707847,0.47652368720688065,0.02252026256777713
0.4963893745143745,0.47585848474315623,0.021442415276058203
0.49126116938616937,0.48462129398983544,0.017943913792726716
0.4849589646464646,0.4869552927455759,0.016439045712142268
0.4815401612276612,0.49290793588338355,0.01775978089160273
0.47513378982128984,0.49683947368282144,0.01779478026919052
0.4703894716394716,0.5002120786163908,0.021451247693360438
0.4686800699300699,0.502684472491951,0.02245780199340197
0.4599854312354312,0.5072527278409631,0.024323202215928534
0.45301961926961926,0.5077973711556919,0.024008067202962835
0.4463522241647242,0.5061819774284693,0.026288408836186664
0.44468555749805755,0.5068932149818122,0.025187273737215386
0.43953792735042735,0.5060467453474145,0.02493555500830484
0.43782852564102565,0.5074978104909772,0.02614267558043802
0.43075320512820514,0.5103825906606572,0.02696250521239657
0.42883012820512817,0.5146079382743035,0.0301021680090155
0.42378205128205126,0.5237422460595516,0.025900013750119126
0.41721882284382283,0.524505642397075,0.025049073555339033
0.41076048951048955,0.5288333514279263,0.029168749683781647
0.4090938228438229,0.5347662492704879,0.0332215507556566
0.4074271561771562,0.5362134722112628,0.03705294493026912
0.40242642773892773,0.533311441784823,0.0356534177231888
0.40242642773892773,0.5364370510490462,0.03314854340482661
0.3985802738927739,0.5427431123997069,0.03362540595559418
0.39687087218337214,0.5430718795229945,0.033800107567142766
0.3953083721833721,0.5458773351904496,0.03341552155579349
0.3888119172494172,0.5451421071861239,0.028083430794188964
0.3888119172494172,0.5451421071861239,0.028083430794188964
0.38381118881118875,0.5456505021009106,0.026666095504705535
0.38381118881118875,0.5491467777656054,0.022881007174474305
0.38210178710178705,0.5514935503381906,0.018580988117630183
0.37690680846930846,0.5508839742886378,0.015368619048693225
0.37690680846930846,0.5563602479963896,0.015823197729783956
0.37327432983682984,0.5550783036334468,0.012944754842105133
0.3680179195804196,0.5544123802895049,0.014460231953333354
0.36479336635586634,0.5547782244855416,0.012312379037144204
0.3615641996891997,0.5552463186077643,0.01445201950716454
0.3615641996891997,0.5585519468166185,0.015522357403875227
0.3584865481740482,0.5624273516786201,0.014467037354897573
0.3500009712509713,0.5566246047881241,0.01965121189778719
0.34843847125097127,0.559707251084571,0.018371405383349217
0.34843847125097127,0.563054873048237,0.022388074350126467
0.34672906954156957,0.5653026675596896,0.025145300265001537
0.3379489607614608,0.5589069437294651,0.0206775098461453
0.33461562742812745,0.5591931700910029,0.025313763153406176
0.3329062257187257,0.5642317493401083,0.023093570139952908
0.32927374708624707,0.5628743596537713,0.021930097685589633
0.3277585955710956,0.5633874946374945,0.022949055189343263
0.3277585955710956,0.5666157228657228,0.0261262862743484
0.3261960955710956,0.5717508677346974,0.021527505246845706
0.3261960955710956,0.574925026844608,0.020838972659125335
0.3261960955710956,0.5783357690757728,0.02053069453068763
0.32468094405594405,0.5790210000826723,0.02297731438384771
0.32275786713286714,0.5811006159863463,0.022611465031295682
0.3177571386946387,0.5811390851321734,0.020656308644690712
0.3146794871794872,0.5843058345860436,0.024899239154798396
0.31145032051282046,0.5857380594089455,0.021532783475336784
0.30666326728826726,0.5880319876474364,0.025593459100274548
0.30514811577311574,0.5892338334207108,0.02712986403438615
0.30202311577311575,0.5887816005207672,0.026577278264859554
0.30202311577311575,0.5887816005207672,0.026577278264859554
0.30010003885003883,0.5983639354411864,0.02768862075785567
0.29499514374514374,0.59728339887074,0.03376904622446773
0.2934326437451437,0.5999181286549706,0.03233874874618666
0.28984290015540015,0.6001537058141008,0.028347766506635737
0.2865709984459984,0.6038951921772355,0.028055206392540093
0.2865709984459984,0.6068550230440432,0.03184869239652878
0.28344599844599844,0.608787466408381,0.025834483270237976
0.28344599844599844,0.6106912210355625,0.02397426881859291
0.2815229215229215,0.6143078305342456,0.02784199108428424
0.27834110334110335,0.6238568846306609,0.03383072286568358
0.2733597999223,0.6236700473292766,0.027544101555551533
0.2671476787101787,0.6236205899363794,0.036043185469666804
0.2625075271950272,0.6273538011695906,0.04133184442821836
0.2591741938616938,0.6308572567783094,0.048997081049794965
0.2576590423465423,0.6294683678894206,0.05097363308232531
0.2576590423465423,0.6294683678894206,0.05097363308232531
0.2526583139083139,0.6281313879319875,0.053146156570994585
0.25073523698523703,0.6266512769236618,0.0523469041540753
0.24729700854700853,0.6344790568621037,0.06581781773391826
0.24563034188034188,0.6347335140018068,0.06470008952073288
0.24219211344211344,0.6368768141181935,0.06702805539563933
0.23703986985236983,0.6391567703604139,0.0729154838670424
0.23703986985236983,0.6435265182595735,0.07936835354278851
0.23537320318570315,0.6418574326282238,0.08105029153616013
0.23224820318570316,0.6442206572237532,0.07922980853059747
0.23032512626262625,0.6491180905815052,0.0847673261389178
0.23032512626262625,0.6543667443667444,0.08253483736801899
0.22861572455322454,0.6602361915265141,0.08688479524240172
0.22861572455322454,0.6657565535174643,0.08414980792042111
0.22180142773892775,0.6617346826184959,0.0827766441330647
0.22180142773892775,0.6617346826184959,0.0827766441330647
0.21846809440559442,0.6603369033604196,0.0851759046590023
0.21680142773892772,0.6607321158822035,0.08612296550760158
0.2133631993006993,0.6612825247607856,0.08926912489117725
0.21180069930069928,0.6734458828576476,0.10459831046204353
0.20675262237762237,0.6678174603174603,0.10418283321260556
0.2035234557109557,0.666230108856837,0.1047106094948405
0.2035234557109557,0.668767106742672,0.10186875122356019
0.19989097707847708,0.6683032209299491,0.09785607025123923
0.19989097707847708,0.6747881563675386,0.09384604281238348
0.19989097707847708,0.6913348416289592,0.10211286261269954
0.19604482323232325,0.686923076923077,0.10438180938352004
0.19452967171717173,0.685327332242226,0.10537255133936556
0.18952967171717172,0.6788408457557393,0.11125925479958511
0.18604409479409478,0.6775056785529415,0.10930902152291887
0.1805312742812743,0.6766553536418604,0.11086692367133757
0.17689879564879565,0.6728222238087306,0.1111036819784591
0.17538364413364413,0.6711797117314359,0.11177684599710339
0.17215909090909093,0.6762427710102129,0.11069906901083608
0.1685266122766123,0.6799986405077704,0.10454178701080111
0.1685266122766123,0.6852896457987756,0.10678853101767936
0.1685266122766123,0.6961848173612879,0.11921635267961457
0.16530205905205902,0.6935768562167415,0.11849811436571266
0.16530205905205902,0.7021419186053333,0.11166970994645062
0.1588437257187257,0.6960814132104455,0.11368486139587812
0.14915622571872572,0.6827922077922077,0.1220683272763789
0.14097367909867908,0.6734468821425342,0.12375890124499504
0.13774912587412586,0.6748502415458937,0.11799967050190716
0.13467147435897436,0.6762955214122262,0.11872516220406427
0.13118589743589743,0.6827002801120449,0.11814696723428997
0.12795673076923078,0.6829761904761904,0.1195332950134817
0.1247275641025641,0.6932575757575757,0.11880287514353303
0.12280448717948718,0.7085520252243512,0.13240377364697936
0.11953258547008547,0.7203970223325061,0.14701879569826354
0.11448450854700853,0.7049976848279055,0.15405979005971798
0.11256143162393162,0.7066351117284903,0.154576035437618
0.10176112082362083,0.7119628482972137,0.14836255675019316
0.0984277874902875,0.7032941176470588,0.15396651772809203
0.09676112082362083,0.7034803921568626,0.15649162593842023
0.09509445415695417,0.7208216619981325,0.15748952188079365
0.0897331487956488,0.7204906204906204,0.15958813118636914
0.08806648212898213,0.7559523809523809,0.1658995953489985
0.08655133061383062,0.7533208020050125,0.16607740631641735
0.0831325271950272,0.7727180714022819,0.146117830033404
0.07653190559440559,0.7625213675213676,0.15409995683996394
0.07031978438228438,0.7666666666666666,0.14577379737113252
0.06209450271950272,0.8161904761904761,0.15087349598714556
0.06042783605283606,0.8066666666666666,0.15832456116050558
0.05416836635586636,0.7933333333333332,0.1717879830230017
0.04916763791763792,0.7961904761904762,0.1703244869036812
0.04231060606060606,0.7961904761904761,0.1703244869036812
0.03867812742812743,0.7866666666666666,0.1758787461103056
0.03545357420357421,0.8033333333333333,0.16746475582773962
0.028639277389277386,0.7866666666666666,0.1758787461103056
0.021521221833721835,0.8,0.2666666666666667
0.019854555167055168,0.7666666666666666,0.2905932629027116
0.012950174825174826,0.7,0.4
0.01143502331002331,0.7,0.4
0.00987252331002331,0.7,0.4
0.0081631216006216,0.7,0.4
0.0066479700854700854,0.9,0.20000000000000004
0.0032719017094017095,0.8,0.4000000000000001
0.0032719017094017095,1.0,0.0
0.0015625,1.0,0.0
0.0,1.0,0.0
0.0,1.0,0.0
0.0,1.0,0.0
0.0,1.0,0.0
0.0,1.0,0.0
0.0,1.0,0.0
0.0,1.0,0.0
0.0,1.0,0.0
0.0,1.0,0.0
0.0,1.0,0.0
0.0,1.0,0.0
0.0,1.0,0.0
0.0,1.0,0.0
0.0,1.0,0.0
0.0,1.0,0.0
0.0,1.0,0.0
0.0,1.0,0.0
0.0,1.0,0.0
0.0,1.0,0.0
0.0,1.0,0.0
0.0,1.0,0.0
0.0,1.0,0.0
