recall_ave_seq,precision_ave_seq,std_precision
1.0,0.10881226053639848,0.010380243052983955
1.0,0.10881226053639848,0.010380243052983955
1.0,0.10881226053639848,0.010380243052983955
1.0,0.10881226053639848,0.010380243052983955
1.0,0.10881226053639848,0.010380243052983955
1.0,0.10887133282542208,0.010344878586513253
0.9784757683784566,0.11449880421460565,0.006623564052267842
0.9432893342325851,0.13723431735632233,0.028432706772537404
0.9068495234751192,0.16397637207652171,0.04848923229657325
0.8236879316872484,0.20287743097717584,0.05312780590586253
0.7460795521434634,0.2456620254918565,0.039678506128957514
0.692787570499301,0.29415265054959766,0.03348108583372753
0.6520832774998505,0.32164273160359336,0.029958692862254815
0.6251437360190414,0.3467591668210615,0.024523844061201668
0.6064359347763455,0.373391656419061,0.028180852401353984
0.5777161866201881,0.39344779668971375,0.028409611515694082
0.5568060043520126,0.4049072212407309,0.03882075761548956
0.5416460324990707,0.41420968166292893,0.03769676327424354
0.521211038873777,0.42438393911733907,0.03226144891780474
0.5127987574946924,0.43084800947067803,0.031923269954300365
0.504206410485437,0.4407072033520155,0.03223998122089972
0.4850006511702949,0.4422386601777508,0.034464246588578516
0.47355240908011365,0.44856821290075893,0.03607057395738736
0.4497603882473752,0.4472470118614974,0.039227569038508235
0.4429360239941893,0.4577210637865325,0.04566179104335716
0.43273125751592856,0.4604756114671263,0.05023058600348562
0.427481696412349,0.4678029029793736,0.05467856743104243
0.42397292448252444,0.4733258742664274,0.05603579393957777
0.42046415255269987,0.4801218949183303,0.05724257553127672
0.415560160288575,0.4843825386907087,0.06339338560379515
0.40522750692042947,0.4881546500961611,0.06462013863338364
0.3947664838475342,0.4886722294728531,0.06424316895272686
0.3947664838475342,0.499111237816949,0.06686402875430685
0.39161687754832164,0.5000437090349098,0.06646849306950667
0.38654689926004804,0.5012896175749734,0.0662627813403177
0.37952983821526376,0.5038897169354632,0.06379382982080671
0.37397280740649336,0.5047882434029134,0.06477565689842943
0.36846698970827935,0.5082297100548118,0.06462487602230045
0.36307594492365763,0.5069073504143202,0.06711885398997856
0.35719784761853923,0.5062839231617945,0.0679998292103487
0.3556230444689329,0.5063181250761174,0.0688889872065148
0.3556230444689329,0.5121043732808438,0.07356034097637223
0.35030915627850456,0.5126162141453103,0.07132490368124406
0.34372793464366075,0.5177201069343178,0.0755931184182109
0.34215313149405446,0.519465737514518,0.07566786286982781
0.34028397261554977,0.5266954611206638,0.07847927121839234
0.3349060418072206,0.5269281631147757,0.0845009737977339
0.33328002554705793,0.5335988534989167,0.08005429727107875
0.3316540092868953,0.5366958973949999,0.07713931341642362
0.3295921536167922,0.5397975708502025,0.07732405376122176
0.3279661373566297,0.5422489046641895,0.08033068544115297
0.3245857351315548,0.5432429767539108,0.08495678192698403
0.32283134916664247,0.5428182371742416,0.08691095272387733
0.32120533290647996,0.5418122009569378,0.0857097166349067
0.32120533290647996,0.543675554994205,0.08795799497248177
0.32120533290647996,0.5532455061512749,0.09064414053559137
0.31933617402797526,0.5519121728179415,0.09136564760988002
0.3172743183578722,0.5545216136520484,0.09424247362541079
0.30817166658369083,0.5511404911124406,0.09696716470308407
0.30290899150381884,0.5545028506204279,0.09836614799684879
0.30290899150381884,0.5545028506204279,0.09836614799684879
0.30084713583371575,0.5620544964517964,0.10005132234435421
0.2992211195735532,0.5658288770053476,0.09536098078866188
0.29715926390345004,0.5662722136620442,0.09626871603585643
0.2924348544546312,0.5696687997232791,0.0942736933207288
0.28918282193430594,0.5753664051432931,0.09455520238027758
0.2875568056741434,0.5765090344438171,0.09402387630679931
0.2875568056741434,0.5793109668109668,0.095781445040929
0.2854949500040403,0.5816161616161616,0.09598064628230688
0.2805909577399154,0.5839563097290459,0.1010452159393094
0.2789649414797528,0.5867687593339482,0.09894626806932091
0.27534139663633583,0.5857856472997273,0.10375289046813355
0.27347223775783125,0.5871868514595521,0.10090133065224569
0.2682095626779592,0.5861489621489622,0.09358094244124347
0.26482916045288435,0.5968033654263163,0.10187505467850544
0.26482916045288435,0.6016862839769753,0.10119439726635576
0.26482916045288435,0.6033802730480136,0.09967469006307074
0.2615771279325591,0.60476957839534,0.09362045544773144
0.2600023247829528,0.6083866190144294,0.09422701488159362
0.2600023247829528,0.6083866190144294,0.09422701488159362
0.2563144528526871,0.6160941223763172,0.09209617690069385
0.25249821121767174,0.6163062960559831,0.09133625252998058
0.25092340806806546,0.6168212201971793,0.08992847479412032
0.24140865194323755,0.610165973460091,0.09063116820663526
0.2362874605444077,0.6060780856600487,0.08801100820684739
0.2362874605444077,0.6099996542874997,0.09016024578217141
0.2362874605444077,0.6129594851543073,0.09121391434635294
0.2346614442842451,0.6151149020573137,0.09382966165587377
0.23128104205917022,0.6194539723946418,0.10291764617843009
0.23128104205917022,0.6247318158032443,0.10295640184513268
0.23128104205917022,0.6247318158032443,0.10295640184513268
0.23128104205917022,0.6327706238420524,0.11300204666450961
0.22941188318066552,0.6311114986535155,0.11386742062396733
0.22778586692050293,0.6331623299726395,0.11351717680757688
0.2245338344001777,0.6305479508876721,0.11026028359365149
0.22133301499040883,0.6348192014493641,0.10327726901585482
0.22133301499040883,0.6391288638897334,0.09856181346470456
0.21946385611190417,0.6374145781754477,0.09964393463140776
0.21577598418163846,0.6360089014927726,0.09348076505056065
0.21215243933822153,0.6341198280339315,0.0949322841329513
0.21215243933822153,0.6341198280339315,0.0949322841329513
0.20890040681789634,0.636823836418231,0.09200032001550278
0.20732560366829006,0.6397752428331349,0.09330374215666465
0.20526374799818697,0.6427637485802614,0.09768868470875604
0.20368894484858066,0.6411120969286097,0.09672638930349438
0.2004881254388117,0.6401396145780931,0.09215201285356531
0.2004881254388117,0.6449042203636857,0.08447824881945401
0.2004881254388117,0.6449042203636857,0.08447824881945401
0.19886210917864913,0.6456610641640077,0.08059525733754139
0.19379213089037556,0.6427482552320469,0.07691639073581234
0.18872215260210196,0.6393119868637109,0.0704315391938724
0.18872215260210196,0.6393119868637109,0.0704315391938724
0.18685299372359732,0.650959706959707,0.06774197946059383
0.18685299372359732,0.6567809127809128,0.05843604661010031
0.18153910553316902,0.6497949454471194,0.05145698608393229
0.17947724986306593,0.6562073578595318,0.0504220420040651
0.17573893210605657,0.6553526570048309,0.051137919783981224
0.17416412895645028,0.6664588661551577,0.05517573211276016
0.1721022732863472,0.6676182864450129,0.04695540079748475
0.1703478873214349,0.6652653452685422,0.05044956584243179
0.1652779090331613,0.6581417674809308,0.0502979753618037
0.16165436418974438,0.6617068298695228,0.05307449522566222
0.16165436418974438,0.6684261974584556,0.0635450782482979
0.1598999782248321,0.6657746823069404,0.06750943348152892
0.1598999782248321,0.6657746823069404,0.06750943348152892
0.15803081934632743,0.6707683982683983,0.08064169668550515
0.15645601619672114,0.6767783829074151,0.07586703039444499
0.15470163023180886,0.673982683982684,0.07952728537674547
0.15283247135330416,0.6779474548440065,0.08281915840419161
0.14963165194353528,0.6839858266355544,0.0805240946925434
0.14963165194353528,0.6881730187537809,0.07573256767495846
0.144433303950512,0.6799895036737141,0.08202400065477589
0.1423714482804089,0.6826431463273568,0.07451634542990966
0.13904225916589033,0.676796992481203,0.07859757236737876
0.13904225916589033,0.6999162640901772,0.07333303658948304
0.1338439111728671,0.7114191690662279,0.08502641596937323
0.12749348546388556,0.7052260458839406,0.08422826970801267
0.12248706697864811,0.7033776749566224,0.07665560197532124
0.11511209040192935,0.7055604698019559,0.080131880368949
0.11353728725232307,0.709920634920635,0.09419401237738025
0.11028525473199786,0.7027777777777778,0.08940820521906157
0.10708443532222896,0.6983047870004392,0.08641472303669305
0.0996315348675042,0.6851558607632777,0.08625544337311838
0.09310152634321671,0.6725724637681159,0.12042355499732457
0.09310152634321671,0.6725724637681159,0.12042355499732457
0.09103967067311362,0.670667701863354,0.11737520429211788
0.08384302681302336,0.6528746615703137,0.11222286781267618
0.08221701055286076,0.6722885809842333,0.11499658272179948
0.07514950368133284,0.7068065268065269,0.15437293439706173
0.06777375982080146,0.7114141414141415,0.14247423723138808
0.06452172730047626,0.6677299308878256,0.16069885384478017
0.05902902357855463,0.6747474747474748,0.14689635088828953
0.055879417279342036,0.671969696969697,0.15606060606060607
0.05412503131442975,0.6683982683982684,0.15151144089457566
0.05048837249472036,0.6447619047619046,0.17352161412023986
0.04511044168639112,0.6699999999999999,0.13999999999999999
0.043241282807886444,0.6654545454545454,0.13767850921921856
0.043241282807886444,0.6654545454545454,0.13767850921921856
0.03960462398817706,0.6276767676767677,0.18170546449954952
0.03216483750974473,0.6055555555555555,0.16703662642636563
0.03216483750974473,0.6055555555555555,0.16703662642636563
0.028669662371077452,0.5214285714285715,0.31410528731505677
0.026607806700974356,0.7142857142857143,0.2233531314201633
0.022971147881264968,0.638095238095238,0.34285714285714286
0.02121676191635269,0.6047619047619047,0.3465410552125762
0.017478444159343343,0.5933333333333333,0.3388870673903689
0.017478444159343343,0.5933333333333333,0.3388870673903689
0.013547429610735578,0.5700000000000001,0.33105890714493696
0.013547429610735578,0.8,0.18708286933869706
0.009923884767318624,0.6833333333333333,0.3666666666666667
0.009923884767318624,0.75,0.3872983346207417
0.0018691588785046728,0.6,0.48989794855663565
0.0018691588785046728,0.8,0.4
0.0,1.0,0.0
0.0,1.0,0.0
0.0,1.0,0.0
0.0,1.0,0.0
0.0,1.0,0.0
0.0,1.0,0.0
0.0,1.0,0.0
0.0,1.0,0.0
0.0,1.0,0.0
0.0,1.0,0.0
0.0,1.0,0.0
0.0,1.0,0.0
0.0,1.0,0.0
0.0,1.0,0.0
0.0,1.0,0.0
0.0,1.0,0.0
0.0,1.0,0.0
0.0,1.0,0.0
0.0,1.0,0.0
0.0,1.0,0.0
0.0,1.0,0.0
0.0,1.0,0.0
0.0,1.0,0.0
0.0,1.0,0.0
0.0,1.0,0.0
0.0,1.0,0.0
0.0,1.0,0.0
0.0,1.0,0.0
0.0,1.0,0.0
