recall_ave_seq,precision_ave_seq,std_precision
1.0,0.17206405693950177,0.015960764826753796
1.0,0.17206405693950177,0.015960764826753796
1.0,0.17206405693950177,0.015960764826753796
1.0,0.17206405693950177,0.015960764826753796
1.0,0.17206405693950177,0.015960764826753796
1.0,0.17206405693950177,0.015960764826753796
0.9990654205607477,0.1737245710947044,0.018073213998642843
0.9906542056074766,0.17977701091580095,0.027846390580563773
0.9808918558077437,0.19076805839273328,0.04354919326873406
0.9565005133504643,0.21250143883836764,0.05760943793057316
0.9084540527775633,0.24775190081853457,0.07233688269955804
0.856454889672926,0.27884150724549706,0.0766202607612904
0.8139044328855254,0.3070986404571301,0.07540101988044547
0.778919832896941,0.34106387062659393,0.06632123534404155
0.7484316039298726,0.36655573577758693,0.06627875819631156
0.714577203849779,0.39949490350894185,0.06606311165121283
0.6784792917472411,0.4148244010651604,0.06604749701957367
0.6615419926810561,0.43161968283376345,0.06406103284523444
0.6474665517855243,0.4556667948815024,0.06201509386044047
0.6305367303366108,0.4730103386149727,0.05956438478891413
0.6153691954867921,0.48577809443179776,0.05726382129980722
0.5943290937904692,0.492871593895378,0.054846407777120805
0.5816539234765052,0.500381829276549,0.051283153141172634
0.5628921998513257,0.5007598421566314,0.04850399487998222
0.5567812312258221,0.5126190636091286,0.04841381542439983
0.5468044334507236,0.5186639818218766,0.045066167814314405
0.5364254281568845,0.5259506912816472,0.04194113480603202
0.5255039835167149,0.5348108508348506,0.043170551519379693
0.516152203006015,0.5444066048659957,0.04332262760630479
0.5066672023416229,0.5507267567914469,0.04135700826549351
0.5014908131553716,0.552860871662401,0.03722352739386278
0.49119257417255185,0.552842004782032,0.0335332071844698
0.48040422873312866,0.5594505506381783,0.04315725509650481
0.474989054459286,0.5642957773568078,0.04243106716688371
0.47306925334515676,0.5689085236071483,0.041516396263556875
0.46644623180436334,0.5740393969493713,0.04223505800217382
0.4582693223210259,0.5750480351354866,0.042298636287377483
0.4532868629499104,0.5798355913580107,0.04059874706980924
0.4431581384679384,0.5793445535464233,0.047041192762420456
0.43524870984913056,0.584568781985937,0.04569575544628268
0.4290245777195105,0.5866011088371332,0.04842343896523774
0.42183717037369994,0.5867904966668792,0.048179858552487125
0.41330441514459626,0.5845725626970903,0.049805086339743475
0.4082450866165198,0.5868317215123395,0.05206207922709741
0.40302812262046295,0.5890958725182862,0.053683860952965706
0.3988369551090886,0.5900466875781565,0.05191093165845054
0.3943420123860292,0.5921787717463879,0.0540633454714943
0.38788669373903495,0.5919938680323497,0.05608207432524282
0.38596689262490574,0.5927153296119406,0.05742901256910572
0.3848240354820486,0.5958158082445469,0.05813299308244732
0.3848240354820486,0.6001201323489639,0.05521582456241049
0.3819477084699807,0.6030774783323898,0.052724042264702266
0.3751104381088296,0.6052708864350254,0.050901312776451456
0.3739675809659725,0.6067676729189064,0.05215496889845247
0.37303300152672014,0.6077567678507212,0.04977352061895635
0.37204777985184334,0.6121959581714033,0.05121436846492633
0.36895889467352055,0.6191036597502114,0.04584092412396035
0.3637056363303083,0.6194540792252666,0.04081692690801459
0.3562980722480255,0.6200039198130032,0.037221366090986495
0.35511464029536277,0.624093567251462,0.03906051108605628
0.35397178315250566,0.6307002759448012,0.034143980651094
0.3530372037132533,0.6333937828004764,0.033114643686604224
0.3497763351784811,0.6326235440838139,0.033498355563944204
0.347870881952821,0.636460936995617,0.03533490399940975
0.343335364419956,0.6381730425006287,0.03527013699612419
0.3403940472837945,0.6396179574488638,0.035431535753276774
0.3374670780361022,0.6398343277649019,0.03306181262988994
0.33399793179772513,0.640264531465027,0.033809557988661365
0.33188420086846027,0.6413134651271617,0.03219457158698982
0.3288215426114739,0.6460531811498679,0.024798479963834587
0.3288215426114739,0.6472524958271951,0.023199110230380123
0.32494564603606013,0.645714745907567,0.024634040382818866
0.3228319151067952,0.6485494711281228,0.0258367894751045
0.3216890579639381,0.650530858030858,0.024505763922002727
0.31760488368491946,0.6498759746533518,0.022845803456815524
0.3131605831974845,0.6469965535064954,0.02306433878066621
0.30965086214930193,0.6488401398866976,0.023355825359869048
0.3076947666880173,0.6524977061784136,0.0169753201644674
0.30463210843103095,0.6527763854618267,0.017101442608374928
0.30250402961329703,0.6541810181672725,0.021042957579605878
0.3005842284991679,0.6583411766136484,0.022884222992285694
0.29769355359863087,0.655950956937799,0.02316914936685516
0.2943414680184286,0.656688188146844,0.026296888830991048
0.29315803606576585,0.6612428960447799,0.031017846134915983
0.2891708657953461,0.663561374445316,0.035920784028834134
0.2861588497739843,0.6630505519344936,0.03669970748737308
0.27956452401012905,0.6632329122836752,0.03746031131448653
0.27956452401012905,0.6710488954303753,0.03428655482638384
0.27764472289599984,0.6730067785262428,0.03809833741456569
0.27667384910959214,0.6744328034816796,0.04046312027558274
0.27351997380717574,0.671772574565265,0.0434442745150912
0.27351997380717574,0.6798474613422604,0.05101254024534474
0.2692375892503712,0.6779791494062414,0.04913776621282783
0.26629627211420975,0.6767890223290174,0.048407649472001435
0.26536169267495746,0.6784901660334585,0.052802558227937675
0.2634418915608282,0.6824239292050409,0.057833789027586124
0.25923637616098477,0.6807654145995747,0.05946182195252257
0.25923637616098477,0.6840377632534496,0.058821640322195154
0.2560968487470374,0.6814197497597297,0.05923514902063997
0.2528259127864463,0.6801040589315491,0.06043027747739452
0.2518550390000385,0.6831510321922177,0.05933372542346318
0.2518550390000385,0.6869507189970416,0.05722318062063018
0.24968638537249893,0.6884339801253219,0.05381117874821162
0.24753207963342846,0.691362203972498,0.05477138918759404
0.245454643051319,0.6954707957952144,0.05250443943990468
0.24122290073013902,0.6990306619858859,0.056397797846144376
0.23826723570550845,0.6991475356935883,0.0602099538544996
0.23733265626625616,0.7042992828894469,0.05225768352741894
0.23228767562664868,0.7019606368526731,0.0490533275041118
0.23114481848379156,0.7100668680987952,0.050400761058004756
0.23114481848379156,0.7120230496324413,0.04994419592574822
0.22903108755452664,0.7125440154705591,0.046079984814396444
0.22806021376811886,0.7165889800988787,0.04219213418269967
0.227074992093242,0.7198916587548378,0.042538513069013954
0.22494691327550803,0.7203991142622932,0.044585537444992454
0.22185802809718522,0.7218438003220612,0.04216837283357785
0.22088715431077746,0.7209572754993662,0.04071260203013589
0.21777385381816666,0.7220079241792191,0.03947186245087305
0.21561954807909617,0.7202303398800045,0.03824042609695304
0.21443611612643343,0.7241077049726996,0.034726207283947305
0.21038823619457023,0.7289157281201686,0.0323523516422774
0.207339925826053,0.728314192152584,0.03089185066016005
0.20211289440417723,0.7298475829725829,0.03056170009865913
0.20114202061776948,0.7419146825396825,0.024158121029281367
0.19877515671244403,0.7402493169398907,0.02410385342980669
0.19449277215563954,0.7357834933402525,0.02437230074846537
0.19137947166302868,0.7315790269733802,0.028797544380806082
0.1894233762017441,0.7328363917737487,0.03592779152927312
0.1872690704626736,0.7370644003211766,0.02946299824795262
0.18612621331981646,0.7390406849061568,0.028388937919200892
0.18327183276643494,0.7356753235770856,0.030967023507086463
0.1801323053524876,0.7352665345771519,0.03156226266848488
0.17635769324832282,0.7348206674879288,0.03323063147795433
0.17309682471355062,0.7355062944718117,0.036484805889841994
0.17212595092714283,0.7470859566397092,0.032317865858960446
0.1690269983230011,0.7429797931953105,0.030697087297529017
0.1690269983230011,0.7429797931953105,0.030697087297529017
0.16498918581695685,0.7406301225656066,0.03219206484588757
0.15960023846445065,0.7431440845233949,0.03333223132203805
0.15861501678957385,0.7464646464646465,0.032076782124753
0.1534242797148535,0.7412690707984826,0.029734877845503944
0.1524897002756012,0.7475959595959596,0.03290079947138891
0.14711510081156406,0.7523824015303017,0.03495565488093621
0.1449464471840245,0.7491199543794215,0.03644499300147578
0.14376301523136176,0.7509649231361549,0.03540056216344826
0.13556026213527966,0.7502445709466583,0.03851442047837865
0.13268393512321178,0.7495387623105911,0.03292375024702271
0.126115836280693,0.7386973247071166,0.02882686050623454
0.12305317802370667,0.7351276742581091,0.026871370019658693
0.12305317802370667,0.7444444444444445,0.02609444099731127
0.11812136088821568,0.7432328541024195,0.03165317559609077
0.1126006216804738,0.7327532932184095,0.031440449366257985
0.10784078790143219,0.7285685890337052,0.042245592150478614
0.10475618318575952,0.7289654144305306,0.04434070596458245
0.10088028661034572,0.7377676905857481,0.04866413425137071
0.09872598087127524,0.7348179271708684,0.04569224217250497
0.09659790205354124,0.7418020541549953,0.06771752439775192
0.09562702826713346,0.7402231067865742,0.06522237105478483
0.09252379520034157,0.7286514049351018,0.07730490097857659
0.08850461104541654,0.7423295360630482,0.049409998562991504
0.0811696356574447,0.7204575596816977,0.057456890503401574
0.07676590997981533,0.7286364221364222,0.0472336240610227
0.07486045675415523,0.7321428571428571,0.04758331993042214
0.06655032711712545,0.7532658569500674,0.0881019950516857
0.06324888377254766,0.7621600621600622,0.10711258249422981
0.06032191452485528,0.7470418470418471,0.13744965586256264
0.057995625429335416,0.7436363636363637,0.13489958552069667
0.050416077990603304,0.7271633986928105,0.21660629133469028
0.046220630016578765,0.743001443001443,0.2202553461706356
0.04330800865735547,0.7207792207792207,0.22122864027917727
0.04021912347903264,0.7485714285714287,0.1777511317899487
0.03619565886145748,0.72,0.19390719429665318
0.033869369765937615,0.7178947368421053,0.19308258965166383
0.030608501231165413,0.7202614379084966,0.19455398682956063
0.024584469188441784,0.6847058823529412,0.19702282375294689
0.02103417333045362,0.8104761904761905,0.165790896358011
0.017985862961936373,0.8025641025641026,0.19487179487179487
0.012515765989819022,0.86,0.19595917942265426
0.012515765989819022,0.86,0.19595917942265426
0.0113323340371563,0.8555555555555555,0.19751543149590198
0.008965470131830855,0.8428571428571429,0.20404081224408144
0.003260868534772201,0.7666666666666667,0.2905932629027116
0.0020774365821094793,0.8,0.4
0.0020774365821094793,0.8,0.4
0.0009345794392523364,0.8,0.4
0.0,1.0,0.0
0.0,1.0,0.0
0.0,1.0,0.0
0.0,1.0,0.0
0.0,1.0,0.0
0.0,1.0,0.0
0.0,1.0,0.0
0.0,1.0,0.0
0.0,1.0,0.0
0.0,1.0,0.0
0.0,1.0,0.0
0.0,1.0,0.0
0.0,1.0,0.0
0.0,1.0,0.0
0.0,1.0,0.0
0.0,1.0,0.0
0.0,1.0,0.0
