recall_ave_seq,precision_ave_seq,std_precision
1.0,0.03215077605321508,0.003903950523649448
1.0,0.03215077605321508,0.003903950523649448
1.0,0.03215077605321508,0.003903950523649448
1.0,0.032168021680216805,0.003933376562511887
0.9542857142857143,0.06690992894180911,0.07287292653953979
0.9485714285714286,0.08939024390243902,0.11782261340363068
0.9085714285714286,0.10897065352028834,0.1265997413825778
0.7903448275862068,0.16357130870386438,0.13601696061184973
0.7441625615763547,0.22912174970998497,0.13113524753657585
0.6161165845648604,0.284275078469962,0.09852490913582419
0.5882840722495895,0.31826732942199043,0.07862911488184564
0.5601970443349754,0.34371615312791787,0.06423494113326433
0.5311740558292283,0.3540737628384687,0.061582224283500436
0.5035878489326765,0.36546472742030234,0.05457739288185373
0.48408045977011493,0.37009625168440446,0.048336786660731046
0.4769376026272578,0.3882412847630239,0.04679136372284109
0.4769376026272578,0.405177298192004,0.04509011190688233
0.4769376026272578,0.41993451961475214,0.042390835478590315
0.4686042692939245,0.42064979247685486,0.047139226437936985
0.4617077175697865,0.42834773680157434,0.055335447369901196
0.4617077175697865,0.4336870026525199,0.05230241928431294
0.4479146141215106,0.4451261701261702,0.060690652821064596
0.4479146141215106,0.4513993316624895,0.06636347850404681
0.4479146141215106,0.45803034155436906,0.06349106449476564
0.4479146141215106,0.46830409356725144,0.057729116415659566
0.4479146141215106,0.48315642320218977,0.04986351281205419
0.44101806239737273,0.48980980980980987,0.055718755697933234
0.44101806239737273,0.5166363205310575,0.0578941651774879
0.44101806239737273,0.5332555563676845,0.048141098558320786
0.44101806239737273,0.5443666674787956,0.045523402412050225
0.44101806239737273,0.5518488249609532,0.03909539482231436
0.4338752052545156,0.5579213184476342,0.02120279228159171
0.4338752052545156,0.5579213184476342,0.02120279228159171
0.4338752052545156,0.5644572661600525,0.0242797826474822
0.4338752052545156,0.5703052193764269,0.016739263130794078
0.4338752052545156,0.5703052193764269,0.016739263130794078
0.42816091954022983,0.5679242669954745,0.015519021529509581
0.42816091954022983,0.5786385527097602,0.027840904090112594
0.42126436781609194,0.580496137849079,0.028108107970944825
0.4155500821018062,0.5780005941770647,0.027863055856752406
0.40983579638752055,0.5753490790255495,0.028572133394623646
0.40293924466338266,0.5702020202020203,0.028101306921001015
0.39722495894909693,0.5739153872692773,0.029687443773104002
0.39722495894909693,0.5859046345811052,0.042619300416978194
0.39722495894909693,0.5859046345811052,0.042619300416978194
0.39722495894909693,0.5954284441049147,0.06097164078564084
0.39722495894909693,0.5954284441049147,0.06097164078564084
0.39722495894909693,0.5954284441049147,0.06097164078564084
0.39722495894909693,0.6063375350140057,0.05570668210392101
0.38889162561576357,0.6173884381338743,0.06741382514522559
0.38889162561576357,0.6173884381338743,0.06741382514522559
0.3817487684729064,0.6131779118180848,0.06900700617213575
0.3691379310344828,0.6125751879699248,0.06982136215316403
0.3691379310344828,0.6125751879699248,0.06982136215316403
0.3553448275862069,0.6002674956622325,0.07609522232819257
0.3553448275862069,0.6045002998950367,0.07495338782695894
0.3553448275862069,0.6109330484330484,0.07385648378165126
0.3470114942528736,0.6135771363712539,0.06743780653641135
0.3470114942528736,0.6416553544494721,0.08421330568114146
0.3470114942528736,0.6416553544494721,0.08421330568114146
0.3470114942528736,0.6603496503496504,0.08051223379523645
0.34129720853858786,0.6572727272727273,0.08244269234238509
0.32986863711001646,0.6503162055335968,0.08824515989080177
0.3241543513957307,0.6463636363636364,0.09231693969890849
0.3241543513957307,0.6463636363636364,0.09231693969890849
0.3241543513957307,0.6463636363636364,0.09231693969890849
0.3241543513957307,0.6590909090909091,0.09442354465451915
0.3158210180623974,0.6638131313131314,0.09317037514255083
0.3158210180623974,0.6638131313131314,0.09317037514255083
0.3158210180623974,0.6742893217893218,0.10284130895895437
0.3089244663382595,0.6684559884559884,0.10962050307178384
0.3089244663382595,0.6684559884559884,0.10962050307178384
0.3089244663382595,0.6684559884559884,0.10962050307178384
0.3089244663382595,0.6684559884559884,0.10962050307178384
0.293448275862069,0.6751592851592851,0.11128256993238772
0.293448275862069,0.7074242424242424,0.14303094504221603
0.2851149425287356,0.7002813852813853,0.14161111455001468
0.2851149425287356,0.7054761904761906,0.13620962236380293
0.2794006568144499,0.7088095238095239,0.13209801899088114
0.2794006568144499,0.7088095238095239,0.13209801899088114
0.2794006568144499,0.7088095238095239,0.13209801899088114
0.2722577996715928,0.7057792207792207,0.12935195326104393
0.25821839080459774,0.6955494505494506,0.13365980640178046
0.25821839080459774,0.6955494505494506,0.13365980640178046
0.24988505747126438,0.686025641025641,0.13368198990410257
0.24988505747126438,0.686025641025641,0.13368198990410257
0.24988505747126438,0.695,0.12467736139510029
0.24274220032840726,0.6905555555555555,0.12120281950841788
0.24274220032840726,0.6905555555555555,0.12120281950841788
0.24274220032840726,0.6905555555555555,0.12120281950841788
0.24274220032840726,0.7172222222222222,0.12751664137343208
0.23559934318555004,0.7116666666666667,0.12534397117975443
0.23559934318555004,0.7116666666666667,0.12534397117975443
0.22988505747126436,0.7127777777777778,0.12392251661202167
0.22298850574712645,0.7092063492063492,0.11936951190689309
0.21013136288998355,0.6968347338935574,0.12454663525597377
0.21013136288998355,0.6968347338935574,0.12454663525597377
0.1972742200328407,0.7206060606060605,0.16913760623791943
0.1972742200328407,0.7206060606060605,0.16913760623791943
0.19037766830870279,0.7206060606060605,0.16913760623791943
0.18348111658456484,0.7206060606060605,0.16913760623791943
0.18348111658456484,0.7272727272727272,0.16076036041343375
0.17514778325123154,0.7248917748917748,0.14905925522862015
0.17514778325123154,0.7336829836829837,0.14081743091864682
0.16229064039408864,0.713939393939394,0.15439505456521757
0.16229064039408864,0.7372727272727273,0.14114057232782073
0.16229064039408864,0.7372727272727273,0.14114057232782073
0.15657635467980296,0.7306060606060606,0.1435110052636113
0.15657635467980296,0.7306060606060606,0.1435110052636113
0.14967980295566502,0.74,0.14628738838327796
0.14967980295566502,0.77,0.12884098726725124
0.14967980295566502,0.77,0.12884098726725124
0.1427832512315271,0.7833333333333333,0.1130388330520878
0.13017241379310343,0.7678571428571429,0.12474463711837842
0.13017241379310343,0.7857142857142858,0.10832679205787929
0.12302955665024631,0.7928571428571429,0.11703053073756675
0.11731527093596059,0.7861904761904762,0.11547398132398394
0.08829228243021346,0.7766666666666666,0.12274635093014646
0.07995894909688013,0.7433333333333334,0.16384274303259344
0.07995894909688013,0.7433333333333334,0.16384274303259344
0.0730623973727422,0.7266666666666666,0.16653327995729061
0.0730623973727422,0.8666666666666666,0.16329931618554522
0.058776683087027916,0.7333333333333333,0.38873012632302
0.04616584564860427,0.7,0.4
0.04616584564860427,0.7,0.4
0.039269293924466334,0.7,0.4
0.039269293924466334,0.7,0.4
0.026658456486042693,0.8,0.4000000000000001
0.026658456486042693,0.8,0.4000000000000001
0.026658456486042693,0.8,0.4000000000000001
0.026658456486042693,0.8,0.4000000000000001
0.02094417077175698,0.8,0.4000000000000001
0.02094417077175698,0.8,0.4000000000000001
0.015229885057471266,1.0,0.0
0.015229885057471266,1.0,0.0
0.015229885057471266,1.0,0.0
0.008333333333333333,1.0,0.0
0.008333333333333333,1.0,0.0
0.008333333333333333,1.0,0.0
0.0,1.0,0.0
0.0,1.0,0.0
0.0,1.0,0.0
0.0,1.0,0.0
0.0,1.0,0.0
0.0,1.0,0.0
0.0,1.0,0.0
0.0,1.0,0.0
0.0,1.0,0.0
0.0,1.0,0.0
0.0,1.0,0.0
0.0,1.0,0.0
0.0,1.0,0.0
0.0,1.0,0.0
0.0,1.0,0.0
0.0,1.0,0.0
0.0,1.0,0.0
0.0,1.0,0.0
0.0,1.0,0.0
0.0,1.0,0.0
0.0,1.0,0.0
0.0,1.0,0.0
0.0,1.0,0.0
0.0,1.0,0.0
0.0,1.0,0.0
0.0,1.0,0.0
0.0,1.0,0.0
0.0,1.0,0.0
0.0,1.0,0.0
0.0,1.0,0.0
0.0,1.0,0.0
0.0,1.0,0.0
0.0,1.0,0.0
0.0,1.0,0.0
0.0,1.0,0.0
0.0,1.0,0.0
0.0,1.0,0.0
0.0,1.0,0.0
0.0,1.0,0.0
0.0,1.0,0.0
0.0,1.0,0.0
0.0,1.0,0.0
0.0,1.0,0.0
0.0,1.0,0.0
0.0,1.0,0.0
0.0,1.0,0.0
0.0,1.0,0.0
0.0,1.0,0.0
0.0,1.0,0.0
0.0,1.0,0.0
0.0,1.0,0.0
0.0,1.0,0.0
0.0,1.0,0.0
0.0,1.0,0.0
0.0,1.0,0.0
0.0,1.0,0.0
0.0,1.0,0.0
0.0,1.0,0.0
0.0,1.0,0.0
0.0,1.0,0.0
0.0,1.0,0.0
0.0,1.0,0.0
0.0,1.0,0.0
