recall_ave_seq,precision_ave_seq,std_precision
1.0,0.07398523985239852,0.008050710047701637
1.0,0.07398523985239852,0.008050710047701637
1.0,0.07398523985239852,0.008050710047701637
1.0,0.07398523985239852,0.008050710047701637
1.0,0.07423476456942603,0.008205740195397609
0.9097472137791286,0.10883738649518493,0.03948749203898575
0.7977858036831755,0.19376147423550727,0.0044669493571543985
0.7479932355921092,0.22885021106021336,0.012869402996527458
0.7301412777877109,0.2521179054863822,0.017858754928476057
0.7116312652720662,0.27023414990100514,0.017884746737736705
0.6935948507062399,0.2837068874461367,0.0174942282758832
0.672703885809643,0.2915916488573571,0.019116967522844055
0.6523519280052448,0.29931411609063185,0.014644637063600396
0.6430277728112521,0.30486575020015605,0.01315738457816978
0.633724834614697,0.3150220603580151,0.01562643519000563
0.6186950056618392,0.32208413049760126,0.014310031448514622
0.6186950056618392,0.3305015173623242,0.011117540484393482
0.6186950056618392,0.33940409311811565,0.010317803861418715
0.605098367006377,0.3418230126305108,0.012081260130108507
0.5927676261994159,0.3445588669916249,0.013861295291651393
0.585032123487693,0.34626192008513984,0.014647613198615904
0.5794242803504381,0.352372192002737,0.015394228710232735
0.57398310387985,0.357618668539847,0.01250270704838561
0.5644056558793731,0.36238352967913245,0.014744419135176925
0.5569558674533643,0.3673217253790596,0.017981616888325776
0.5510735145121879,0.3687395110570095,0.0254526948250698
0.5510735145121879,0.37069499953091994,0.02584477325481898
0.545465671374933,0.37606421725956,0.02871085529996392
0.5383228142320757,0.3782393241458921,0.027571694394683623
0.5358228142320758,0.38261806584732544,0.02437801989250764
0.5302149710948209,0.38706221936004104,0.027732276159001867
0.5277149710948208,0.3891362407031778,0.027948322191719378
0.5250483044281543,0.39514720932731456,0.026951152261712862
0.5250483044281543,0.3997747916976998,0.029362691616142574
0.5207929852792181,0.4018587859952351,0.029989102594878796
0.5154596519458847,0.4033440513734631,0.032919801098956425
0.5104596519458847,0.40691861723957923,0.029559624734427293
0.5079596519458847,0.4096698883288896,0.02999961535568728
0.5027929852792181,0.4116700008173802,0.03386466690240849
0.4974708564276774,0.41189523731713856,0.03270464892302327
0.49497085642767746,0.4195121623119194,0.029047069241078766
0.4925899040467251,0.42422260142264373,0.02610094053493531
0.4807869658501698,0.4224828234379051,0.031232010627960237
0.4807869658501698,0.42724801792536804,0.033290047750177965
0.47284578937958166,0.425590327830737,0.03438105663695907
0.47284578937958166,0.4334050443751936,0.03201313718893251
0.47284578937958166,0.4371966521126899,0.031730583422967966
0.47284578937958166,0.44109250477327705,0.029100735839067537
0.46473794624232667,0.43896005649752345,0.03288887889812183
0.46179676977173845,0.44133955200370184,0.03540085516083641
0.46179676977173845,0.44719201921337365,0.03582828269623471
0.4567491507241194,0.44967799751391596,0.035426384236050684
0.4538079742535312,0.45300591959183806,0.04194886299655408
0.4490136480123964,0.4564367202158401,0.04774781818868134
0.44019011860063173,0.45395755090617873,0.05127752645436217
0.43769011860063173,0.4553699802847098,0.050319211692678445
0.4326424995530127,0.4557853002037689,0.05138111349576656
0.4281338875975922,0.4549759301140391,0.05176760273215501
0.4257529352166398,0.45576800184044375,0.048098335938730606
0.4257529352166398,0.4580117099817154,0.0467643218602695
0.4257529352166398,0.4607018208387954,0.04621478984883241
0.4257529352166398,0.46347580124435483,0.04587598327104109
0.4257529352166398,0.4688065271875341,0.04834807167095728
0.42112527564217184,0.4704815380697733,0.04841849751421293
0.42112527564217184,0.47818654594459253,0.043653002629364036
0.42112527564217184,0.47818654594459253,0.043653002629364036
0.4181840991715836,0.48313769263158823,0.04401819636730034
0.41551743250491685,0.484018646681246,0.04316845602559614
0.41019530365337625,0.4856264240579309,0.04395703633798624
0.4080676440789081,0.4881794625332995,0.042925187118112225
0.4080676440789081,0.49598984383715294,0.042872574381498364
0.4080676440789081,0.505399943840538,0.040419207789433115
0.4004988080338518,0.5096688311688312,0.03804678613984265
0.3981178556528994,0.5128253968253969,0.034391976497232205
0.39573690327194705,0.515929424864927,0.0270351614293464
0.3904035699386138,0.5138934931361299,0.025361093072672595
0.37991477442040644,0.5114056391787485,0.02686297715697934
0.37991477442040644,0.5138415366146458,0.023832606251809708
0.37991477442040644,0.5182700459584094,0.02442814582927103
0.372906162464986,0.5185758080363951,0.0236643630385321
0.37023949579831933,0.5228090923967212,0.029765008535451762
0.36491736694677873,0.5255045101864787,0.03430913083689606
0.3619761904761905,0.5256632403452088,0.037720509955080056
0.3593095238095238,0.5342302942036661,0.04262607235003875
0.35692857142857143,0.5375354470091311,0.0447720157278215
0.35692857142857143,0.548767576509512,0.043856156747950834
0.35692857142857143,0.55512068288854,0.0444442136797018
0.35692857142857143,0.5576717032967033,0.047882867781592744
0.35692857142857143,0.5667904830306577,0.053616711303165476
0.35692857142857143,0.5712239805676036,0.05857729104759966
0.35692857142857143,0.5729600916787148,0.05795524378535909
0.3542619047619048,0.5745450963536071,0.05024632059579783
0.3542619047619048,0.5773203044942176,0.0539384306419905
0.34681211633589604,0.5824673825799107,0.06380190491194578
0.34193116395494366,0.5794539429308777,0.06239099753494506
0.34193116395494366,0.5891690685448604,0.06440861518468803
0.34193116395494366,0.5926099287599141,0.06077159431968809
0.33705021157399123,0.5907619047619048,0.05915780809414259
0.33705021157399123,0.595762200043308,0.06095841636210684
0.3320502115739913,0.596726160477979,0.06066210659635526
0.3247558853328566,0.5913501742160279,0.059127364808423365
0.3247558853328566,0.5960669077757685,0.062437368451396864
0.32050056618392037,0.5953007518796992,0.06277975373707029
0.31283389951725366,0.5976562037696094,0.056830896680424
0.3107062399427856,0.603910905865124,0.059550468178287665
0.3059443351808809,0.6107461605264655,0.05940893207564478
0.3014357232254604,0.6192438909091768,0.06388010415405894
0.29388810417784134,0.6147387489922702,0.05817923752839757
0.2893794922224209,0.6228626373626373,0.062762667223864
0.2843106561773646,0.6246413662239089,0.06825517373936665
0.2740751534656416,0.6245878532621443,0.062357964346671714
0.27157515346564154,0.6281788044016615,0.06441356402029386
0.263565140949997,0.6428401663695781,0.08860767155221005
0.261065140949997,0.6546407274895646,0.10070255843494226
0.2589374813755289,0.665143150002341,0.09440567192627838
0.2520479170391561,0.6724303135888502,0.08593381560045572
0.249920257464688,0.6763088895013244,0.09063181813926785
0.24725359079802134,0.6738088895013243,0.08693774155529889
0.24061731926813276,0.6807671238374251,0.08513490431900002
0.2384896596936647,0.705314465408805,0.09381712751735988
0.23344204064604565,0.7006457283487636,0.08934848354676612
0.2286477144049109,0.7134448160535117,0.08703222842796014
0.2243923952559747,0.7125937522237245,0.08815102712360273
0.2091568925442518,0.6977225672877847,0.09277407069057296
0.20142138983252877,0.7133544749823819,0.10421067453714376
0.1992937302580607,0.7177087952697708,0.09906005891106824
0.1946660706835926,0.7232854864433813,0.09304139117814199
0.18934394183205194,0.7185235816814766,0.08774581863499013
0.17950199654329815,0.7226262626262627,0.08540068030353448
0.17230550092377378,0.7262500000000001,0.07292976072907413
0.1640421956016449,0.7181769949066213,0.0570523812405978
0.15421145479468384,0.7081639107255805,0.046208399327924955
0.1444171285535491,0.7752854988149106,0.11671268813451047
0.13934829250849273,0.7636078431372548,0.12375725020412079
0.13509297335955658,0.7854049445865303,0.1173429530178312
0.1304653137850885,0.7853048128342246,0.117075082114051
0.12779864711842184,0.7909714795008912,0.11243471328287222
0.11840908278204901,0.7994896331738437,0.1036545396390292
0.10844808987424756,0.8011111111111111,0.10294430952800418
0.094311818344359,0.7815336134453782,0.1158932984270237
0.09193086596340663,0.8351282051282052,0.13592065597464784
0.07744004410274749,0.8404761904761905,0.13586040588273435
0.06999025567673878,0.82987012987013,0.14683941844262408
0.054549079206150555,0.8206060606060607,0.15648104588953052
0.04779376005721438,0.8278571428571428,0.15105749682468186
0.035499433816079624,0.7933333333333332,0.19367785395111936
0.035499433816079624,0.9,0.20000000000000004
0.03311848143512724,0.9,0.20000000000000004
0.030990821860659157,0.9333333333333332,0.13333333333333336
0.026109869479706775,0.9,0.20000000000000004
0.019473597949818226,1.0,0.0
0.014964985994397759,1.0,0.0
0.012023809523809523,1.0,0.0
0.007142857142857143,1.0,0.0
0.0047619047619047615,1.0,0.0
0.0047619047619047615,1.0,0.0
0.0047619047619047615,1.0,0.0
0.0047619047619047615,1.0,0.0
0.0023809523809523807,1.0,0.0
0.0023809523809523807,1.0,0.0
0.0023809523809523807,1.0,0.0
0.0,1.0,0.0
0.0,1.0,0.0
0.0,1.0,0.0
0.0,1.0,0.0
0.0,1.0,0.0
0.0,1.0,0.0
0.0,1.0,0.0
0.0,1.0,0.0
0.0,1.0,0.0
0.0,1.0,0.0
0.0,1.0,0.0
0.0,1.0,0.0
0.0,1.0,0.0
0.0,1.0,0.0
0.0,1.0,0.0
0.0,1.0,0.0
0.0,1.0,0.0
0.0,1.0,0.0
0.0,1.0,0.0
0.0,1.0,0.0
0.0,1.0,0.0
0.0,1.0,0.0
0.0,1.0,0.0
0.0,1.0,0.0
0.0,1.0,0.0
0.0,1.0,0.0
0.0,1.0,0.0
0.0,1.0,0.0
0.0,1.0,0.0
0.0,1.0,0.0
0.0,1.0,0.0
0.0,1.0,0.0
0.0,1.0,0.0
0.0,1.0,0.0
0.0,1.0,0.0
0.0,1.0,0.0
0.0,1.0,0.0
0.0,1.0,0.0
0.0,1.0,0.0
0.0,1.0,0.0
0.0,1.0,0.0
