recall_ave_seq,precision_ave_seq,std_precision
1.0,0.07398523985239852,0.008050710047701637
1.0,0.07398523985239852,0.008050710047701637
1.0,0.07398523985239852,0.008050710047701637
1.0,0.07398523985239852,0.008050710047701637
1.0,0.07398523985239852,0.008050710047701637
0.9970588235294118,0.07507482554946164,0.0074905097896810335
0.9871956612432207,0.08426466176113057,0.009984391200423364
0.954147207819298,0.10089699424484996,0.021609337517072526
0.9171503665295905,0.12217196002826067,0.030384111259777694
0.9024928780022646,0.14375145270425813,0.03051285789053843
0.8625912748077955,0.16860376398451132,0.029113345334158113
0.8386454794683831,0.18965530420150709,0.02955311498811796
0.8051586506943202,0.2080767344982945,0.027687488945339275
0.7764337266821623,0.22825067553654438,0.026196853024579775
0.759475326300733,0.24133401407539906,0.023130700244851202
0.7352438166756065,0.2541494057894881,0.0262049630369953
0.7176273615829312,0.2639782144243602,0.027524971011517116
0.7125585255378748,0.2759361132050948,0.026365013164627325
0.6953356278681685,0.2845369750454496,0.0275295439833411
0.6784136420525657,0.29066498387695877,0.02997609176345152
0.6674836700637703,0.29800551958490223,0.028138756050880377
0.6593758269265153,0.304536303541174,0.027453994150027947
0.6502395553966267,0.3087710180508746,0.029004791402200986
0.6395840932117528,0.3130223565011635,0.026706744041275796
0.6285350736039096,0.31433919003439226,0.024811496143412826
0.6204272304666547,0.318808358532766,0.022775602021751124
0.6099384349484473,0.3245564314314315,0.023288172554655085
0.5997241492341617,0.3242411282069934,0.021882751786059966
0.5917353537159545,0.3276626773400967,0.020212993874863125
0.5841877346683354,0.3297058144116968,0.02250276384774343
0.5721315036652959,0.3300876707272056,0.023267771261391634
0.5643093748137553,0.33296664206486637,0.0253600678847174
0.5621817152392873,0.34098696627612834,0.023748149157055972
0.5621817152392873,0.35297875624834174,0.025913349401709453
0.5568483819059539,0.3580614409278997,0.02656819179253467
0.5517795458608975,0.3598927974175602,0.023191226078001337
0.5439574170093568,0.36185847771841334,0.028188497917545748
0.5414574170093569,0.36440335243836525,0.02944068345005195
0.5366630907682222,0.3677380516575147,0.02942827473350202
0.5345354311937541,0.3729973486417452,0.03096639902172756
0.5297735264318494,0.3733141798892803,0.030746961578911408
0.5271068597651827,0.37507463881016523,0.030064425265543822
0.5220592407175637,0.37716698239749297,0.03129723107660299
0.5145116216699446,0.37791427460942956,0.036207593254102693
0.5121306692889922,0.3812091361374944,0.03677797761376527
0.5097497169080398,0.38336888554306114,0.03684582756427853
0.5097497169080398,0.384576395977925,0.036266265967139624
0.5070830502413732,0.3857779797406854,0.036162951173343214
0.5022020978604208,0.3878832400759542,0.037878297635605414
0.5022020978604208,0.3904272225553702,0.03741210366648209
0.5022020978604208,0.3940868515264181,0.03479936809073402
0.5000744382859527,0.39848962640386504,0.03312420730247216
0.49233893557422964,0.3959311141917386,0.030855605173069497
0.49233893557422964,0.3981280186523264,0.030735340424722313
0.49233893557422964,0.40220516960208147,0.030813030926329418
0.49233893557422964,0.404973846182032,0.029751211985831034
0.49233893557422964,0.40793878717608845,0.02981088732754593
0.49233893557422964,0.4107814094674157,0.029261240969684948
0.49021127599976155,0.41729722654376644,0.031133439831112886
0.4878303236188092,0.4191842666830897,0.03021399291559615
0.4878303236188092,0.42086776836659145,0.03229989656594782
0.4878303236188092,0.424100358422939,0.0309717411167595
0.4878303236188092,0.42885819318077384,0.030688957066278038
0.4832026640443411,0.42979403879920797,0.032732026614465344
0.47759482090708627,0.4325650325442224,0.02956874572793484
0.47759482090708627,0.43667523693050647,0.026306554810053784
0.4754671613326181,0.43556632603941736,0.026024661262579442
0.4754671613326181,0.43988665259481935,0.020227074032466166
0.4728004946659515,0.44038467039690754,0.014956912249233829
0.4728004946659515,0.4412735592857965,0.015039476698843285
0.4701338279992848,0.4449569956995699,0.016157286172767824
0.4671926515286966,0.4437292005062575,0.014684619744462243
0.46469265152869665,0.4451746898827814,0.018082989512453452
0.4617514750581083,0.44886615810216013,0.020325536246984657
0.4617514750581083,0.4526582778642119,0.020153716946967642
0.4617514750581083,0.46231048315747214,0.028054349237315777
0.45631029858752015,0.4650041899808679,0.0332423756507361
0.45631029858752015,0.46697771142394473,0.031627078145692857
0.4541826390130521,0.4683889768357458,0.036405543516263274
0.4541826390130521,0.4695056386047732,0.03614931093480896
0.4541826390130521,0.4725295929033534,0.034453177116827674
0.45180168663209963,0.4723711322355548,0.03449770925258948
0.44717402705763154,0.4773166264629679,0.04633353051651455
0.44717402705763154,0.4773166264629679,0.04633353051651455
0.44717402705763154,0.483435866857972,0.05017984584591741
0.4417328505870433,0.48615950331323604,0.05097857598444005
0.432849871863639,0.4866883116883117,0.051698165939225806
0.432849871863639,0.4866883116883117,0.051698165939225806
0.4301832051969724,0.487800461865355,0.04703471826905239
0.42288887895583765,0.48370883437550105,0.04604912551966293
0.4181269741939329,0.48567532467532465,0.05046460998935946
0.41013817867572566,0.4853139217649021,0.0447639336959242
0.41013817867572566,0.4878143124509468,0.04551253036160803
0.40212816616008107,0.48831645224050285,0.05185350566861403
0.40212816616008107,0.4982235087586888,0.06308040220102056
0.39974721377912864,0.49935012278653546,0.06034876782694738
0.3938648608379522,0.5027783578963165,0.058059562542926484
0.39092368436736397,0.5024790076683485,0.057597159921416466
0.39092368436736397,0.5052229304122712,0.05681185245957167
0.39092368436736397,0.5106321157495256,0.05425623791927451
0.39092368436736397,0.5121698141622241,0.05359520844596478
0.39092368436736397,0.5121698141622241,0.05359520844596478
0.3885427319864116,0.5167658293811901,0.052119642626357286
0.38587606531974494,0.5141851842198998,0.047401508957894585
0.37482704571190173,0.5095698738240775,0.04509827476486116
0.3647105906192264,0.5049390562257496,0.040691920979881904
0.3622105906192264,0.511871415582271,0.049405977856027364
0.3622105906192264,0.5168138463790638,0.04786368850650176
0.35971059061922644,0.5150830771482945,0.05047283659989844
0.3567694141486382,0.5240845845346322,0.05582947773385847
0.3494750879075034,0.5293318657043203,0.061319682789456945
0.3465339114369152,0.5309135278285526,0.059133832251214304
0.3444062518624471,0.5347361984142369,0.05789279473183465
0.3444062518624471,0.5369470827679783,0.05790416696366011
0.3444062518624471,0.5404508706467662,0.05973098650868541
0.34173958519578046,0.5424452635200397,0.05614134169814548
0.33923958519578046,0.5511759092216383,0.06441117270517882
0.33923958519578046,0.5645629229527535,0.07299210647773909
0.33673958519578046,0.5649198355437085,0.07522233289920716
0.3319776804338757,0.5689697909406755,0.0832440214560051
0.3319776804338757,0.5734355006695433,0.08609201141926613
0.3295967280529233,0.5804364887383755,0.07979551511943675
0.3250881160975029,0.5791853848457622,0.07887532808994431
0.3178916204779784,0.5778432254717256,0.07688324203100613
0.3149504440073902,0.5784925761210763,0.07681257870991463
0.31018853924548545,0.5779642742342839,0.07651562409118182
0.3080608796710174,0.580550457471124,0.07800631999475159
0.3080608796710174,0.5920621898236396,0.07575574423910825
0.30245303653376243,0.5885670633601343,0.07018008725047785
0.30007208415281006,0.5921081424573267,0.0657444961603893
0.30007208415281006,0.6015253636712812,0.0752843937713871
0.2976911317718577,0.6029087628807673,0.07625961870703743
0.2926911317718576,0.6066419626884743,0.08049211583982924
0.2905634721973896,0.6072768833233949,0.07946969195676175
0.285241343345849,0.6120639834881321,0.09224783738712469
0.285241343345849,0.6153160160084573,0.09437746429864298
0.282741343345849,0.6174853281777695,0.09239993490294006
0.27797943858394425,0.6142332956574442,0.09030179983073433
0.2755984862029919,0.6181635233360674,0.08584314681133812
0.2702763573514512,0.6173953867784572,0.08481447025140194
0.2627287383038322,0.6149040477342365,0.07678502922978636
0.2627287383038322,0.623371966870419,0.07159082109962898
0.2551811192562131,0.6276648841354724,0.05981680808841472
0.2522399427856249,0.6392296918767506,0.07662757201130878
0.2501122832111568,0.6447667430608607,0.07608646833015172
0.24761228321115683,0.6461352670100298,0.07543673868363902
0.24217110674056858,0.6452731980445126,0.07569751852183403
0.23950444007390187,0.6628045977011494,0.09198475348571335
0.2316823112223613,0.6822610579076096,0.11748245910606263
0.22930135884140887,0.6844768135090715,0.1161443426358135
0.22397922998986827,0.6818466718466719,0.11593878880311133
0.21897922998986824,0.6905598427337558,0.11365125940579984
0.21099043447166102,0.6835117056856188,0.1120803291237282
0.20860948209070865,0.6982930402930403,0.10911535336638117
0.19610087013528815,0.6930103519668738,0.0918080850186576
0.18811207461708088,0.6823498964803313,0.08615728780555269
0.18573112223612848,0.6862318840579711,0.0924474112105337
0.18278994576554025,0.6830698287220026,0.09381846616353137
0.1729956195244055,0.6743865347100939,0.0757509743906708
0.1681146671434531,0.6824453840732911,0.0813172990364127
0.16544800047678648,0.6753246753246753,0.06560619985959874
0.1608203409023184,0.6924274099883856,0.06529209939437612
0.15832034090231836,0.7056005398110662,0.04531962257861025
0.15325150485726208,0.7578311162521689,0.12729815276373974
0.14486915191608557,0.7638771617099791,0.13546263494513636
0.13281292091304608,0.7591161616161617,0.13460539698185656
0.12781292091304608,0.7875,0.10948109933276662
0.11242195601644914,0.7995604395604395,0.11475516430985012
0.1076276297753144,0.797973137973138,0.11499035561756014
0.09125648131593063,0.8025252525252526,0.11051723752346224
0.08424786936051017,0.7933333333333333,0.1236482466066094
0.077492550211574,0.7736363636363637,0.1608448767607016
0.07536489063710591,0.7719047619047619,0.16040198934533523
0.07242371416651767,0.7647619047619048,0.16200557085687556
0.06365978306216104,0.753968253968254,0.15983740793871878
0.05595670182966803,0.767563025210084,0.16287405276832467
0.049573723106263776,0.9,0.12453996981544782
0.045065111150843315,0.8871794871794872,0.14193182054459536
0.03604788724000239,0.9333333333333332,0.13333333333333336
0.024223732046009895,1.0,0.0
0.018901603194469277,1.0,0.0
0.00932415519399249,1.0,0.0
0.006382978723404255,1.0,0.0
0.002127659574468085,1.0,0.0
0.0,1.0,0.0
0.0,1.0,0.0
0.0,1.0,0.0
0.0,1.0,0.0
0.0,1.0,0.0
0.0,1.0,0.0
0.0,1.0,0.0
0.0,1.0,0.0
0.0,1.0,0.0
0.0,1.0,0.0
0.0,1.0,0.0
0.0,1.0,0.0
0.0,1.0,0.0
0.0,1.0,0.0
0.0,1.0,0.0
0.0,1.0,0.0
0.0,1.0,0.0
0.0,1.0,0.0
