recall_ave_seq,precision_ave_seq,std_precision
1.0,0.10693950177935943,0.008651420484799444
1.0,0.10693950177935943,0.008651420484799444
1.0,0.10693950177935943,0.008651420484799444
1.0,0.10693950177935943,0.008651420484799444
1.0,0.10693950177935943,0.008651420484799444
1.0,0.10693950177935943,0.008651420484799444
0.9948717948717949,0.10685379368867594,0.00855867688319737
0.8904933954933953,0.11904578058819722,0.00886981270636044
0.8246030011655012,0.16699424159176873,0.02314986534309773
0.7634945609945609,0.22482523627773016,0.03841776573743853
0.6750760003885004,0.2690674179939716,0.04583164981079336
0.6214491064491063,0.3025691578055584,0.04742083130433616
0.5819483294483294,0.32111925327155366,0.0477641398532998
0.543250777000777,0.3335906101399164,0.0625933836446343
0.5146513209013209,0.3446581079164389,0.0685994081340131
0.4924322552447552,0.3580611690133516,0.07517194382601411
0.46810848873348865,0.36591161459818816,0.07871283233358528
0.4513502816627817,0.372405670725324,0.08474964604244346
0.4407947261072261,0.38552218148214223,0.08356576045842029
0.43089816433566436,0.4024333014497996,0.08312878798229914
0.4260069444444444,0.40942170272194234,0.08193303325792685
0.41246382090132094,0.41176002728435374,0.07785133529590826
0.3994801379176379,0.4147634327974772,0.07371484235421223
0.392557060994561,0.42539765812098895,0.07447995527883414
0.38267992424242425,0.42870913145785144,0.08378127181713448
0.3706706487956488,0.4265919907227639,0.09389472657725395
0.3601097513597514,0.4285229598288339,0.09071473603202314
0.3570320998445998,0.4342546274157459,0.09229426135403712
0.34991404428904427,0.4327986995259723,0.09929910617296582
0.34435848873348873,0.43277657633269817,0.10734424353652555
0.3407260101010101,0.43291095287675646,0.11724857961711267
0.3356832750582751,0.4342303903193362,0.12100626004334977
0.33224504662004667,0.43808737786704494,0.12315716044458107
0.3208954933954934,0.4358141426528899,0.12855042434219463
0.3147401903651904,0.4398683405946648,0.12146829879790726
0.30948378010878014,0.4450793226381462,0.12605756392470652
0.29959256021756026,0.4415447391789371,0.1371434661099388
0.29803006021756023,0.44429239376782237,0.13805340265909352
0.2965149087024087,0.44949422193119676,0.14071504874987922
0.294848242035742,0.44902018616304334,0.14020489495628533
0.2914100135975136,0.45512807274192457,0.1310143552528182
0.28984751359751365,0.45805894510617423,0.12652136268376188
0.28828501359751363,0.45709245026081335,0.12593876681576865
0.2851031954156954,0.45789075336148144,0.12583564807463102
0.2851031954156954,0.4651965284888222,0.1234674215116411
0.2818740287490288,0.4707363189906883,0.12521442447101233
0.2764653749028749,0.47100965076178625,0.12739012050120904
0.2713604797979798,0.46690640642742876,0.12616601796230378
0.2713604797979798,0.46690640642742876,0.12616601796230378
0.2683301767676768,0.4680764683318667,0.12601008454376333
0.2683301767676768,0.4760362808089206,0.12852609514830193
0.26520517676767674,0.47850901954523983,0.12873268860116618
0.2632820998445998,0.4832163648334492,0.13193637096356656
0.26176694832944836,0.4912194135764234,0.1325964001619651
0.2583287198912199,0.4954510664109266,0.1359901686879236
0.25151442307692307,0.4840187617260788,0.1476922855324534
0.2479246794871795,0.48209919193416856,0.1465436873878192
0.24484702797202798,0.48447048897519773,0.14601780376762213
0.24292395104895106,0.4858241990685571,0.14799768377381148
0.23823645104895105,0.49093954926593397,0.14391932958507703
0.2365697843822844,0.4966553993951254,0.14539450995126463
0.2350072843822844,0.4988471802170432,0.14684603342361502
0.23349213286713288,0.5021931725167317,0.14921103052535065
0.22849140442890445,0.4997640818873449,0.14873130940686038
0.22526223776223775,0.49669621815733356,0.14661797587403624
0.22051791958041958,0.4922997747912633,0.1437488305746395
0.21859484265734266,0.496706264749743,0.13954784928934189
0.21859484265734266,0.5002776933211716,0.13935780677592108
0.21859484265734266,0.5002776933211716,0.13935780677592108
0.21707969114219114,0.5007535747834255,0.13963203437786448
0.2154130244755245,0.5061305361305362,0.13313936859076964
0.21389787296037296,0.506698717948718,0.13350551321146506
0.21389787296037296,0.513562552213868,0.13803514600451555
0.21223120629370631,0.5114288395538396,0.13667694379376172
0.2091535547785548,0.5107954707163471,0.1348811842383934
0.2091535547785548,0.5167100754091765,0.13777080627318009
0.2027471833721834,0.5014666208108831,0.16349928778204112
0.2011846833721834,0.5057754010695187,0.16512681856222833
0.19769910644910646,0.506693463209629,0.1653002998323955
0.19618395493395496,0.5073948074527617,0.16597699563578439
0.19295478826728826,0.509727464653573,0.16756210199763388
0.1882104700854701,0.5081289314614563,0.15719636091909997
0.1882104700854701,0.5081289314614563,0.15719636091909997
0.1882104700854701,0.5231508848750229,0.166078626809371
0.18654380341880344,0.527910052910053,0.16573380486042724
0.18502865190365192,0.5308609908609909,0.1564315133071679
0.18346615190365193,0.5318581418581418,0.15707249946851265
0.18190365190365193,0.5304252610134963,0.15615858897209217
0.18190365190365193,0.5432577475434618,0.1494004745735566
0.18190365190365193,0.5504006046863189,0.135407485177072
0.18190365190365193,0.562746058972474,0.14200141059418953
0.1803411519036519,0.561327619256162,0.14098807843594932
0.1803411519036519,0.561327619256162,0.14098807843594932
0.1788260003885004,0.5598036715057992,0.1405615774680893
0.1788260003885004,0.5598036715057992,0.1405615774680893
0.1788260003885004,0.5598036715057992,0.1405615774680893
0.1788260003885004,0.5621415297260104,0.14124228295295643
0.17690292346542347,0.5712100186840378,0.14493719947859995
0.17190219502719503,0.5662585034013604,0.14291388571823338
0.16831245143745147,0.5616431187859758,0.14072543673948545
0.16831245143745147,0.5641941391941392,0.14173161859207997
0.16674995143745147,0.5626789876789877,0.14066453581007363
0.16347804972804975,0.5434885290148448,0.1896347012404326
0.16347804972804975,0.54614810348293,0.19084859159587647
0.16181138306138304,0.5532975719006912,0.17836238556235193
0.16181138306138304,0.5567122060470325,0.18095594067631798
0.16181138306138304,0.5567122060470325,0.18095594067631798
0.1584353146853147,0.5137122060470325,0.2588016657328463
0.1568728146853147,0.5121737445085709,0.25771025674108167
0.1505659965034965,0.5040138536706043,0.25325469300422543
0.1505659965034965,0.515608056569155,0.25904255579989294
0.1505659965034965,0.515608056569155,0.25904255579989294
0.14708041958041956,0.5216425120772947,0.26260034183497244
0.14708041958041956,0.5244444444444445,0.2638181191654584
0.14551791958041957,0.5260317460317461,0.2640834823761138
0.14551791958041957,0.5320265780730897,0.26702727610827265
0.14395541958041957,0.5300097713504006,0.26611119014002194
0.14239291958041958,0.5278707339172455,0.26520317274506394
0.14239291958041958,0.5278707339172455,0.26520317274506394
0.13410620629370631,0.527663199426112,0.26531114642601905
0.13410620629370631,0.5356403859018752,0.26879095052087776
0.13254370629370632,0.5374671209947394,0.2693303943678342
0.13254370629370632,0.5374671209947394,0.2693303943678342
0.12910547785547785,0.53813976313551,0.27005748285276354
0.12551573426573426,0.5320977011494252,0.2669276306813119
0.12395323426573426,0.5375821018062397,0.26901233763577603
0.12395323426573426,0.5467487684729064,0.2746857180699332
0.12243808275058274,0.5449943825079941,0.2739412174846723
0.12092293123543123,0.5536213553454933,0.28118287933843855
0.12092293123543123,0.5536213553454933,0.28118287933843855
0.11628277972027971,0.5556059113300493,0.28190243764125084
0.11143429487179486,0.546446247464503,0.2756151324084233
0.10481424825174826,0.5406926406926408,0.2730602052926664
0.10137601981351982,0.5445571095571096,0.27443593318309184
0.10137601981351982,0.5445571095571096,0.27443593318309184
0.09506920163170163,0.5312707981673499,0.26698433252475484
0.09355405011655012,0.5285614385614386,0.26613053310966195
0.09355405011655012,0.5285614385614386,0.26613053310966195
0.09032488344988346,0.5233618233618234,0.26203021258350334
0.08840180652680653,0.5372592592592593,0.2719339466315117
0.08683930652680652,0.5392592592592592,0.2727178657395823
0.08527680652680653,0.5355750487329434,0.2713177906384017
0.08527680652680653,0.5404183535762482,0.27316340153561597
0.08027607808857809,0.5365858585858586,0.2723273416349129
0.08027607808857809,0.5430793650793652,0.27607422475887833
0.07704691142191142,0.5366946778711484,0.27227467112434317
0.07168560606060606,0.5351340307289965,0.2692440471346071
0.06714015151515151,0.5618421052631579,0.28959460525967384
0.06391098484848486,0.5501754385964912,0.28253262558209685
0.06072916666666667,0.5362538699690402,0.2725758977403301
0.05880608974358974,0.557843137254902,0.28376146498761684
0.05880608974358974,0.5752380952380952,0.29036141370177515
0.05557692307692308,0.6197435897435898,0.3342350722137024
0.05234775641025641,0.6366666666666667,0.33572475498704457
0.05234775641025641,0.6366666666666667,0.33572475498704457
0.050832604895104896,0.6328571428571429,0.33471279189959935
0.050832604895104896,0.6678571428571429,0.3487587318781058
0.048909527972027966,0.6755128205128205,0.3502944192313684
0.047394376456876455,0.6716666666666666,0.34934860017530406
0.044316724941724936,0.6921212121212121,0.36648179662073505
0.04119172494172494,0.7066666666666667,0.36902273341594793
0.03770614801864802,0.9028571428571428,0.1220237514517864
0.03123761655011655,0.8928571428571429,0.13170777796132696
0.029722465034965034,0.8833333333333334,0.1452966314513558
0.028055798368298367,0.9099999999999999,0.11135528725660043
0.026540646853146853,0.9,0.1224744871391589
0.026540646853146853,0.9,0.1224744871391589
0.025025495337995342,0.8969696969696971,0.13497610576557628
0.0200247668997669,0.96,0.07999999999999999
0.0200247668997669,0.96,0.07999999999999999
0.0200247668997669,0.96,0.07999999999999999
0.014616113053613055,0.95,0.09999999999999999
0.012693036130536132,0.9428571428571428,0.11428571428571428
0.007692307692307693,0.9333333333333332,0.13333333333333336
0.0057692307692307696,0.9199999999999999,0.16
0.0057692307692307696,0.9199999999999999,0.16
0.0057692307692307696,0.95,0.09999999999999999
0.0038461538461538464,0.9333333333333332,0.13333333333333336
0.0019230769230769232,1.0,0.0
0.0019230769230769232,1.0,0.0
0.0019230769230769232,1.0,0.0
0.0019230769230769232,1.0,0.0
0.0019230769230769232,1.0,0.0
0.0019230769230769232,1.0,0.0
0.0019230769230769232,1.0,0.0
0.0,1.0,0.0
0.0,1.0,0.0
0.0,1.0,0.0
0.0,1.0,0.0
0.0,1.0,0.0
0.0,1.0,0.0
0.0,1.0,0.0
0.0,1.0,0.0
0.0,1.0,0.0
0.0,1.0,0.0
0.0,1.0,0.0
0.0,1.0,0.0
0.0,1.0,0.0
0.0,1.0,0.0
0.0,1.0,0.0
0.0,1.0,0.0
0.0,1.0,0.0
