recall_ave_seq,precision_ave_seq,std_precision
1.0,0.03215077605321508,0.003903950523649448
1.0,0.03215077605321508,0.003903950523649448
1.0,0.03215077605321508,0.003903950523649448
1.0,0.03215077605321508,0.003903950523649448
1.0,0.03215077605321508,0.003903950523649448
1.0,0.03215077605321508,0.003903950523649448
1.0,0.03215077605321508,0.003903950523649448
1.0,0.03215077605321508,0.003903950523649448
1.0,0.03215077605321508,0.003903950523649448
1.0,0.03365495736787986,0.004928597711382973
1.0,0.039050113800795816,0.013978813080539948
0.993103448275862,0.048302121933664344,0.02695040754840779
0.9681034482758621,0.06199100142755629,0.03508951297137082
0.9474137931034482,0.08823395096316115,0.038524060282869095
0.9064778325123152,0.1174066281022679,0.03947808998786789
0.850303776683087,0.14219720366779187,0.03689790746057635
0.8374466338259442,0.1685140615141,0.03680322734291108
0.8207799671592776,0.1945324762277494,0.04246677149252316
0.8207799671592776,0.21753106184397503,0.044080030107745784
0.8069868637110016,0.23318815587032998,0.04037533866323126
0.7986535303776683,0.24719369479536377,0.047474194346190664
0.7986535303776683,0.266031746031746,0.04994085693329708
0.7917569786535303,0.27657794825247173,0.04620247124076504
0.7917569786535303,0.2887635726179765,0.04980477604864321
0.7777093596059113,0.2906863708868293,0.05137177669166898
0.7708128078817734,0.29275676075346146,0.0509412550137186
0.7708128078817734,0.3005072584518992,0.0477651895182658
0.7708128078817734,0.30733580145344847,0.0504219521535511
0.7639162561576355,0.31401183920349757,0.042284710581545114
0.7486863711001643,0.31600255579250636,0.04348713296437598
0.7429720853858786,0.3250242791215168,0.04399899662158072
0.7291789819376027,0.3271079842241692,0.032742960039174235
0.7291789819376027,0.3338017838017838,0.03465461728973983
0.7291789819376027,0.34053809059695117,0.03257333452585507
0.7291789819376027,0.34413141572219785,0.03368789951236701
0.7291789819376027,0.34740036210367153,0.032919143028165815
0.7291789819376027,0.35037840487789934,0.030755482612928424
0.7291789819376027,0.35730716227830944,0.033497823974336316
0.7291789819376027,0.3610926541159099,0.03254352970065072
0.7220361247947455,0.3614790296718008,0.03327352141308075
0.7220361247947455,0.3642140652557319,0.031629020913414685
0.7220361247947455,0.3668817481825612,0.028919072016192395
0.7220361247947455,0.37549332388042067,0.025555163128991906
0.7220361247947455,0.3773826626118647,0.02459522159926908
0.7148932676518884,0.37727309476036136,0.026224649996526486
0.7148932676518884,0.3812562010849311,0.028591489001741986
0.7148932676518884,0.3865539040411706,0.03435828874387741
0.7148932676518884,0.38986742101496197,0.034204411085787326
0.7148932676518884,0.39216627158967465,0.030514812037261883
0.7148932676518884,0.3935323918082539,0.031414917111389495
0.7148932676518884,0.3976158763817566,0.03215472252996288
0.7148932676518884,0.4007916549000008,0.03096011787708076
0.7148932676518884,0.40661995113077387,0.02833829690125181
0.7079967159277505,0.40862288396534974,0.028862147255378504
0.7079967159277505,0.41221578229509015,0.029091175430594404
0.7079967159277505,0.415121025200333,0.0279140485451485
0.7079967159277505,0.41673718681649463,0.029296842922702057
0.7008538587848933,0.41436122594996777,0.03318459353611856
0.7008538587848933,0.41436122594996777,0.03318459353611856
0.7008538587848933,0.4154647267110028,0.032685566796874274
0.6939573070607554,0.41450287594181745,0.03074956353927888
0.6939573070607554,0.4185901692545328,0.034581899386743414
0.6939573070607554,0.4266576969649177,0.0399940529321972
0.6939573070607554,0.4266576969649177,0.0399940529321972
0.6939573070607554,0.43295688955626843,0.039028400340339484
0.6939573070607554,0.43577947020142976,0.03975840125475597
0.6939573070607554,0.43577947020142976,0.03975840125475597
0.6939573070607554,0.43577947020142976,0.03975840125475597
0.6939573070607554,0.43701561683399576,0.039351592511106426
0.6939573070607554,0.43993869375707273,0.03411685057747739
0.6939573070607554,0.4439334831621965,0.03825020861896717
0.6939573070607554,0.4439334831621965,0.03825020861896717
0.6939573070607554,0.4439334831621965,0.03825020861896717
0.6939573070607554,0.45091569508082685,0.04072603131455689
0.6939573070607554,0.45091569508082685,0.04072603131455689
0.6939573070607554,0.4524667154889902,0.03805586555580537
0.6939573070607554,0.4556851062935879,0.039762834975362996
0.6684893267651889,0.44791671162228647,0.043452644175188404
0.6684893267651889,0.4513649874843555,0.04664744086817693
0.6615927750410509,0.4528661695174524,0.04399548525598449
0.6615927750410509,0.4528661695174524,0.04399548525598449
0.6615927750410509,0.4580886066547832,0.036259240663498594
0.6558784893267652,0.4584755114166879,0.04032286224434005
0.6558784893267652,0.4645047965157404,0.04675399074997508
0.6558784893267652,0.46583608171799334,0.045333065061731875
0.6489819376026273,0.4648854342200533,0.04183150021808648
0.6489819376026273,0.4648854342200533,0.04183150021808648
0.6489819376026273,0.4692272070246736,0.041687342842539395
0.6489819376026273,0.4712205625064011,0.03939430059189865
0.6418390804597701,0.47192704181943784,0.03869288815802328
0.6349425287356322,0.46871848566970514,0.03933077924594785
0.6266091954022988,0.4678556910569106,0.034723032576967315
0.6266091954022988,0.47234881115897,0.03385270791297779
0.6182758620689655,0.47052829833845716,0.028615391373199375
0.6182758620689655,0.47052829833845716,0.028615391373199375
0.6182758620689655,0.4728224953694963,0.02609586058978046
0.6182758620689655,0.4728224953694963,0.02609586058978046
0.6182758620689655,0.47524070305086186,0.02410971541540741
0.6182758620689655,0.47846650950247477,0.026049583749153997
0.6182758620689655,0.47846650950247477,0.026049583749153997
0.6182758620689655,0.47846650950247477,0.026049583749153997
0.6099425287356322,0.476685728721694,0.026297393515051146
0.6042282430213465,0.4747570320530792,0.02907453340403748
0.6042282430213465,0.476269433746969,0.026874259300843407
0.6042282430213465,0.4778358497870693,0.02477937543468247
0.6042282430213465,0.4778358497870693,0.02477937543468247
0.6042282430213465,0.4833914053426248,0.025982698040176465
0.5970853858784894,0.4803611023123218,0.024721921321576273
0.5970853858784894,0.4859523809523809,0.029135308701847103
0.5970853858784894,0.4875757575757575,0.027038556967814414
0.5970853858784894,0.4902680652680652,0.031009559772062757
0.5775779967159277,0.48611111111111105,0.03042903097250924
0.5775779967159277,0.48611111111111105,0.03042903097250924
0.5775779967159277,0.48952991452991446,0.026225531611224373
0.5775779967159277,0.48952991452991446,0.026225531611224373
0.5775779967159277,0.48952991452991446,0.026225531611224373
0.5704351395730706,0.48931998109417457,0.030795997818725763
0.5704351395730706,0.5008465917384324,0.03223681016170466
0.5704351395730706,0.5042948676005012,0.03287758797984074
0.5704351395730706,0.5042948676005012,0.03287758797984074
0.5621018062397372,0.5032252705309042,0.03140859764016951
0.5621018062397372,0.5032252705309042,0.03140859764016951
0.5621018062397372,0.5079871752928089,0.02863090501109362
0.5621018062397372,0.511212981744422,0.026566211528843333
0.5483087027914614,0.5085,0.02808914381037628
0.5483087027914614,0.5121290322580645,0.03512285558423831
0.5483087027914614,0.5155773081201335,0.034605330683920514
0.5483087027914614,0.5192810118238371,0.033719595618664534
0.5483087027914614,0.5231519795657726,0.040890414279080425
0.5483087027914614,0.5321097187412976,0.038873631987761045
0.5411658456486043,0.5286705653021442,0.03916218905562381
0.5342692939244664,0.5249668615984405,0.040789055917894335
0.5342692939244664,0.5389527458492975,0.047347156410588044
0.5342692939244664,0.5389527458492975,0.047347156410588044
0.5342692939244664,0.5389527458492975,0.047347156410588044
0.5342692939244664,0.5389527458492975,0.047347156410588044
0.5342692939244664,0.5389527458492975,0.047347156410588044
0.5342692939244664,0.5558699787607351,0.053981054051404236
0.5285550082101806,0.5627876066814685,0.05412732854399971
0.5285550082101806,0.5691764955703575,0.04499499429014671
0.5214121510673235,0.5698175212113832,0.04457370319505249
0.5214121510673235,0.5698175212113832,0.04457370319505249
0.5214121510673235,0.5749558611323318,0.04522334687755597
0.5088013136288998,0.5797666588364263,0.04637030021461824
0.5088013136288998,0.587046287046287,0.04894042491764081
0.5030870279146141,0.5972252964426877,0.05273325250090161
0.4961904761904762,0.594558629776021,0.04865979118460425
0.4892939244663383,0.5999934123847167,0.053073601584033334
0.4892939244663383,0.5999934123847167,0.053073601584033334
0.4835796387520526,0.6002565702794536,0.05270307368993168
0.4835796387520526,0.6061854240343942,0.05944610894703142
0.4835796387520526,0.6185541837715751,0.06761960145352412
0.4835796387520526,0.6295431947605861,0.08461343647689351
0.4764367816091954,0.644038844038844,0.10799537593920763
0.4695402298850575,0.6402293202293203,0.1091396373648849
0.4695402298850575,0.6402293202293203,0.1091396373648849
0.4695402298850575,0.6402293202293203,0.1091396373648849
0.4626436781609195,0.6455153034100404,0.11184022823800452
0.4455008210180623,0.6470869408369408,0.11335342504664449
0.43978653530377665,0.6512522897722139,0.11540863192437284
0.4243103448275862,0.6473338426279602,0.11128884307407068
0.41169950738916256,0.6397036871174803,0.11494485145659358
0.39766009852216755,0.6558166969147006,0.14874288742589992
0.3919458128078818,0.6560721247563353,0.14850560778894517
0.3919458128078818,0.6725925925925925,0.15253864562391772
0.38051724137931037,0.6648888888888889,0.1608704716284978
0.38051724137931037,0.6688888888888889,0.156410349820158
0.3736206896551725,0.6641269841269841,0.15676754925645173
0.3667241379310345,0.6729865456181245,0.1439520857426257
0.3386371100164204,0.6764884135472371,0.13756042626549278
0.33174055829228244,0.6988235294117647,0.12398429233591585
0.29675697865353035,0.7459523809523809,0.12267243405548575
0.2815270935960591,0.7376190476190476,0.11478462529486094
0.2689162561576355,0.7365567765567766,0.1147596073235883
0.257487684729064,0.7457142857142858,0.10077252622027658
0.22275862068965516,0.7436507936507937,0.08924955175961395
0.19348111658456485,0.7450649350649351,0.10317829234869987
0.15160098522167487,0.7007575757575758,0.15151515151515152
0.1306568144499179,0.6283333333333333,0.3452696208922979
0.10494252873563217,0.6333333333333333,0.3711842908553348
0.08518062397372742,0.8,0.2449489742783178
0.07684729064039408,0.7333333333333333,0.38873012632302
0.048768472906403945,0.7333333333333333,0.38873012632302
0.03472906403940886,0.7,0.4
0.013793103448275862,1.0,0.0
0.013793103448275862,1.0,0.0
0.006896551724137931,1.0,0.0
0.0,1.0,0.0
0.0,1.0,0.0
0.0,1.0,0.0
0.0,1.0,0.0
0.0,1.0,0.0
0.0,1.0,0.0
0.0,1.0,0.0
0.0,1.0,0.0
0.0,1.0,0.0
0.0,1.0,0.0
0.0,1.0,0.0
0.0,1.0,0.0
0.0,1.0,0.0
0.0,1.0,0.0
0.0,1.0,0.0
