recall_ave_seq,precision_ave_seq,std_precision
1.0,0.23555166374781086,0.01230913022122983
1.0,0.23555166374781086,0.01230913022122983
1.0,0.23555166374781086,0.01230913022122983
1.0,0.23555166374781086,0.01230913022122983
1.0,0.23824218579447048,0.015547528433403318
0.9886524822695035,0.2754948118153057,0.08577131356899736
0.9331420500125237,0.368455210262242,0.08508620566151986
0.8784066926405145,0.512271632632764,0.04832894306212617
0.8596470830030846,0.5880555852258136,0.04802500084931094
0.8498518698082327,0.6282983495069893,0.04552466997306417
0.8416889058731091,0.6492619467549938,0.037324981070022294
0.8318934310526442,0.6646879753398306,0.03445369582714572
0.8280750388578368,0.6771424165613714,0.03102533347547511
0.8250111020185489,0.6897325671887937,0.028361419959437695
0.8221289870885616,0.6985316739883911,0.02789038918388188
0.8176176304782687,0.7059579963813363,0.02272400004309499
0.812531851245681,0.7115135490838176,0.02304245744125457
0.8078841698490633,0.7144934019042626,0.024004239307352647
0.8063747358867992,0.72155294741134,0.023341563220995287
0.803371071584199,0.7266200609733714,0.02385823843272126
0.79953790397568,0.7281100676555103,0.024624011625469466
0.79953790397568,0.7324173522448262,0.02111383367566788
0.7987379039756799,0.7347440847703783,0.02269951363242872
0.796504997992774,0.7396774218571115,0.021255441216857917
0.795704997992774,0.7441753788983887,0.02354700097722411
0.794995778134618,0.7455855188435727,0.02457096560639769
0.7927321029209426,0.7465844461488721,0.02513093122990612
0.790362872151712,0.7470305245531115,0.025930538604258136
0.7874352600987485,0.7484918536930995,0.0261349875886401
0.7830279314935478,0.7490197684298892,0.026418082174161275
0.782258700724317,0.7509599129895429,0.027171383003190747
0.7792855440268729,0.7513750491922195,0.028187539774593866
0.778516313257642,0.753859175364236,0.028033316866704606
0.7770526380439668,0.7562868198536237,0.029653614165420797
0.77557418741658,0.7576514755976473,0.031389371533465306
0.7740797429721356,0.7589694386783119,0.03207971670462192
0.7732797429721356,0.7610013969094613,0.03248848364140542
0.7710920724865927,0.7621313566884149,0.031675487739447734
0.7689939637395479,0.7633556334674093,0.03082288101977139
0.7667755240232358,0.7663593991866551,0.03271043194564967
0.7646774152761908,0.7692689945619542,0.030699124745953845
0.7623829708317464,0.7711036192881598,0.032513665131895624
0.7623829708317464,0.7739042227802206,0.030771093078827656
0.761688526387302,0.7743181790191327,0.030202131565470067
0.7609940819428576,0.7764997523206479,0.029397599050982333
0.7594848620847016,0.7779914066999598,0.030523917696292056
0.7579756422265456,0.7793913307110139,0.030017905820838558
0.7564971915991587,0.780237044611567,0.029708050060563648
0.7541587300606971,0.7802610458331956,0.02986011703868674
0.7534642856162527,0.7830602354987632,0.02810202653826012
0.7504166042196352,0.7823529028325806,0.028377490483886502
0.7504166042196352,0.782959793374425,0.028088963754448953
0.7504166042196352,0.7835383612094073,0.027894370715811707
0.7504166042196352,0.786684773753042,0.028928217387597596
0.7473836982367292,0.7866103831862864,0.029791481313457612
0.7459948093478402,0.7887439997726221,0.028836203256382503
0.7444400923667083,0.7896355427446927,0.029167077959172925
0.7436708615974774,0.7907225136086506,0.029308239906489408
0.7436708615974774,0.7934429755661563,0.032800160058148
0.7436708615974774,0.794090325477457,0.0333239087464719
0.7429016308282467,0.7945431057798614,0.03310775700489244
0.74142318020086,0.7949366730428322,0.03401914656225172
0.7406231802008598,0.7953303799327027,0.03349278464715911
0.7406231802008598,0.7965216822690432,0.03303996360472555
0.7391139603427039,0.7967953598266736,0.032965036490592445
0.7369863007682358,0.7970021892259954,0.032287181276929054
0.7362315837871037,0.7968418090656153,0.032312083967611496
0.735462353017873,0.7992565917565918,0.032014372007310714
0.734662353017873,0.7996565917565918,0.03140310082805847
0.7332131915922965,0.8011840744589291,0.02936220642332063
0.7325039717341404,0.8010483494305003,0.029174746735380886
0.7325039717341404,0.801662166852467,0.02828258267727578
0.7317039717341404,0.802714134729284,0.0268153227562579
0.7301947518759844,0.8030447318421781,0.027456306335297217
0.7293947518759843,0.8054728354978355,0.02683538336088304
0.7278855320178282,0.8064690769831673,0.026142032136295863
0.7271910875733839,0.8077145399512989,0.0262294420202553
0.7271910875733839,0.8091248490058163,0.027852399555641096
0.725667139823021,0.8094640397668664,0.027675826486800316
0.724957919964865,0.8099850668976911,0.02663785948626431
0.7242487001067089,0.8106076807009217,0.027590362962092697
0.7234939831255769,0.811783020424798,0.02655321743021383
0.7227995386811324,0.8123296516845022,0.02619006633608527
0.7206118681955896,0.8118978332372485,0.02583900755432847
0.7199026483374336,0.8138677236503294,0.02529587332154225
0.7199026483374336,0.8145424874829882,0.025756916517894916
0.7199026483374336,0.8145424874829882,0.025756916517894916
0.7191934284792776,0.8151027295026753,0.025265003567755174
0.7184989840348331,0.8169039741862635,0.02348506185782901
0.7169442670537011,0.8172624482982067,0.023530409267086896
0.7161750362844703,0.8191685415017101,0.02302008715731979
0.7161750362844703,0.8212105351826402,0.021497484877081634
0.7154058055152396,0.8238703061066536,0.020743187251367607
0.7154058055152396,0.8253650369966798,0.021402626654418923
0.7131113610707951,0.8270247757273692,0.021516737507179296
0.7108621996452186,0.8286465745344307,0.02145933684939065
0.7085837490178317,0.829568872550265,0.020086431593498325
0.7078893045733873,0.830886446483244,0.02033244302048825
0.7064253677340993,0.8313558632046029,0.02026496703840386
0.7064253677340993,0.8327513266761096,0.018750896558813544
0.7042217034314987,0.8323181675844458,0.018686455654109962
0.7020633221477661,0.8319036665042573,0.018546750367701415
0.7013688777033218,0.8340733592107765,0.018909555928632586
0.6999052024896465,0.8352084250288861,0.017345910791098085
0.6999052024896465,0.8374250107686356,0.018368670697202934
0.6991504855085144,0.8372763247382068,0.01849890048841912
0.6983957685273824,0.8379490717512251,0.02001526620262944
0.6960718207770195,0.8382474176400944,0.02030907910268791
0.694533359238558,0.8379473426213396,0.02031111638593248
0.6930389147941136,0.8376434698263345,0.020451853912078204
0.6930389147941136,0.8384259084266388,0.020495066486127807
0.6901555814607803,0.8385863715107502,0.020811504095942568
0.6893555814607801,0.8399657409680941,0.020273899325459307
0.6871679109752373,0.8395746774768025,0.01985153367513351
0.6871679109752373,0.8418732139569544,0.020774452177886364
0.6864586911170814,0.8433160354788358,0.021386070163663763
0.683485581941142,0.8435122266268227,0.020704796544765165
0.682776362082986,0.8456704615943099,0.020607678126996442
0.6812071313137551,0.8461913748924406,0.021197986902081658
0.6797434561000799,0.8459287944264682,0.021027908380504057
0.6782490116556354,0.8456309048673576,0.021156340623246003
0.6782490116556354,0.8464124762371643,0.02172718867866662
0.6752761165838044,0.8499867042465332,0.024822749128654592
0.6738576768674923,0.8504387401666007,0.023808543343053733
0.6716845201700481,0.8500334589427542,0.023746273907411793
0.6716845201700481,0.8508954854439118,0.024391913015689406
0.6702060695426613,0.8523176024484499,0.025607591004964913
0.6673535054400971,0.8534996778065814,0.024851763214977028
0.6657842746708663,0.8540828271038793,0.02576564739838598
0.6643806103682659,0.8554426344827665,0.023646084961483422
0.6643806103682659,0.8554426344827665,0.023646084961483422
0.6636713905101098,0.8562092355394327,0.024256965309044573
0.6621769460656654,0.8559211325642476,0.02436353645136243
0.6614825016212209,0.8557992639115731,0.024284008220312157
0.65769461703157,0.855978395345619,0.02550311251712957
0.6540580467460636,0.8577020373220678,0.024036608044567993
0.6510996654623311,0.858706973328743,0.02389971645074506
0.6510996654623311,0.8595295929041334,0.022831948843877126
0.6496359902486558,0.8592810213920241,0.022642699082025763
0.6482323259460554,0.8616476175462751,0.02287198005558743
0.6452742062879357,0.8611141798383393,0.022786272840818446
0.6452742062879357,0.8637723962998912,0.023371362573005226
0.6415918297323355,0.8662527185295611,0.021427389540053382
0.6401278928930474,0.8676017766591352,0.019520408828126883
0.636356263746067,0.8695708687108329,0.018287975670375135
0.6281332888998686,0.8689362814848666,0.016802930041367365
0.6258388444554241,0.8713539241390453,0.01947718390951863
0.6222315158502233,0.8762690134724034,0.01884292896819148
0.6156217888672726,0.8811180096633846,0.022505275595726012
0.6097960680672644,0.8821162861804046,0.023086580933388036
0.606068717639914,0.8843576759248059,0.0228706906956237
0.6001992413715015,0.8866111580535246,0.023844889002594474
0.5942384617100194,0.885641646741959,0.023865920297585413
0.5868449901697392,0.8876102319496952,0.024037075365100455
0.5818044939560194,0.8895207579423772,0.02223205607792129
0.5752550395097564,0.8905358111549866,0.02202457151259651
0.5685840356908802,0.8921885689692491,0.020582946214405606
0.5626232560293981,0.8964443711953652,0.018818142494906247
0.5531752171063693,0.8980198237406594,0.018864964625361677
0.541284688639787,0.9000561611943546,0.024870428147497882
0.5330910029953987,0.9032996412293308,0.02583648463934055
0.5225583800828282,0.9090899944290471,0.028698711343954453
0.5122360780862387,0.9111891475431231,0.029375899150181583
0.49676629181291965,0.9109668847957731,0.02848427030067693
0.48543414463007,0.9141419717448922,0.026454907473955416
0.46962145758920143,0.9173217524041176,0.02693958813861687
0.4472885577823755,0.9198312229131336,0.027223467853449555
0.41585846757729533,0.9172784830770112,0.02777528862941388
0.382378036830024,0.9189969225496226,0.028952218801097572
0.3454358849121796,0.9238457269940816,0.03024679720638693
0.30121873256544074,0.9184582595620767,0.025717190687492033
0.26107309733845263,0.9402175602175602,0.0364088867672488
0.2255553994379767,0.9448710073710073,0.03015057133368073
0.1800910789954949,0.9367824688680304,0.0327808940570777
0.1483625853071056,0.9614589710013905,0.032013958714704034
0.12540495115750033,0.9741551939924907,0.034204365855542755
0.0875802488960257,0.9762068965517242,0.029751247738100693
0.047581961728890676,0.981045751633987,0.023782229279294447
0.030541951023685267,0.9953488372093023,0.009302325581395366
0.02127659574468085,0.9935483870967742,0.012903225806451599
0.012056737588652482,0.9888888888888889,0.022222222222222233
0.006382978723404255,0.9800000000000001,0.03999999999999999
0.002127659574468085,0.95,0.09999999999999999
0.0,1.0,0.0
0.0,1.0,0.0
0.0,1.0,0.0
0.0,1.0,0.0
0.0,1.0,0.0
0.0,1.0,0.0
0.0,1.0,0.0
0.0,1.0,0.0
0.0,1.0,0.0
0.0,1.0,0.0
0.0,1.0,0.0
0.0,1.0,0.0
0.0,1.0,0.0
0.0,1.0,0.0
0.0,1.0,0.0
0.0,1.0,0.0
0.0,1.0,0.0
0.0,1.0,0.0
0.0,1.0,0.0
