recall_ave_seq,precision_ave_seq,std_precision
1.0,0.23555166374781086,0.01230913022122983
1.0,0.23555166374781086,0.01230913022122983
1.0,0.23555166374781086,0.01230913022122983
1.0,0.23555166374781086,0.01230913022122983
0.9985815602836879,0.24128273370382117,0.020331626581292526
0.9834156028368796,0.27204711233336654,0.06269097324361882
0.9658475177304965,0.32692913099168985,0.1050648596818833
0.9290664393526097,0.39774536574771285,0.1164250889518188
0.8958112052963317,0.4597710193912266,0.09912571152976123
0.8748977495050558,0.5081254947546097,0.09417845715918823
0.8607112965650702,0.5374303991431642,0.08878982481329764
0.8472328979196904,0.5641027245673631,0.08819170371318806
0.8392047312204276,0.5883595845068241,0.08534134860875081
0.8362168466307768,0.6083008083492927,0.08309889624382397
0.8310107839504266,0.6238944085416965,0.08068393683844831
0.8272246410153474,0.6341299189041489,0.07346367131188228
0.8242810351453265,0.6455382687084752,0.07036447348172342
0.8212934121812886,0.6559645148138307,0.06643120091719378
0.8183203030053491,0.6630505232882623,0.06391511815988309
0.8144869212927223,0.6714829423755442,0.06221396510449341
0.8108648172738097,0.6791033006758285,0.06079740841718158
0.8094463775574976,0.6832812086724107,0.06077589707581348
0.8086771467882666,0.688861515125712,0.059276752067157094
0.8071679269301107,0.6929896875845147,0.05910361331819218
0.8063986961608801,0.6985147768619285,0.05942127632833291
0.8049350209472049,0.7039127786249361,0.059155501838844965
0.8049350209472049,0.7074837763311761,0.05694074163822089
0.8041350209472048,0.7154028138733388,0.05154097066568245
0.8041350209472048,0.7224150101053138,0.05121828989923016
0.803365790177974,0.7239765846457438,0.05077441587731627
0.8011181087813565,0.7264970968759794,0.04958074019602556
0.8011181087813565,0.7285572456998409,0.047244139013268904
0.8011181087813565,0.7308482021379106,0.04673032245185692
0.800423664336912,0.7347353541062842,0.04449435164062538
0.7988997165865491,0.7361033956705858,0.042949848566970865
0.7981904967283932,0.737927289964144,0.04182096942803513
0.7966812768702372,0.7405503964344691,0.04136509863077562
0.7966812768702372,0.7415648749137362,0.04091527491823812
0.7966812768702372,0.7419664385242551,0.04024093021155019
0.7945228955865046,0.744078305276773,0.04022509370420087
0.792364514302772,0.7446792614564981,0.04072880767025688
0.7901608500001716,0.7451768151349867,0.04061806391846997
0.7879276823916527,0.7471100906565724,0.039718397585906735
0.7879276823916527,0.7499749890327833,0.040979164999525516
0.7871276823916526,0.7507141805429904,0.0404925742102516
0.7871276823916526,0.7521624318473955,0.03990144556813318
0.7863276823916527,0.7536363521757722,0.04077467903841231
0.7863276823916527,0.7551032942617619,0.04046306420520536
0.7849387935027639,0.7569174774913849,0.03941755742123732
0.7849387935027639,0.760718952358874,0.03986176650558054
0.7842443490583194,0.7625959434376185,0.039444432266238325
0.7842443490583194,0.764644974438739,0.03838969870881788
0.7819656843268245,0.7658961965722204,0.04021756752092905
0.7811964535575937,0.7667984326934768,0.04036998312733582
0.7796417365764616,0.767871781722044,0.039564942001269636
0.7796417365764616,0.7703573138443017,0.04057127101754914
0.7781632859490749,0.7705001368106206,0.039613238298017994
0.7774540660909188,0.7713742968373405,0.03890587417559027
0.7767596216464744,0.7733590016472385,0.038084681312200205
0.7767596216464744,0.7740156883361059,0.03908310909645466
0.7760504017883182,0.774444331081209,0.038565317443092634
0.7752956848071861,0.7752930056547302,0.0378459242265171
0.7745264540379554,0.775584084627971,0.037101151936845066
0.7738172341797994,0.7767749194556259,0.038069128068873144
0.7714172341797995,0.776697141867104,0.03769178574753759
0.7706172341797994,0.7789982400144767,0.03836421207324297
0.7706172341797994,0.7807087179284622,0.03884130799400431
0.7706172341797994,0.7830826294683988,0.038921908198352125
0.7706172341797994,0.7843530721904545,0.039666617617711564
0.7698625171986674,0.7848448178455698,0.04010078210617597
0.7684736283097784,0.7863122798516616,0.0401019760688618
0.7662407223268725,0.7870111970770918,0.039522012595549744
0.7662407223268725,0.7895672198420012,0.04060232179305546
0.7662407223268725,0.7913280395259681,0.04103335842598853
0.7647315024687165,0.7928268157947501,0.04006501845755505
0.7647315024687165,0.7952677348296453,0.04005554932682443
0.7640222826105605,0.7967261142615817,0.0383956562070335
0.7633130627524045,0.7980074407916897,0.038462919365494404
0.76261861830796,0.7998705435431599,0.03894646275227449
0.76261861830796,0.8021904648953025,0.03771681967896018
0.7619241738635155,0.8049095317325843,0.035751136158658
0.7605205095609151,0.804647790702073,0.03556495377238297
0.7582112897027591,0.8047846479907819,0.03564788452925117
0.757502069844603,0.8082297544057173,0.03350849792212506
0.7568076254001586,0.8086954709358487,0.03354188167194303
0.7568076254001586,0.8100693786013207,0.03433072542481913
0.755403961097558,0.8109569427862111,0.03340825658931262
0.7532150722086692,0.8117550703264989,0.03366202299472387
0.7517366215812824,0.8126464706848069,0.03281823190169205
0.7517366215812824,0.8139330317796573,0.032633337584231474
0.7509366215812824,0.8159011510351526,0.03365798783222396
0.7485673908120516,0.8160720981272123,0.03344422223952767
0.7471785019231627,0.8164711347548534,0.03306189823834054
0.7457748376205622,0.8174334817376987,0.03174812794039187
0.7450803931761179,0.8180405233822577,0.03192242437503912
0.7450803931761179,0.8205325645053276,0.030580926132154112
0.7436019425487311,0.821024710306608,0.030660226445372283
0.742138005709443,0.8215039120705525,0.03184545849662362
0.742138005709443,0.8228206421747727,0.032160492674428186
0.7405832887283108,0.8230518401813963,0.031668317072906634
0.7398740688701547,0.823713612085459,0.0327069659445683
0.7391648490119987,0.8249787142149678,0.031857207408213926
0.7391648490119987,0.8276508113464635,0.030797595771933178
0.7384556291538427,0.828322510786022,0.031048057438151436
0.7370667402649538,0.8287423248877014,0.03074178824202598
0.7362667402649539,0.8285832306150951,0.030812141258665687
0.7362667402649539,0.8306488620917042,0.030145364105077052
0.7362667402649539,0.8306488620917042,0.030145364105077052
0.7347722958205093,0.8310123676706394,0.030130277834645513
0.7347722958205093,0.8318109285060569,0.030683160163731894
0.733323134394933,0.8322289381085198,0.030646932856854624
0.733323134394933,0.8341706501322885,0.03003289525533779
0.7325231343949329,0.8368093220795195,0.029290023031038632
0.7311046946786208,0.8379727055881505,0.02922431511782067
0.729580746928258,0.8392263445720257,0.03036985407647066
0.7281770826256576,0.8433756847502849,0.030479542835335653
0.7274678627675015,0.8432723255771583,0.030325514828828906
0.726018701341925,0.844335619213938,0.02958031617665569
0.7237402507145381,0.8439532078398834,0.029373891606486333
0.7237402507145381,0.8445530219819801,0.02844013556449785
0.7223365864119377,0.8458488985597761,0.028346240675741367
0.7187142682889169,0.8481633293858779,0.0289194400356308
0.7173106039863165,0.847922538649051,0.02881760004957323
0.7158469287726412,0.8490436101186354,0.02792933351626813
0.7151377089144852,0.8497692701692381,0.028170120044115895
0.7137192691981732,0.8495545576972441,0.0278695485312956
0.7100972127007654,0.8488874041974588,0.02801989051783227
0.7071696006478023,0.8500551600877498,0.029201297718518367
0.704905925434127,0.8531704973583931,0.02703804107783699
0.7034419885948389,0.8536502265962176,0.027057121328734304
0.7011783133811637,0.8548476202081039,0.02709618409743945
0.6973306319845461,0.8549606029231708,0.026717212532957845
0.6941614012153152,0.855178688545082,0.02665261908494465
0.691943009020508,0.8565361644023737,0.02836044668533994
0.691143009020508,0.8570274003640875,0.027237367300401886
0.6888645583931212,0.856647772668153,0.027036099142515087
0.6881098414119892,0.8592512536007682,0.023880879457714315
0.6866153969675446,0.8610636008491855,0.021598970458650477
0.6851662355419682,0.8626038267922038,0.023020038800166374
0.6822531372771035,0.8658345374022778,0.02089748384162154
0.6792652526874525,0.8661665397233614,0.021154823641455496
0.6778468129711406,0.8682231808948021,0.019468704561496165
0.6738920959900085,0.8691692093264806,0.01924955111912265
0.6715828761318525,0.8702818522328283,0.018024848579723488
0.6692589283814896,0.8724788937131882,0.018867633931386928
0.6692589283814896,0.8743587297779418,0.020912134465628337
0.6655618239336827,0.8756775151139502,0.023071996490664437
0.6618342118807192,0.8784472399685221,0.02247943079726669
0.6565521444722369,0.8783190832477255,0.021588135684220473
0.6521605955799854,0.8791166726954931,0.01958693918796814
0.6483729250944426,0.8792698044355631,0.01850516349160983
0.640390255518156,0.8788309850781761,0.017451149732756528
0.6373716016977358,0.8810292984764235,0.017243239436952516
0.6351531619814238,0.8852054048292419,0.01581761412998902
0.632874711354037,0.8858077753674927,0.015119818532042275
0.6290560575336167,0.8871549512943462,0.014999047312004304
0.6275468376754607,0.8916815087037687,0.01643311191580457
0.6230499948532666,0.8947366305428677,0.016729825155071078
0.6207860580139786,0.8952029649437142,0.015889252652591057
0.6171185043935947,0.8974130285785794,0.016237526107464064
0.6141616031388212,0.9018866977147395,0.014989451181618164
0.6112485048739565,0.9023167240366424,0.014565320613955265
0.6030535057832127,0.9019289628731952,0.014306913089588013
0.5961564013354057,0.9019691532220874,0.013880140656609185
0.5857720851475569,0.9049165709732538,0.018323869601173624
0.5777279246312365,0.9066083492195729,0.017289874143390168
0.5677216478467784,0.9070263603538798,0.01578363374527794
0.5542596712266725,0.9084408664388229,0.014856349768700695
0.5399049765480516,0.914627824685217,0.01885639592067327
0.5239228830627867,0.9181534836824353,0.01658077308057847
0.5067944708643424,0.9236674072449798,0.018185546186988227
0.491264840262552,0.931283000310221,0.021188373158653278
0.466242559710685,0.9353705550392684,0.01924573074849125
0.4420785959368255,0.9400882769615949,0.021902254053691148
0.4085432171200939,0.9429675818945951,0.014919438299181107
0.3732882975292249,0.9475245664534311,0.015048842362206287
0.3288262159157583,0.9494045700061129,0.012632011869836859
0.280167845268608,0.9566983400303009,0.022681031899906848
0.24005690142633135,0.9594413237036188,0.021466471710296482
0.19843850254077072,0.9572246211111798,0.02519260559771345
0.14616555068331463,0.9659247135842881,0.018729404950034587
0.0846146383390462,0.9729753677122097,0.02261100248111043
0.04750685373326883,0.891044776119403,0.19628993698834146
0.022916666666666665,0.9941176470588236,0.011764705882352944
0.0034722222222222225,1.0,0.0
0.0,1.0,0.0
0.0,1.0,0.0
0.0,1.0,0.0
0.0,1.0,0.0
0.0,1.0,0.0
0.0,1.0,0.0
0.0,1.0,0.0
0.0,1.0,0.0
0.0,1.0,0.0
0.0,1.0,0.0
0.0,1.0,0.0
0.0,1.0,0.0
0.0,1.0,0.0
0.0,1.0,0.0
0.0,1.0,0.0
0.0,1.0,0.0
0.0,1.0,0.0
