recall_ave_seq,precision_ave_seq,std_precision
1.0,0.23555166374781086,0.01230913022122983
1.0,0.23555166374781086,0.01230913022122983
1.0,0.23555166374781086,0.01230913022122983
1.0,0.23583789163458496,0.012240804441872668
0.9984905660377358,0.24179450904494687,0.01623805529617606
0.9961973875181422,0.2560247093474545,0.03577335982447183
0.9825399129172714,0.28110248790917053,0.05675005426626512
0.9718432510885341,0.3135034317331146,0.07240060914199102
0.9659137639090469,0.35614941325630023,0.07975073366813074
0.954762220232152,0.39297760662408476,0.08596361593390504
0.9447390635347078,0.4317319525733742,0.08569857182864227
0.93280294290214,0.4661403858960364,0.07974682672447692
0.9223290174542885,0.49315689646516664,0.07005273905522391
0.9104957539449711,0.5144565112441997,0.06240307334262907
0.9010024320030743,0.534579445604354,0.054918649925152906
0.8980292753056303,0.5531087024660698,0.04341171056408977
0.8897582714867541,0.5742043970060411,0.03650002642339345
0.8869213920541299,0.5882942965687282,0.03045358221867941
0.8762366402810804,0.6097493443213049,0.01655668221894557
0.8701560529015566,0.6201927330307612,0.019810385004366587
0.8679523885989562,0.629603426163323,0.021312354093283248
0.86422451492038,0.6379649688692466,0.021110795336526916
0.8604223781682432,0.6440466305126289,0.021647201145593528
0.8559402632382561,0.6494792097615291,0.0242440040305083
0.850114280812635,0.6553680266281594,0.02367711622360608
0.849405060954479,0.6608850818950941,0.022146587458296875
0.8449684906689725,0.6655260503069884,0.024385505049100448
0.8435500509526601,0.6693998578857994,0.02260600929676915
0.8428408310945041,0.6744686396655573,0.023509895989388897
0.8406824498107717,0.6787423377392615,0.022438544649533865
0.838403999183385,0.6831892110089332,0.024094606487741935
0.837015110294496,0.6882218924812212,0.022976793510649327
0.8332874507200281,0.6893822610949342,0.023875651350810587
0.8311893419729831,0.690117267502522,0.02341982173227574
0.829725405133695,0.6931102944118372,0.022157468613455373
0.8290309606892505,0.6950476925679967,0.021795360939211302
0.8290309606892505,0.6968715506512387,0.022872805072314678
0.8275670238499624,0.6978065116297503,0.02272770022830446
0.8260885732225756,0.7000342249466419,0.022060360456655013
0.8246248980089004,0.7014186394664076,0.022229313930192247
0.8231304535644559,0.7037541776384483,0.023455900945451358
0.8202483386344687,0.7057504628966133,0.024222756718080683
0.8202483386344687,0.7071062831254163,0.02447893463190408
0.8165957745319046,0.7088702632864312,0.02549040072242616
0.8158265437626738,0.7099755618702431,0.02447779150031423
0.8144228794600734,0.711013024323034,0.024497684182162915
0.8114952674071102,0.7107057792240307,0.023541979709117495
0.8099860475489539,0.7107434676938874,0.023030786133602547
0.8092916031045096,0.7152931413143624,0.023132999308114806
0.8092916031045096,0.7167220582743222,0.023416870927409423
0.807133221820777,0.7190473718569744,0.022794678736210553
0.8048387773763326,0.7203534895339262,0.022735093107764105
0.8025751021626574,0.7221712037236732,0.02315009000866595
0.8003419345541385,0.7231129942956005,0.022907155608302473
0.8003419345541385,0.7246634176927679,0.023792347434922295
0.8003419345541385,0.7261862430245183,0.02442797071379886
0.7995727037849076,0.7279447779405078,0.025073202805912288
0.795950385661887,0.7290366178129766,0.024006326297202077
0.7929465072551785,0.7297597073435206,0.023336263711549322
0.791408045716717,0.7318366455670888,0.022944904760790433
0.791408045716717,0.7332600588483584,0.021653828099751724
0.791408045716717,0.7357340829462556,0.01946453108356551
0.7899588842911405,0.736910061653919,0.02029619163853298
0.7891588842911403,0.7408209648072216,0.020879762868782892
0.7891588842911403,0.7418896703453449,0.021903799600961386
0.7876041673100083,0.7430753041987815,0.022098147595490707
0.7868349365407775,0.7438935823258432,0.02159564732051087
0.7868349365407775,0.7444550646391502,0.022202098402968464
0.7868349365407775,0.7449835007820896,0.021862565183412442
0.7845564859133908,0.7454693405615015,0.022264088041474197
0.7845564859133908,0.7470756723742129,0.021938211171199554
0.7845564859133908,0.7491809201160363,0.021301284675801675
0.7823981046296582,0.7491764346437022,0.020048029947192805
0.7823981046296582,0.750260527855455,0.0206792575108897
0.7823981046296582,0.7508290668741785,0.021179205173165735
0.7815981046296582,0.7522501118343381,0.021557047504731017
0.7794999958826134,0.7523065848168364,0.0209820837670637
0.7780963315800129,0.7525243791084535,0.021164544689655056
0.7774018871355685,0.754077793254708,0.022049175023127827
0.7766018871355683,0.7549606741977859,0.0230088640412868
0.7750924531733043,0.7551360846024775,0.021860158021886508
0.7750924531733043,0.7572719121340621,0.02126367930700841
0.7735832333151482,0.7569024309024309,0.021470963328249278
0.7728740134569921,0.7573245914390953,0.021869489651944796
0.771410338243317,0.7585943224891893,0.021031287469930843
0.7706411074740862,0.7600909016792923,0.020570478209911307
0.7699318876159301,0.761636437307295,0.020482674364391613
0.7691771706347981,0.7614706663386043,0.02038731934765452
0.7691771706347981,0.7632239056956635,0.021253333793210618
0.7676079398655673,0.7640017510907214,0.02198951726200509
0.7661294892381806,0.7647515102222517,0.02127012269168129
0.764016605077424,0.7671484787855949,0.021170243927362276
0.7625073852192681,0.7685850431455072,0.022804700470255904
0.760998165361112,0.7699423548791218,0.022892283606188897
0.760998165361112,0.7699423548791218,0.022892283606188897
0.7603037209166675,0.7697836247203916,0.022834579945459885
0.7595490039355355,0.7712591411510406,0.02101547701546217
0.7588545594910909,0.7734511333923366,0.020838733983651096
0.7588545594910909,0.7734511333923366,0.020838733983651096
0.757436119774779,0.7754747710312077,0.0207207034990738
0.757436119774779,0.7784959053217626,0.022000507436341896
0.7559721829354908,0.7787315206023793,0.02083211867530823
0.7552029521662601,0.7791125426114809,0.020007045182450132
0.7537245015388733,0.7799370211852176,0.020741083635202454
0.7522460509114864,0.780765488513633,0.019404187279266034
0.7514913339303544,0.7817629069505195,0.019039640489527974
0.7506913339303545,0.782841982490837,0.02069567974001397
0.7499366169492224,0.7851604383145938,0.021696910577739342
0.7491818999680904,0.7868357847592764,0.02110083501063845
0.7484271829869582,0.7872481739845111,0.020169515975549265
0.7476724660058262,0.787711448032759,0.019977059733642333
0.7454685875991176,0.7872321776843344,0.01990669860980554
0.7446685875991175,0.7876769613871242,0.020104737098624592
0.7431593677409614,0.7891932905175445,0.019266603513577018
0.7416501478828055,0.7901404337923947,0.020022689026622242
0.7400954309016734,0.7910922081487449,0.021090975939236308
0.7385262001324426,0.791918988647927,0.019360585862360887
0.7377714831513105,0.7929616364673102,0.01739378518333616
0.7370167661701784,0.7940500359849154,0.017877854119245428
0.7355073322079143,0.794938714235388,0.016140306357689455
0.7348128877634699,0.7967401397837414,0.01580092377573941
0.7332436569942391,0.7963895552746436,0.016061427107953268
0.7317944955686626,0.7960734765515177,0.016053798833646733
0.7310397785875306,0.7971520444662717,0.016260656200849034
0.7294850616063984,0.7980567838801209,0.016891563069554458
0.7266322358782215,0.7986927577166504,0.01606755067513518
0.725937791433777,0.800676355005689,0.018538245086271363
0.7251685606645462,0.8025119757283441,0.01832236719705162
0.7235685606645462,0.8047994602214003,0.01913835245836571
0.7220300991260846,0.8051947095148145,0.020374275900719684
0.7220300991260846,0.8072171792172222,0.022353398489443066
0.7183787534268667,0.8064490412190652,0.021984426932347638
0.7152095226576358,0.8063761215502661,0.022633861124798576
0.7130058583550355,0.8065544776361296,0.021668818327012566
0.7114511413739033,0.808369239047205,0.024719413573747406
0.7099874661602281,0.8093982736141708,0.024832323095916937
0.7084635184098653,0.8110796517625053,0.023492267275651995
0.7076942876406346,0.8109049792734224,0.0235770923645707
0.7076942876406346,0.8116059675519791,0.023266539572156273
0.704646606244017,0.8122686536461619,0.021658438545328795
0.7009187325654407,0.8129535905804905,0.022507911688886786
0.6986400678339458,0.813807201619654,0.02113533924757936
0.6979456233895014,0.8151474931278356,0.021625751997721383
0.6963909064083693,0.817696478650145,0.02173544137304308
0.6919085773742738,0.8180910025458898,0.021786774033218496
0.6897504577161542,0.818342915831183,0.021321052374749808
0.6860826424701575,0.8213467503273509,0.023022803497372422
0.6831697583094011,0.8235762835674894,0.02213476298359929
0.6809058214701128,0.8246204287828329,0.02393976237794997
0.674129047991573,0.8254608535910923,0.02464707184195513
0.671955891294129,0.828013370166369,0.021568384102237333
0.6681374990993216,0.8294537095280905,0.020520244961521834
0.6635646040274905,0.8308737587756821,0.0218334494152511
0.6577693908326385,0.8304784396275154,0.02072675718547655
0.6516420404052881,0.8338641451519372,0.01829046011764264
0.6501928789797116,0.8359355741232054,0.01925634249003102
0.6436579383215473,0.8345917275362517,0.01885230727898152
0.6399155508548724,0.8355500970046146,0.020011866252434132
0.6332160480293157,0.8400242542801097,0.01974924759541459
0.6272847716737521,0.8444478523871284,0.016641979257238527
0.6243568979951759,0.8479949986892343,0.01361162213206188
0.6190745214395756,0.8477717276894003,0.012518733094884152
0.6124047835455503,0.8516445785539718,0.012131637471188771
0.6078931653096447,0.8516351052598841,0.011824291384012661
0.5988687104344872,0.8542304822237305,0.01190921767617094
0.5944321401489808,0.8552933702973732,0.013829822738030854
0.5907497635933806,0.8562631642102643,0.012265053568616903
0.5810468580908364,0.8570527424813298,0.013618975198982928
0.5720528632993307,0.8631417615055514,0.018016294488623817
0.5637826021540795,0.8713027476362714,0.01788139159576751
0.557083099328523,0.8802068118444654,0.025450714654322155
0.5452668339355011,0.881372580204213,0.02644668601827819
0.5305529355251555,0.8842476194675971,0.027603065195628298
0.5187973708770377,0.8919168128448431,0.025732258136469878
0.5006276300665301,0.8952438543953987,0.026847589723303526
0.48730114051611445,0.8958621093103852,0.03088901146502055
0.4733722525879491,0.90497234692844,0.03410598144658281
0.45926276115382897,0.915617944147356,0.031331807017484885
0.43985468524294297,0.9172167328762051,0.034364069703388025
0.4250197185079963,0.9214465464216584,0.033304173638964464
0.41003422234574377,0.926148250863621,0.038153715897472365
0.38463390239048606,0.9267435458103428,0.04072223159130607
0.35778559189149317,0.9354474749548636,0.0405821538464994
0.31549769357721985,0.9411002472220809,0.03812758908821816
0.2773353280356291,0.9539691804115689,0.02868874483611946
0.23924404608728173,0.9580359563826614,0.031509377621994995
0.19600571338871217,0.9624809964867455,0.032177096597739915
0.151966258187595,0.9709612983770286,0.026833764832440272
0.10600960689250531,0.981304347826087,0.02299009402852572
0.06607496371552975,0.9761047463175123,0.031218642271859526
0.038665449121109495,0.9933333333333334,0.01333333333333333
0.019663691340106433,1.0,0.0
0.007863247863247862,1.0,0.0
0.0014636752136752136,1.0,0.0
0.0,1.0,0.0
0.0,1.0,0.0
0.0,1.0,0.0
0.0,1.0,0.0
0.0,1.0,0.0
0.0,1.0,0.0
0.0,1.0,0.0
0.0,1.0,0.0
