recall_ave_seq,precision_ave_seq,std_precision
1.0,0.10693950177935943,0.008651420484799444
1.0,0.10693950177935943,0.008651420484799444
1.0,0.10693950177935943,0.008651420484799444
1.0,0.10693950177935943,0.008651420484799444
0.9866666666666667,0.11819271990758726,0.024028775362271108
0.8929426476301476,0.17352166947217615,0.047193526692375344
0.8497030400155401,0.21926939112304938,0.06597723734033668
0.8301002816627816,0.24455244646458468,0.07943121553813866
0.8000087412587412,0.27811381274100866,0.057767105678244245
0.7804586732711732,0.30586927658701857,0.04348551939116845
0.7563165306915307,0.32305451972174287,0.04153495576099327
0.7499055458430458,0.3412281038074506,0.039893679108190166
0.7382995823620824,0.35352016663803737,0.0381225451977347
0.7234217171717172,0.3639492024680308,0.03440170035420436
0.7151490870240871,0.3763350254556914,0.03706358537574963
0.7083775252525253,0.3871828913204094,0.03760902698972293
0.7015204933954934,0.3956134124254324,0.03422823902104729
0.6880956196581197,0.40242077427868245,0.03129923004390941
0.6818407634032635,0.41427650460198295,0.03334968070421756
0.67668851981352,0.4203876404764307,0.03229708731085869
0.6719488150738151,0.4245690842669191,0.03602905343638817
0.6616683663558662,0.4287698047068306,0.034089783566161054
0.658230137917638,0.43617438882140985,0.0369389552790934
0.6510079156954156,0.4396525043835668,0.036025871923258325
0.6462208624708625,0.44432701583606377,0.03492207205607865
0.6379482323232323,0.45143350301158236,0.03464756428215359
0.6360251554001554,0.45461498783832627,0.032918356673434374
0.6329001554001554,0.4585002147014162,0.032369224508128916
0.6257820998445999,0.4595437836823336,0.030533827642044053
0.6222965229215229,0.46083342602748695,0.029538843109835986
0.618810945998446,0.46383731039722303,0.029907589895835997
0.617248445998446,0.4667706651755079,0.030458947428900814
0.6109889763014763,0.4692807043813268,0.028697506559835988
0.6060076728826729,0.47347247900556333,0.029879386047885592
0.6027831196581197,0.47651993599646236,0.03231913339095308
0.6008600427350428,0.480536907786617,0.03329248157172766
0.5961157245532245,0.4822400956834919,0.0337972402205544
0.5944063228438228,0.48711493165836267,0.033529159041418524
0.5912245046620046,0.4905012826859655,0.0356464526116254
0.5843006993006993,0.49217445765804946,0.038235953861753304
0.5756060606060606,0.49296364383150404,0.035475301192825395
0.5722299922299923,0.4949996284252148,0.03243478208730767
0.5688966588966589,0.4972866707062501,0.031641025758692064
0.5635975135975136,0.4964307849770693,0.031118039751554357
0.5635975135975136,0.5013886657131812,0.03128471233711041
0.5635975135975136,0.5049966198799009,0.03059477675319903
0.5599650349650349,0.506293565540385,0.0284582192384701
0.5584025349650349,0.5096254266616675,0.02895630839957606
0.5552207167832168,0.5111646688016608,0.029207677109408015
0.5552207167832168,0.5153300129129235,0.031029732237490035
0.5506279137529138,0.5140983681276587,0.03296783902460561
0.5456939588189588,0.5184404782766316,0.03400847419957112
0.5406084887334887,0.5182241189595997,0.03343881335446308
0.5371702602952603,0.5212158186597263,0.03664776819326646
0.5356077602952602,0.522332341533126,0.03625712690435684
0.5340926087801087,0.52888410498403,0.03725306325968612
0.53046013014763,0.5292067415832601,0.03663299906482038
0.5268703865578865,0.532340539249768,0.03628713163862796
0.5220787198912198,0.5337108741776484,0.034834480821570465
0.5203693181818181,0.5344532859556632,0.03381705510017431
0.5184462412587412,0.5392141586070291,0.035597685509325475
0.5148564976689977,0.5419343423866845,0.03623137688181338
0.511266754079254,0.547458181558873,0.039479011898672096
0.5097516025641026,0.5497225134640462,0.0410015994631036
0.5078285256410257,0.5511990482640128,0.04131150689312235
0.5059054487179487,0.5539808362369338,0.04351419604255603
0.5005635683760683,0.5544602119958288,0.047316468765284454
0.49900106837606834,0.5575086567905664,0.04471216076258024
0.4970779914529914,0.5604418228681938,0.044853138909864664
0.4970779914529914,0.5630560336708104,0.04475308528781206
0.493639763014763,0.5687897396093344,0.04591034486708542
0.48718604312354313,0.5731256867486515,0.049608251652905555
0.48218604312354313,0.573788751898508,0.05062859836632125
0.48062354312354316,0.5805492698458192,0.05566671009543836
0.48062354312354316,0.5839100985772839,0.05282140757286647
0.47870046620046625,0.5842209769143927,0.050183604194791794
0.47532439782439784,0.5869790738804332,0.05434707154447293
0.47183882090132095,0.5858254544568087,0.05185408214127312
0.47183882090132095,0.5911309913092136,0.05240304141799717
0.47027632090132093,0.5903081879004567,0.05129418692250974
0.4686096542346543,0.5957663107920487,0.052662074546661886
0.4635615773115774,0.5952985685568495,0.0493293431265539
0.45559270590520595,0.5959221248307935,0.050118074421123204
0.4523681526806527,0.5957880921967609,0.05137980883466576
0.4523681526806527,0.5991412577192629,0.05198101333777135
0.44721590909090914,0.5999757466268824,0.05319814128279041
0.4452928321678321,0.6031441160369443,0.055803992722534224
0.44050577894327886,0.6023815960259611,0.05477800872695307
0.4357614607614607,0.6078616061256277,0.05497061665559156
0.43238539238539236,0.613354487064992,0.057939562370895606
0.42734265734265725,0.6105770649268862,0.05698051024770761
0.4256759906759907,0.611073342842519,0.057009407642184505
0.4205283605283605,0.6130676555783104,0.0594846716504576
0.41693861693861695,0.6198313923711968,0.06385362394970284
0.41345304001554,0.6207299270072992,0.06423929802705763
0.41345304001554,0.6226760967795559,0.06587240740001128
0.4098205613830614,0.6223254254509101,0.06725640229830071
0.40492934149184145,0.6220929179752709,0.06551877659136354
0.3949526515151515,0.617751661673373,0.06654677170625084
0.39182765151515153,0.6244136838770986,0.06844856295992564
0.38864583333333336,0.6311835982717989,0.07111562186536394
0.3816800213675213,0.6310600550561557,0.07371035624072027
0.37860236985236984,0.6422099390850773,0.07577098071610494
0.3735542929292929,0.641725252793076,0.07655007964875224
0.3634680944055944,0.6377049770153218,0.07860540636518736
0.3617586926961927,0.6397987027555592,0.08050019433563128
0.3617586926961927,0.646940964309684,0.07699704286455322
0.3617586926961927,0.6550079798768323,0.07667193921830141
0.3586336926961927,0.6626406926406926,0.07105604021867708
0.3550439491064491,0.6643271221532091,0.07137476894700073
0.35025228243978246,0.6689012593030352,0.06870068257975893
0.3470704642579643,0.6697979760352641,0.07048121443193198
0.34384591103341106,0.6684049945008733,0.06987785297999359
0.33344187062937064,0.6665721441451756,0.07137137087693703
0.32835640054390053,0.679670605084139,0.07537564560826517
0.3233556721056721,0.6794773650375232,0.07638414756356446
0.3198700951825952,0.6823875382993588,0.07027578716632818
0.3101303904428904,0.6790049803455147,0.06580283913347426
0.3101303904428904,0.6886659667896475,0.06719823218179387
0.306692162004662,0.689838298955946,0.07258635032609566
0.2985569638694639,0.6889308845455024,0.07545002256458591
0.29507138694638696,0.6924060885351208,0.06350377231931285
0.28350815850815847,0.6913848823498878,0.06772042755536074
0.2767365967365968,0.6948085325437241,0.07006403735298096
0.2733605283605284,0.7101063734669381,0.07997114783721984
0.26144133644133644,0.7126417664348699,0.09794037060543995
0.25821216977466976,0.7222250617599455,0.09253906208157171
0.25139787296037297,0.7200303130633117,0.0918479189323497
0.24124951437451436,0.7263780127610417,0.09798454229144221
0.22984241452991455,0.7284935131510475,0.08860689923665582
0.22490384615384618,0.7499354159722605,0.08490042802289338
0.2160763888888889,0.7570748987854251,0.07444899281404034
0.199935168997669,0.7486534970405938,0.06057229330991806
0.19301209207459205,0.7546410256410256,0.059289259609666745
0.17675189393939394,0.7535350314489002,0.05906549191365164
0.16972392191142188,0.7635759388501163,0.06220525958264116
0.15337364024864025,0.7670269365607878,0.04170454633402578
0.147024087024087,0.776374883286648,0.03720634242286827
0.13551282051282051,0.7961363636363636,0.02413375264083326
0.12414845571095572,0.7992362002567394,0.045599949375421764
0.10612203768453768,0.7499582289055973,0.048631744389668025
0.10006143162393162,0.8262038470866994,0.09712880420887691
0.09187888500388501,0.8275132275132275,0.09114361334864995
0.08884858197358197,0.838515406162465,0.08596702088877924
0.07789675602175603,0.8636055121349239,0.08887062605739407
0.06890297202797202,0.8966666666666667,0.10349449797506682
0.06197916666666666,0.9064935064935066,0.0898453535398856
0.050723581973581976,0.9155555555555555,0.103661367019472
0.042450951825951835,0.9269841269841269,0.09288088151319235
0.031508595571095574,0.9214285714285715,0.10202040612204072
0.026868444055944057,0.9047619047619048,0.13127665478181164
0.02037198912198912,0.86,0.19595917942265426
0.011738782051282051,0.95,0.09999999999999999
0.008319978632478634,0.9,0.2
0.006396901709401709,1.0,0.0
0.003125,1.0,0.0
0.003125,1.0,0.0
0.0,1.0,0.0
0.0,1.0,0.0
0.0,1.0,0.0
0.0,1.0,0.0
0.0,1.0,0.0
0.0,1.0,0.0
0.0,1.0,0.0
0.0,1.0,0.0
0.0,1.0,0.0
0.0,1.0,0.0
0.0,1.0,0.0
0.0,1.0,0.0
0.0,1.0,0.0
0.0,1.0,0.0
0.0,1.0,0.0
0.0,1.0,0.0
0.0,1.0,0.0
0.0,1.0,0.0
0.0,1.0,0.0
0.0,1.0,0.0
0.0,1.0,0.0
0.0,1.0,0.0
0.0,1.0,0.0
0.0,1.0,0.0
0.0,1.0,0.0
0.0,1.0,0.0
0.0,1.0,0.0
0.0,1.0,0.0
0.0,1.0,0.0
0.0,1.0,0.0
0.0,1.0,0.0
0.0,1.0,0.0
0.0,1.0,0.0
0.0,1.0,0.0
0.0,1.0,0.0
0.0,1.0,0.0
0.0,1.0,0.0
0.0,1.0,0.0
0.0,1.0,0.0
0.0,1.0,0.0
0.0,1.0,0.0
0.0,1.0,0.0
0.0,1.0,0.0
0.0,1.0,0.0
0.0,1.0,0.0
