recall_ave_seq,precision_ave_seq,std_precision
1.0,0.10693950177935943,0.008651420484799444
1.0,0.10693950177935943,0.008651420484799444
1.0,0.10693950177935943,0.008651420484799444
1.0,0.10693950177935943,0.008651420484799444
1.0,0.10693950177935943,0.008651420484799444
1.0,0.10693950177935943,0.008651420484799444
0.9983333333333334,0.11292001981249504,0.009815808751758475
0.9611997377622379,0.14313661985668963,0.018222413188587378
0.9219451728826729,0.19373689000598804,0.021147645740107215
0.892236790986791,0.23665355657679835,0.020368387581788116
0.8680691530691531,0.27135529132310354,0.01829554645354782
0.8323203185703185,0.296075800026765,0.017754465132575916
0.819512432012432,0.318660382249936,0.017770044903351673
0.8111310217560218,0.3389174591326255,0.017180365033752126
0.8012966200466201,0.3574286555259339,0.018472487096901417
0.7829088966588966,0.37142042175991125,0.019383716209528796
0.7751342754467755,0.38181438158975,0.023019518592274767
0.7683199786324787,0.3945181482197014,0.025374728009508705
0.7565523018648019,0.4018707337337151,0.025397616459967957
0.7465088383838384,0.4101837302175314,0.02592407003109761
0.7398887917637917,0.41794231614122646,0.02975576808670851
0.7313223581973582,0.42465614162457266,0.03158241525041532
0.7249254564879566,0.42985880968286805,0.028148255141782288
0.720029623154623,0.4331474331474331,0.02773296001912587
0.7165913947163947,0.4385978874073981,0.027242122484232915
0.7099434246309246,0.44629821498446776,0.027839917262497176
0.7051991064491064,0.4491644989916293,0.027227444318175083
0.6936499611499611,0.45353844136059357,0.026752210559762218
0.6920874611499611,0.4561220473820871,0.028603740424655726
0.6901643842268842,0.4610412210981479,0.02926238613889279
0.6834542540792541,0.46491706276988304,0.027121817209894653
0.6801823523698525,0.46967222803280284,0.0257868042394142
0.6748210470085471,0.4730904639577421,0.026161740580390485
0.673258547008547,0.4767572529673697,0.02505463461819041
0.670133547008547,0.4806515264333582,0.02363386804008228
0.6685710470085471,0.4853718814052453,0.023529508247741554
0.6639308954933956,0.49055886644146013,0.02738792779565728
0.6607017288267288,0.4930215555736056,0.027679064431869974
0.6607017288267288,0.4985962659121232,0.028389847460406573
0.6573256604506604,0.5012158966393334,0.026871725122078267
0.6556589937839938,0.5047858368126825,0.026083868279307892
0.6520692501942502,0.5061922408515974,0.02793216839390421
0.6486310217560216,0.5064565912487795,0.02685514061482383
0.6469216200466199,0.5078122951244983,0.026707918068644827
0.6417693764568764,0.5108343396608904,0.026290898202598747
0.6400599747474747,0.5117389748459626,0.026425345135939873
0.6400599747474747,0.5179037474257437,0.025627883307524826
0.6365743978243978,0.5178680507136476,0.02501110396762959
0.6316210178710178,0.5211231437242099,0.027841751382594655
0.6282449494949496,0.5234689750254562,0.029285647503909672
0.6250631313131313,0.5253441411187807,0.03133509115517195
0.6218813131313132,0.5283904800120302,0.033945246252443786
0.6202146464646464,0.5331191456903127,0.03614976838916791
0.6149155011655012,0.533662338326655,0.0376176856796867
0.6114966977466978,0.5359350858779888,0.03416255648580076
0.6099815462315463,0.5398726290799712,0.03337074756615695
0.6080584693084694,0.541703091213734,0.03272585813138114
0.6063490675990677,0.5435721964090543,0.03142167874839327
0.6063490675990677,0.5489953274061596,0.03260314567815625
0.6047865675990677,0.5517949267877706,0.032691906072022214
0.603119900932401,0.5547704913788002,0.03451699089638869
0.6016047494172494,0.5574648835071545,0.035748354423434846
0.5965620143745143,0.5566147156748175,0.035246353286145005
0.5914571192696193,0.5576762409754176,0.03500269728567454
0.5914571192696193,0.5576762409754176,0.03500269728567454
0.5914571192696193,0.560422324544092,0.03630962556786033
0.5865185508935509,0.561628321842368,0.03528813199421274
0.584595473970474,0.5628613481887695,0.03695796238105251
0.5797469891219891,0.5631714056356891,0.039256337461612806
0.5780803224553225,0.5642813622360888,0.04214965810318913
0.5744478438228438,0.5637230315597007,0.03964781715770905
0.567994123931624,0.5657938661618168,0.04439815203734565
0.567994123931624,0.5691580455433367,0.044105509920718516
0.567994123931624,0.5711648637624126,0.04437953032698496
0.5645558954933955,0.5706964138823502,0.04525984836567391
0.5578931138306138,0.5696405702147329,0.045382452218104406
0.5562264471639471,0.5718459152779831,0.049130622213528076
0.5513352272727273,0.5725186418790699,0.05024067997019545
0.5483049242424242,0.5722766884531592,0.05169962642470531
0.5465955225330225,0.5726241233772844,0.05161435336682206
0.5433709693084692,0.5734725319421976,0.053744464278930516
0.5416615675990675,0.5738340724732296,0.053869639391390105
0.5364665889665889,0.5755814287857726,0.04893392409931438
0.5347571872571872,0.5748580326311943,0.04812841829351122
0.5296717171717171,0.5736593140185523,0.048234268550843264
0.5281565656565655,0.5749724473102646,0.04889105444432895
0.5266414141414141,0.5761282408764902,0.05000887872566903
0.5234168609168609,0.5779658514114541,0.05141285979760313
0.5162988053613053,0.577239776116697,0.05119912638273457
0.5162988053613053,0.5807667557667557,0.05159741192700147
0.511317501942502,0.58059145209071,0.04914045120832362
0.5096508352758352,0.5866498375875454,0.05211372147453695
0.5079841686091686,0.5904485802314909,0.05541019735538007
0.5044985916860917,0.5932381408830006,0.05144353632858109
0.4996073717948718,0.5924506519491703,0.050874313020663545
0.49804487179487184,0.5959430525483727,0.045014197180663844
0.49804487179487184,0.5979775912049993,0.04255070012788355
0.49804487179487184,0.6007990643635511,0.044619984202257136
0.49334790209790214,0.598308134570072,0.047676828898928894
0.48986232517482514,0.6008563565686058,0.047281275029119926
0.48986232517482514,0.6041998287219276,0.04622927676582624
0.4866331585081586,0.6025220908450312,0.0469465891162331
0.48278700466200475,0.6020156272288396,0.043963250145049156
0.47934877622377625,0.60158529528424,0.04526536780626696
0.4761242229992231,0.6049546091933067,0.04297764464149535
0.4761242229992231,0.6104819617814943,0.045442116709183
0.4744575563325563,0.6139438067436871,0.048018064467487756
0.4712330031080031,0.6152130897086706,0.04857890448549212
0.46764325951825947,0.6209829181993722,0.05281156930325913
0.46764325951825947,0.6249044868268232,0.055272900763588505
0.466128108003108,0.6240840235063599,0.05647556680065293
0.4642050310800311,0.6273548311875838,0.054503800625993984
0.4642050310800311,0.6306019807761969,0.054836892896378636
0.4642050310800311,0.6315847817589978,0.053234607819199094
0.46228195415695417,0.6363536524903269,0.05023724934461034
0.46228195415695417,0.6380511833545244,0.05177003537260157
0.46057255244755246,0.6417018836096593,0.04976617066746723
0.46057255244755246,0.6473677682813734,0.0474435372480707
0.4590100524475525,0.6491854137772581,0.046075810641171826
0.45582823426573427,0.6502096266306794,0.04748933647423729
0.45198208041958043,0.6538222950694346,0.04849486281963772
0.44849650349650344,0.6568998236546989,0.0470602139201835
0.44334425990675985,0.6572762814642789,0.04711898132387935
0.44142118298368294,0.6580809435996116,0.046324124137612284
0.4315913947163946,0.6559934601595254,0.043505239530180845
0.4281725912975912,0.665010545010545,0.0426700865010647
0.42490068958818955,0.6634742069524678,0.04146805237400144
0.42490068958818955,0.6649973030823055,0.04210047602711412
0.4182332944832945,0.6655578140347048,0.04564207082485895
0.4150087412587412,0.6681270089948347,0.0472882595767117
0.41022168803418796,0.667857373592913,0.0488974164202306
0.408659188034188,0.6686957779201612,0.049102404165719746
0.40517361111111105,0.6703425972748804,0.04697945875998201
0.4002396561771562,0.6692826100637799,0.04774764439780786
0.3968635878010878,0.6673353903597514,0.04661525492496882
0.3902530108780109,0.666200685591698,0.04727453572179184
0.38546134421134426,0.6698705646823031,0.05017176565214313
0.37749247280497283,0.669930801771282,0.05558166897959059
0.37578307109557113,0.6689956761137718,0.05461404775144208
0.365606789044289,0.6698964127614186,0.054509652144257105
0.36252913752913757,0.6699055388516293,0.056419454088835336
0.3577848193473193,0.6742120546101376,0.0626619793954578
0.3530405011655011,0.6829877203406615,0.06906523085317248
0.3513310994560994,0.6820073281837987,0.06813555724542028
0.3513310994560994,0.6840266433725608,0.06809114369961576
0.3466435994560994,0.6934325442676379,0.0716144384950322
0.3369133644133644,0.6896665755257265,0.06563636746132596
0.3349902874902875,0.6910609934430869,0.06450210468249477
0.32801913364413365,0.686844244674614,0.06291094572211449
0.32474723193473193,0.6917171232129216,0.0627178080987013
0.3196423368298368,0.6941364725559254,0.0647794642510984
0.31656468531468535,0.693296924178411,0.06433579746317433
0.30628423659673654,0.6863872121162684,0.06093983628869551
0.29952675796425793,0.6930919908858224,0.0701419743941666
0.289885878010878,0.6910974019417531,0.07261637644090649
0.2819170066045066,0.691934994153298,0.07961218789589623
0.2667212995337995,0.7003972987434193,0.0735468561983008
0.2633452311577312,0.7054022627278441,0.0726072735157242
0.2510375388500389,0.7089871935912311,0.06579827055738653
0.24947503885003885,0.7091758329348,0.0624152959112203
0.24307813714063714,0.71926944971537,0.06423524355710038
0.2356422397047397,0.7135622184199035,0.06295169047225814
0.22887067793317795,0.7174166631249379,0.06778094869164429
0.21679997086247083,0.7255733040342573,0.0731991494236532
0.21513330419580418,0.7256198285759531,0.06875574376549953
0.20842317404817404,0.7372090275316082,0.07434623425477216
0.19213966588966586,0.7300001144558637,0.06614240215054087
0.17877161033411032,0.7348835411412544,0.05452912481384183
0.17030472999222998,0.7572469197469196,0.056648097686457975
0.16176160644910645,0.7883389028125871,0.10746049079829433
0.15066773504273506,0.8180613810741688,0.12969566869095775
0.13040913947163948,0.8160556976413755,0.13250620978309316
0.1166710372960373,0.8215787119856888,0.12820086300819344
0.10327020202020203,0.8533982683982684,0.10823596482342568
0.08287951631701632,0.8341769041769043,0.10626103582985523
0.07610795454545455,0.8212698412698411,0.1121834871746221
0.06265030108780109,0.7893939393939394,0.11953383589888499
0.05472416472416473,0.8621505376344085,0.1239545715478369
0.04946775446775446,0.8666666666666668,0.1130388330520878
0.04003108003108003,0.9045454545454545,0.1171281702429557
0.028671328671328673,0.8862745098039216,0.1426933756757667
0.020085470085470087,0.9692307692307691,0.061538461538461535
0.017055167055167055,0.9636363636363636,0.07272727272727271
0.01383061383061383,0.96,0.07999999999999999
0.01383061383061383,0.96,0.07999999999999999
0.007575757575757576,0.9428571428571428,0.11428571428571428
0.006060606060606061,0.9333333333333333,0.13333333333333336
0.0015151515151515152,1.0,0.0
0.0015151515151515152,1.0,0.0
0.0,1.0,0.0
0.0,1.0,0.0
0.0,1.0,0.0
0.0,1.0,0.0
0.0,1.0,0.0
0.0,1.0,0.0
0.0,1.0,0.0
0.0,1.0,0.0
0.0,1.0,0.0
0.0,1.0,0.0
0.0,1.0,0.0
0.0,1.0,0.0
0.0,1.0,0.0
