recall_ave_seq,precision_ave_seq,std_precision
1.0,0.17206405693950177,0.015960764826753796
1.0,0.17206405693950177,0.015960764826753796
1.0,0.17206405693950177,0.015960764826753796
1.0,0.17206405693950177,0.015960764826753796
1.0,0.17206405693950177,0.015960764826753796
1.0,0.17206405693950177,0.015960764826753796
1.0,0.1732401334425104,0.016999810792014756
0.9885309862988839,0.18366059593751402,0.024462706191661857
0.9582055180816917,0.20650661046518654,0.03599870632785502
0.9273314402464081,0.23333244533112837,0.04797495733227668
0.8888922294786085,0.2578863846550164,0.06247709804984242
0.8696878444778285,0.2909221833122985,0.08009688342923305
0.8403105253868588,0.30509932365081904,0.0863694589638405
0.8290695293480784,0.3197163899431736,0.09095346222548903
0.8159211902745274,0.3346641774281147,0.09477196179818796
0.807999882622852,0.3509901452998677,0.09986612472375467
0.7841157301546128,0.3585175803499771,0.1018618545981998
0.7740419283709155,0.36908756644799184,0.1011401346120136
0.7633954422125468,0.38268472842717055,0.10299631102150307
0.7526983138185538,0.39358358533515087,0.09694382715549284
0.7434029625066472,0.408796172983687,0.09367590074836436
0.7310129390532489,0.4183022853026306,0.08875356432381099
0.719571842927572,0.4345980176939088,0.082846286261942
0.7078083432390909,0.4412735829336901,0.0824435862813142
0.6912343675359438,0.4495154286965395,0.07433167486515366
0.6814455916598664,0.4575548933192364,0.07890867849262412
0.6781441483152886,0.46525590086095636,0.07753879777006445
0.6691686107576389,0.47217581227315275,0.07871900083589209
0.663947366298932,0.4777647524673735,0.0747839514705169
0.656800533762927,0.4825603528689079,0.07254883740594191
0.6505214789350322,0.4872328905337775,0.07067867074973264
0.6474225263308906,0.4931562556461824,0.06929134329755442
0.6444812091947292,0.5008253564930584,0.06667560295002445
0.6357950989602953,0.5048782552222377,0.06694533636793945
0.6316846977599402,0.5095202010865248,0.06820373265523219
0.6263506731057087,0.5142383204713301,0.0644245741237201
0.621291344577632,0.5173591154362767,0.06694300882573903
0.6172578125342381,0.5193893680858275,0.06346454834562835
0.6119902063025567,0.520410101172444,0.06311140195232792
0.6075053310053162,0.5240697979664037,0.06337745055771245
0.6014388343436765,0.5275218991985939,0.06264659106540446
0.5963651579271309,0.5297067775191359,0.062379108375834706
0.5941965042995914,0.5351116118519761,0.06261743012502839
0.590844418719389,0.5411045857652192,0.06671319515066337
0.5867559639777202,0.5432364399987772,0.0690498562735723
0.5836570113735786,0.5459436524180955,0.06502906556010021
0.5807806843615108,0.5486010837032635,0.061561098837335564
0.5755493724769847,0.552695715791553,0.06282466921830393
0.574564150802108,0.5542539028156324,0.06285614256773972
0.5702674183568344,0.5545816474832692,0.06205304666331402
0.5673767434562974,0.5566372302690894,0.06333989120959312
0.5643647274349355,0.558660201626725,0.06119714523240379
0.560266205267448,0.5628856031917935,0.06262424921964065
0.5592953314810402,0.5639566051951875,0.06312483952370829
0.5530711993514201,0.5673504657165301,0.06457112593741694
0.5499722467472783,0.5670664768474168,0.0635277666700107
0.5480161512859938,0.5713192697064015,0.061859724257897854
0.5460963501718645,0.5741964474617394,0.06005568675189812
0.5460963501718645,0.5790810760265155,0.05982509768598473
0.5460963501718645,0.5830394940287158,0.0568648855289188
0.5428354816370924,0.5837237992318659,0.05592915704924245
0.5388525918293228,0.5863499785911775,0.05654131616776254
0.5325696398473699,0.5852488672231233,0.055316028374036576
0.5259566857323954,0.5874585016920136,0.05626282212592665
0.5226958171976231,0.5915037376194497,0.05707198438796951
0.5197688479499307,0.5915807996355529,0.05651131348032008
0.5147357463431907,0.5935578529361518,0.0568024237259531
0.512866587464686,0.5978563729286007,0.051780702314468706
0.5107122817256156,0.6011846574656334,0.051702378138834854
0.508756186264331,0.6017821247637054,0.05193174482540105
0.5056529531975391,0.6049088303582593,0.05040872748291635
0.5034842995699995,0.6079469837612042,0.049458207543860724
0.5025134257835917,0.6097791227209075,0.04803144644347943
0.5003447721560521,0.6114158375528939,0.04909614907728082
0.4981904664169816,0.6126932985645416,0.049006299610401254
0.49628501319132157,0.6154720781281369,0.047514311667833715
0.49200262863451705,0.6154367698848783,0.046695344953572006
0.49106804919526476,0.6200605735391103,0.045043151831021436
0.48870118528993933,0.6231663914398804,0.04599442265916235
0.4854403167551671,0.6230114255123654,0.046292487462037374
0.48124486878114253,0.6249118741306072,0.044132603757462356
0.47621423603000423,0.6265579733197599,0.041978865881656675
0.47409622463808915,0.6284769193057879,0.039713719025551035
0.47198249370882417,0.6288473340515417,0.0376562962474998
0.47007704048316407,0.6279083252660866,0.03695509039198401
0.46718636558262716,0.6287371467745386,0.034934716900589226
0.4624121839151165,0.6278984465866055,0.034763928871800534
0.46142696224023966,0.6305201566301777,0.03254982021466564
0.46024353028757686,0.6315068612994754,0.03208135995725126
0.45811545146984295,0.6319757983918525,0.031222145035997337
0.45714457768343514,0.6346793270911067,0.028561969668810926
0.45404562507929336,0.6391116129860489,0.02541703520162191
0.45191754626155944,0.640758289149181,0.02654425806473522
0.45001209303589923,0.6460662655006466,0.030719760364379286
0.44804164968614557,0.6462157090618549,0.033709347432026186
0.4458873439470751,0.6472067355257437,0.03480256620550693
0.444744486804218,0.6474392421412289,0.0339145506304925
0.4416455342000762,0.6478389429048897,0.03263140090119608
0.43951745538234227,0.647504715770317,0.03235217459752742
0.4362202925004146,0.6496481783705912,0.0320932340813273
0.43507743535755744,0.6514500141248044,0.03435658844344168
0.4321867604570205,0.6525862547395394,0.033150595866272246
0.42696979646096367,0.6529569387836142,0.03410432552409309
0.4248011428334241,0.6527482639918656,0.035055861393526525
0.42051875827661966,0.655399776599469,0.032677180205479835
0.41602381555356016,0.6543026819923372,0.03678518421323482
0.41296115729657384,0.6581102044783197,0.042256366118908824
0.4087049996611059,0.6573454606823403,0.04251228450940486
0.40673455631135214,0.659528518714455,0.044518656963736386
0.40362125581874136,0.6615264536535943,0.04432348534337293
0.39730200948963296,0.6627574901742008,0.043592807399940176
0.3932279026364333,0.663015895487263,0.04152636042369589
0.38916814367170277,0.6618971234295302,0.03984197752600106
0.38916814367170277,0.6654379819814426,0.037400561972810796
0.3848595321935618,0.6653806676585433,0.03420164668936085
0.37881498199060837,0.6655651464125473,0.03266016095931943
0.37689518087647916,0.6706833168688838,0.03536532241327726
0.3727560838991859,0.6695207159907898,0.03586376171210009
0.36768240748264025,0.6689582132034817,0.035842811002258376
0.36674782804338796,0.6742875921676572,0.04088607815144188
0.3636345275507772,0.6748282883728041,0.04444119241140571
0.3571978372549022,0.6772022481833888,0.0450126175375763
0.3529660949337222,0.6847395112231285,0.03931296889367989
0.35084808354180713,0.6846544959908362,0.039014800511331243
0.3498772097553994,0.6895211844084244,0.03385247337826663
0.3475509206598795,0.68914700261383,0.03396625822775604
0.343278603528894,0.6881745830336988,0.03183179849359767
0.34110994990135446,0.6932705163780725,0.03538703335975839
0.33678699053474437,0.6951190507913255,0.03504792160386672
0.33181459858944773,0.6965383963156595,0.03738203784587034
0.33181459858944773,0.6981216445281213,0.037519741808217474
0.32795304990250307,0.7004573144573711,0.03857863579079463
0.3213400957875286,0.6993645796677208,0.03822258077431006
0.31804293290560093,0.7054717797046897,0.03786620667142833
0.3168595009529382,0.704775577173044,0.03753128304131564
0.31133876174519637,0.7059674174279965,0.03550032271832537
0.310404182305944,0.7149572586284914,0.02878292539073523
0.3063706502625499,0.7122070707070707,0.029324719774937023
0.30328176508422705,0.7149035196231457,0.03157955435900574
0.29874624755136203,0.7183781785457664,0.036281079126002966
0.29756281559869935,0.7237013361800042,0.03898008260729141
0.29559237224894563,0.7240969166155579,0.04487312084181211
0.2944495151060885,0.7271458496988741,0.0430045971867038
0.29130998769214117,0.7307463997190025,0.04734132072108805
0.2839387179570139,0.7257308090624579,0.04702081557501152
0.28157185405168844,0.7286153691353368,0.055031257984927875
0.2768787010508431,0.7287145999883083,0.053077877116230576
0.2737898158725203,0.7337509632577405,0.05509247788046878
0.26688755538727554,0.7303476622879608,0.05649881170975674
0.2613668161795337,0.7312824417941688,0.056677056699196426
0.25419375672219224,0.7284205987311658,0.057283732778212755
0.24412600425730985,0.7249305555555556,0.05691496526929397
0.23993055628328536,0.7262806564988704,0.057119190500132234
0.2328224869500375,0.7255307246679119,0.05102825063558719
0.22998245428512507,0.7440179030009538,0.03876049437735048
0.22804070671230953,0.7526683087027914,0.04491576643753117
0.22588640097323903,0.7589670794321957,0.04174256284727159
0.21513292158251468,0.7535868575065493,0.045141023402665195
0.21182141081211797,0.750059879879157,0.04663884517237785
0.20503289287748086,0.7447625978357685,0.043022946783069574
0.19907955971995758,0.742133398814071,0.043436971081823025
0.19428343159376055,0.7446615750749043,0.04412489187968701
0.18479843092936835,0.744735408269891,0.04299995652831525
0.175299082376507,0.7468846283739901,0.0460037253886191
0.1681504382334536,0.7430028084395386,0.04272429916291278
0.15375224878468963,0.7306521739130435,0.03971172513692121
0.1508396274254663,0.7352026958548697,0.04985020794003814
0.13920363912957073,0.7220378904249871,0.039223843824110094
0.13184243682026237,0.7205184571598489,0.020874341182756002
0.12873920375347045,0.7384636206777767,0.029114742064982768
0.11903736446017314,0.7411803011803011,0.026878334611512334
0.10791770954221755,0.7344845938375351,0.05340224903909867
0.09971495644613541,0.7458913308913309,0.07486497969423796
0.0883683954734558,0.7263133008785183,0.10090014895210599
0.07858980797614325,0.7500314977734333,0.08603160849475731
0.06624035933255058,0.741183574879227,0.11694638455350706
0.055231978109600934,0.7496130536130535,0.1224598019997978
0.04554032719506831,0.8355555555555554,0.11975283186939982
0.03599650667834316,0.8461688311688311,0.11557427359561029
0.026106645486024666,0.865,0.12409673645990858
0.0202039545641259,0.8928571428571429,0.13170777796132696
0.014228674947916273,0.8800000000000001,0.16
0.008016421851163677,0.9333333333333332,0.13333333333333336
0.004191167511374389,1.0,0.0
0.003220293724966622,1.0,0.0
0.0020774365821094793,1.0,0.0
0.0020774365821094793,1.0,0.0
0.0,1.0,0.0
0.0,1.0,0.0
0.0,1.0,0.0
0.0,1.0,0.0
0.0,1.0,0.0
0.0,1.0,0.0
0.0,1.0,0.0
0.0,1.0,0.0
0.0,1.0,0.0
0.0,1.0,0.0
0.0,1.0,0.0
0.0,1.0,0.0
0.0,1.0,0.0
0.0,1.0,0.0
0.0,1.0,0.0
