recall_ave_seq,precision_ave_seq,std_precision
1.0,0.17206405693950177,0.015960764826753796
1.0,0.17206405693950177,0.015960764826753796
1.0,0.17206405693950177,0.015960764826753796
0.9962616822429906,0.17814980297944474,0.02501925385057516
0.9915887850467289,0.1895413206801107,0.04601294042859499
0.9869158878504672,0.19446848310877063,0.05461344860402998
0.9743249229080355,0.2117608149283528,0.06346861475323994
0.955348872260436,0.25038326279002254,0.06162917023314343
0.9009643583020545,0.2853468699702962,0.049525275162501874
0.867417051541213,0.3115597970847636,0.05136433844933659
0.8505507137158744,0.3328066665601165,0.05304287411546882
0.834561641977974,0.3575802790833513,0.042356616478296666
0.8124845104283395,0.37731539706165906,0.03867199844170073
0.7976931403295089,0.39264560192185965,0.03724741890404002
0.7776019659609075,0.4036464899622795,0.03466109515807692
0.759533567831787,0.4132308782249958,0.033531367263329726
0.7504187608016301,0.4248965319826077,0.033523652806687405
0.7442266425565154,0.43508154793228143,0.028873146315717618
0.7330401859074176,0.4432824478294347,0.022018215138082116
0.7266397899586982,0.4536917362750672,0.019367983498602297
0.7176499045125793,0.46108136746794537,0.019929758978091926
0.7080960165700352,0.47098820043550954,0.02515606439568541
0.7028790525739784,0.48106545107648796,0.02414681265465175
0.6949839718436396,0.4910148283095951,0.01800690556185035
0.6889900638763107,0.49880830098084444,0.01676302826236845
0.6839307353482342,0.5043644574104947,0.016302434225509033
0.6752489055764506,0.5085726514019145,0.016823069683116802
0.6711528522645644,0.5111710334313073,0.015374827670488747
0.658392635176931,0.5106342603278098,0.0176757963345828
0.654359103133537,0.5172127394980905,0.01760879572309954
0.6482987767436578,0.5188686135248658,0.017519469507476973
0.6461444710045873,0.5233927445274021,0.015622296676895901
0.6428473081226598,0.5266202981718732,0.016650447556080306
0.6407698715405502,0.5332101306843636,0.01844781368123595
0.6365280617935513,0.5347541891621993,0.017595005338943395
0.6310478973956151,0.5363241820704738,0.018427810108698556
0.6279995870270978,0.5403689672900199,0.01844450059614446
0.6260434915658133,0.542567599329346,0.017136773720083362
0.6225337705176306,0.5465910611787006,0.017881752337365615
0.6183282551177871,0.5505487119007215,0.020018392439633284
0.6153869379816257,0.5541432388817521,0.022198048772245703
0.6121666442566591,0.558156635260422,0.02580160659786397
0.6099979906291195,0.5607271608552347,0.026739733448220837
0.6060151008213499,0.5629863195183636,0.028112426090754875
0.6027035900509532,0.5690606823264845,0.03226336325830964
0.5986700580075592,0.5727860585365581,0.03389998218777146
0.5954091894727869,0.5729408417496196,0.034317036171128176
0.5891926559133842,0.5737344002198604,0.03327947781852691
0.5861080511977115,0.580024468833438,0.030729591019206245
0.5830597408291942,0.5821049584217496,0.029695914947857584
0.5799202134152469,0.586196566978471,0.030212187190905293
0.5768169803484551,0.5873637140445698,0.03169483262998607
0.5737543220914686,0.5873490864735805,0.03203211198431735
0.5695588741174441,0.5912969987579701,0.03337205112884594
0.5667044935640625,0.5950135143799363,0.031022692213744207
0.5647483981027779,0.5996060823675348,0.02913100177039373
0.561645165035986,0.6017100869338139,0.028921855484591315
0.559517086218252,0.605055599434685,0.028342811015482878
0.5545346268471366,0.6048323781588942,0.03045140051447681
0.5533917697042794,0.6056939235131914,0.03019253329735841
0.5514863164786192,0.6077851727672886,0.0316652470413177
0.5495302210173347,0.6089116285516114,0.02983676707490754
0.5485593472309269,0.613550447264406,0.025196242845624044
0.5440644045078675,0.6144478689451534,0.026401262312501728
0.5395694617848081,0.6138943263729928,0.028616741760713153
0.535550277629883,0.6145178840932342,0.026389153245679576
0.5333816240023436,0.6187435423645965,0.02352448660440304
0.5310553349068237,0.6206516877090662,0.023161398585288765
0.529099239445539,0.6223151847333253,0.022105672066670773
0.5251163496377694,0.6247879352798312,0.022319368922490385
0.5220173970336277,0.6300985322293262,0.02317870930022486
0.5208339650809649,0.6318288369235172,0.021782774875511914
0.5208339650809649,0.6363192251442892,0.02233429738733772
0.5165110057143549,0.6351679319811523,0.02161124436021563
0.5155401319279471,0.6395170156007294,0.021723643445860318
0.5112534669084925,0.6413011834523501,0.02268449411762288
0.5059596337554746,0.6420954636225065,0.02061220187961032
0.5049744120805979,0.6440322596727628,0.01987974193146117
0.5017034761200068,0.6442996099115241,0.023168937600650207
0.4966847224017357,0.6435063151789122,0.023478466412707726
0.49380839538966786,0.6452523021245057,0.02169635941199823
0.49380839538966786,0.6498856538639464,0.02435097445733102
0.4897242211106493,0.6525905267273162,0.024402831273738303
0.4858483245352355,0.6563622839064578,0.027404068555770513
0.48373459360597054,0.6578814607623652,0.0299841399727079
0.48084391870543364,0.6573085290611731,0.02958837266193891
0.47970106156257647,0.6607147366078224,0.029152520427265658
0.4777449661012919,0.6629165510983693,0.0308713103656149
0.47117258679612295,0.6605608456343719,0.031696572831034685
0.4700297296532658,0.6625320371574916,0.033475878216049554
0.46710276040557347,0.664884028696602,0.03473473596660184
0.462834723737238,0.6666849667729003,0.03219040191015937
0.4619001442979857,0.6673808815824873,0.030705616577976762
0.4558699419835014,0.6702770292924353,0.03105754215116876
0.4530155614301199,0.6720473737251995,0.0327015065430059
0.4518727042872627,0.6794604839954841,0.03698844445062539
0.44857126094268496,0.6809008367369762,0.03605094736638356
0.4454317335287376,0.6848474202935488,0.040092907978271614
0.4402510638798362,0.6841637886108247,0.042211740391009486
0.43309663277361404,0.6859931763930108,0.04029611031905745
0.43000774759529126,0.6921116182679304,0.03778826115755929
0.42588299850646705,0.6963477811877488,0.035916266459774034
0.4249121247200593,0.7020512081831155,0.03614012436638394
0.4230066714943992,0.7033570280104934,0.03370836233649284
0.4189469125296686,0.710083112290009,0.034601037980104166
0.4148728056764689,0.7120098109845001,0.03530847195242145
0.41291671021518433,0.7181344133944657,0.04074271881751965
0.4088831781717902,0.7243677010343677,0.04722163749090782
0.40211660669583943,0.7249772369538767,0.04521945638297066
0.39668708453352763,0.7299603098099339,0.04675608991823036
0.39264927202748345,0.7375386954155649,0.05211780163545818
0.3884031818178344,0.7412215717252308,0.05245470607053822
0.3839183065205939,0.7456472836902581,0.053176815291844724
0.38065743798582163,0.7495820713068279,0.05159634319425844
0.37332674306049995,0.7563640503586074,0.04901484862980347
0.36824546807373715,0.7599349075681973,0.048294943841800136
0.3609266521812828,0.759800476803165,0.05437006928882186
0.35780147265580453,0.7633403646952058,0.04936811423994524
0.3505214199661073,0.7659927124494054,0.04755166763126265
0.34844398338399785,0.7693316002993422,0.05424949812085096
0.3443555286423291,0.769118283336511,0.05285456537413587
0.3386771539666069,0.7730335752730499,0.04614378699595524
0.33231733282769294,0.7780540124345912,0.04370987819963665
0.3271873054144161,0.7786039608613786,0.04526794732487468
0.3190027973608613,0.7786844901848406,0.04519018741528839
0.31165775454707056,0.7817145270695554,0.04760048245459462
0.30091245277305456,0.7854080488861762,0.048504003312548456
0.2968239980313858,0.7893574657064729,0.0429357278910998
0.28544789202980253,0.7885185333748412,0.03925532971331335
0.2791024187793577,0.8056351734624755,0.05169494735006596
0.2739260295931064,0.8055343413162639,0.04987368827181284
0.2664233513113353,0.8064798150180017,0.047878084336599305
0.255345699501642,0.805730916341062,0.05749219729352985
0.24815829215583146,0.8156373852407496,0.05856484245445604
0.23848267978387067,0.8178987925419678,0.053008850383924826
0.2234870073375555,0.8295706444093541,0.06431579623037109
0.21374887369710277,0.8479818502290412,0.07339591335330947
0.2043221138385523,0.8636883116883116,0.08240775418044058
0.1918613914999537,0.8607762636850687,0.08089278207314891
0.17753968789955887,0.8577271105533819,0.08105117869965799
0.16652728856960514,0.8709203826650634,0.0808946062590382
0.15516884856405816,0.8740709617180205,0.07604156462694628
0.13957287927416234,0.8664786585365853,0.07768601982011164
0.1316085279570798,0.8847410976071586,0.07652148535872529
0.11744056267060696,0.882729716520039,0.07370246738382755
0.1115116448273717,0.8949953781850333,0.06436432195152464
0.09972061087204327,0.89400109469075,0.06318429075794817
0.08947054526924643,0.8842192691029901,0.06740593704001462
0.08326835959831276,0.8979760979760979,0.054795386397266506
0.07108271669446105,0.8941946941946941,0.05502916676977186
0.05932608727717752,0.9085714285714286,0.07751234266428877
0.04968507859826941,0.9098327759197324,0.08427605230844543
0.041811944326616945,0.9364705882352942,0.08204986246664796
0.03069656987131151,0.9375565610859729,0.09141615420216755
0.02491522007023761,0.938961038961039,0.08432562639349572
0.017214069155034522,0.9377777777777778,0.0812251861444314
0.016279489715782185,0.9527777777777778,0.05800170282728085
0.011570298172365073,0.925,0.1
0.007759391721044865,0.9,0.2
0.005803296259760252,1.0,0.0
0.0028906749005369508,1.0,0.0
0.000970873786407767,1.0,0.0
0.000970873786407767,1.0,0.0
0.000970873786407767,1.0,0.0
0.0,1.0,0.0
0.0,1.0,0.0
0.0,1.0,0.0
0.0,1.0,0.0
0.0,1.0,0.0
0.0,1.0,0.0
0.0,1.0,0.0
0.0,1.0,0.0
0.0,1.0,0.0
0.0,1.0,0.0
0.0,1.0,0.0
0.0,1.0,0.0
0.0,1.0,0.0
0.0,1.0,0.0
0.0,1.0,0.0
0.0,1.0,0.0
0.0,1.0,0.0
0.0,1.0,0.0
0.0,1.0,0.0
0.0,1.0,0.0
0.0,1.0,0.0
0.0,1.0,0.0
0.0,1.0,0.0
0.0,1.0,0.0
0.0,1.0,0.0
0.0,1.0,0.0
0.0,1.0,0.0
0.0,1.0,0.0
0.0,1.0,0.0
0.0,1.0,0.0
0.0,1.0,0.0
0.0,1.0,0.0
0.0,1.0,0.0
0.0,1.0,0.0
0.0,1.0,0.0
0.0,1.0,0.0
0.0,1.0,0.0
0.0,1.0,0.0
