recall_ave_seq,precision_ave_seq,std_precision
1.0,0.17206405693950177,0.015960764826753796
1.0,0.17206405693950177,0.015960764826753796
1.0,0.17206405693950177,0.015960764826753796
1.0,0.17206405693950177,0.015960764826753796
1.0,0.17206405693950177,0.015960764826753796
0.9990654205607477,0.17250294414806328,0.016480407352639344
0.9685340453938585,0.19420929186245797,0.05452488020403735
0.9121991004186812,0.238599977858399,0.06735313442858588
0.8230946978068328,0.2911140300216858,0.04560867974163332
0.7841800495944634,0.32312535844139273,0.033800769593008456
0.7482861347328802,0.34499667816872215,0.04037867326234324
0.7289145127816745,0.37384627696624506,0.034822089027815174
0.7161726616895142,0.38992838502071814,0.035689476654612085
0.6892264300107798,0.4135440450039901,0.030202480499991143
0.6699747208819424,0.42731774009847134,0.02541644163279442
0.6502917251488345,0.4387135372819575,0.02484443342969488
0.6300546733921745,0.4468277208963958,0.026499190520905602
0.6092431684046784,0.45600192944293944,0.02311620214785443
0.5944702425033831,0.464923221102147,0.017213264030489017
0.5801604179358556,0.47748575713302877,0.013299212107988618
0.5677111913215326,0.48982459547240176,0.014715958427379975
0.5601172959943314,0.5020957940075197,0.017501436820311744
0.5462142217638407,0.5083458151525961,0.019003481687861767
0.5406934825560988,0.5136689831434392,0.02292076740377949
0.5356603809493589,0.5203117115410111,0.023067341225811385
0.5283196185982181,0.52649931117453,0.021934415399850887
0.5185427217550084,0.5308660691177792,0.020505570909560945
0.5131031321668775,0.535847677500542,0.019791982788117904
0.5058087315887113,0.5379622397568008,0.018184422766708334
0.4985100505478949,0.5433150416736124,0.018438250296140903
0.4944765185045007,0.5480917413420141,0.01675607358268885
0.48928578142978046,0.5541617622028147,0.01722820270691045
0.48326992700376525,0.5570773973090478,0.016064125161426468
0.4791857527247466,0.5594707728554096,0.0145388313550725
0.475111645871547,0.5677579716496448,0.012893565536409132
0.4688588179649888,0.5717242530267714,0.019555579313219995
0.46335242664571596,0.5718515342130696,0.021216425082481557
0.4589487009680867,0.5745742058337479,0.02504956135181045
0.451709223088195,0.5784572724208721,0.023325397614470066
0.44883289607612714,0.5890160677959775,0.01890614409340213
0.44076155152668883,0.5871739400935633,0.016820059492940014
0.4386841149445794,0.5926795783855733,0.02134705429714242
0.4365298092055089,0.5974576087168544,0.021142285061716955
0.43297951334752066,0.5998395285704801,0.024417000627418892
0.4280964486385437,0.6003697900167032,0.023564900587994833
0.4233509627479711,0.606088792400537,0.01760366642106365
0.4200495194033934,0.6105818135210697,0.017012484899396118
0.41812971828926415,0.6138812217416472,0.01733592448559557
0.41289840640473835,0.6132992882833379,0.019962607060163135
0.4077726594541116,0.6149713396089724,0.022483087692153222
0.40662980231125445,0.6173015183339464,0.02363629799724755
0.39929482692328255,0.6169878608373176,0.022620326165115924
0.3954476261248069,0.6217836991518494,0.016778561375706377
0.39119146848933894,0.6223168195859359,0.017121470410714622
0.3889057542036246,0.6288530087002858,0.015646899121200434
0.3829017788104768,0.630583307295832,0.017688599850726162
0.3777918080467758,0.6282440735365263,0.02001284711226281
0.37375827600338174,0.6340679140679141,0.028308902646217198
0.3687276432522434,0.6320712994287616,0.025959675142894642
0.36640135415672354,0.6320715023016958,0.027687179872892147
0.3633124689784007,0.6320190897216728,0.025980520731267755
0.3633124689784007,0.6386775445474875,0.027867043883149145
0.35941462594430057,0.6370071341553076,0.02813081665485998
0.3584800465050482,0.641213764043991,0.026487311317004908
0.3515414916726481,0.644679660169915,0.028582660612941672
0.34840196425870074,0.6478755810829653,0.02743369211807896
0.34419644885885725,0.6504645452013873,0.024402119012546717
0.3374301397385526,0.6533655426668934,0.026134259245333354
0.33242573390875074,0.6531112583266299,0.029719264274209522
0.3275789635469292,0.6551125381747688,0.028045607703631733
0.32355549892935404,0.6612892036124796,0.032455033789852664
0.32025405558477626,0.6688746388153444,0.03489772267991394
0.3179277664892564,0.6756961728699992,0.03980397023576421
0.31247201740560815,0.6814817075510458,0.04285220122395886
0.3054709413047161,0.6786041155645803,0.04776678045060381
0.3021737784227884,0.6830726438520932,0.049650678774143225
0.3021737784227884,0.6886643442213565,0.047754792248852575
0.3000600474935235,0.6951530894105293,0.056061435464815845
0.2959051743293045,0.6970148904104762,0.05616976225589716
0.29353831042397915,0.7011095828407957,0.05809507369938461
0.2902005727322459,0.699127069902575,0.055580448092846686
0.2880319191047064,0.6992335317092658,0.05428395638003049
0.28496926084772,0.7016741153390196,0.054164809945127616
0.2811583543963998,0.7018831563633205,0.054146950478196454
0.27639852061735815,0.7011884723737226,0.0620125108369506
0.2711916240471203,0.7025794286185894,0.06618662829409715
0.26803774874470393,0.7033568928087519,0.06704329178468413
0.26588344300563344,0.7109444444444444,0.06069501924830427
0.26474058586277627,0.7208282565596466,0.05440655934394117
0.261615406337298,0.7249180541350686,0.05129185181938347
0.259497394945383,0.7254353233830846,0.050801324879764395
0.25721168065966865,0.7284306999307,0.048363264467822666
0.25513424407755914,0.7317574560013769,0.05397762504561339
0.25208165324639176,0.7415703427732738,0.04892549040598341
0.2497959389606775,0.7450084841464216,0.05427282062199101
0.24762728533313796,0.756262388232584,0.05044200021941285
0.2427461104332714,0.7569762301466502,0.04816116944582174
0.23968345217628512,0.7630999079373973,0.056964514072418614
0.23368954420895624,0.7581972241392532,0.05926305946264509
0.22987863775763606,0.757279232652367,0.058523711108583246
0.2237977932075273,0.7611631701631703,0.06555146945584303
0.219384000104079,0.7618006993006994,0.06280337393946174
0.21411639387239764,0.7636146933132227,0.05986825583285407
0.2100828618290036,0.7643406058142901,0.07050762516984557
0.20697962876221165,0.7647997743340208,0.06771780290624954
0.2020115172795652,0.767041806494431,0.07896177097785512
0.19485280571069288,0.7735628126734436,0.0889595036649868
0.1900347311258095,0.778091548973902,0.08931486285821333
0.18375177914385651,0.7742428349638976,0.09143073026151838
0.17849424033799413,0.7789429866867803,0.09308573058660669
0.17015969538667636,0.7802115205056381,0.09518329469021193
0.1690168382438192,0.7894902486100308,0.1007912711918942
0.16617680557890674,0.7869870041256543,0.10133478952478348
0.16088297242588892,0.7864404846022492,0.10515741538090413
0.1556254336200265,0.792404807084124,0.11040954267319966
0.15269846437233417,0.795595238095238,0.11899775146030159
0.14311406904580343,0.7912574962518739,0.12093530900216574
0.1354089000235963,0.7864864158829675,0.11762655296646814
0.13096887999881152,0.789643080032096,0.10853221302452985
0.12904907888468234,0.7911009245131964,0.10527546267635995
0.11919388458605487,0.7963682170542636,0.09584680233924725
0.11162868503579185,0.7981876198256173,0.0917927511980115
0.1072249593581625,0.8150080242185507,0.08281276532350806
0.09959048922115572,0.8083272283272283,0.07657051986325261
0.09332188512767185,0.8148366013071895,0.06853825513861786
0.09025922687068552,0.8221101774042949,0.07061417670828062
0.08495104582919863,0.8564224200846592,0.09150961971242381
0.08047045099460828,0.8675044563279858,0.09509892630064366
0.07736721792781638,0.8745887445887446,0.09042994737790236
0.07114308579819635,0.8756643356643357,0.08273102628492514
0.06541237823274697,0.9036363636363637,0.057668187371468005
0.060422320291414186,0.9149828594474692,0.07903035302012228
0.052264039159195905,0.9226851851851852,0.07263651354613034
0.048058523759352434,0.9137820512820513,0.07960340964486032
0.03813236821987851,0.8980952380952381,0.09280706830537015
0.029039507648407896,0.8789473684210526,0.11208178652129923
0.025264895544243122,0.9527777777777778,0.05800170282728085
0.02102308579724422,0.975,0.049999999999999996
0.01635018860098254,0.9636363636363636,0.07272727272727271
0.013301878232465291,0.96,0.07999999999999999
0.010425551220397422,0.9555555555555555,0.08888888888888888
0.006578350421921786,0.95,0.09999999999999999
0.0056437709826694495,0.9428571428571428,0.11428571428571428
0.0028400326649124395,0.9,0.2
0.000970873786407767,0.8,0.4
0.000970873786407767,0.8,0.4
0.000970873786407767,0.8,0.4
0.000970873786407767,0.8,0.4
0.000970873786407767,0.8,0.4
0.000970873786407767,1.0,0.0
0.000970873786407767,1.0,0.0
0.000970873786407767,1.0,0.0
0.000970873786407767,1.0,0.0
0.000970873786407767,1.0,0.0
0.0,1.0,0.0
0.0,1.0,0.0
0.0,1.0,0.0
0.0,1.0,0.0
0.0,1.0,0.0
0.0,1.0,0.0
0.0,1.0,0.0
0.0,1.0,0.0
0.0,1.0,0.0
0.0,1.0,0.0
0.0,1.0,0.0
0.0,1.0,0.0
0.0,1.0,0.0
0.0,1.0,0.0
0.0,1.0,0.0
0.0,1.0,0.0
0.0,1.0,0.0
0.0,1.0,0.0
0.0,1.0,0.0
0.0,1.0,0.0
0.0,1.0,0.0
0.0,1.0,0.0
0.0,1.0,0.0
0.0,1.0,0.0
0.0,1.0,0.0
0.0,1.0,0.0
0.0,1.0,0.0
0.0,1.0,0.0
0.0,1.0,0.0
0.0,1.0,0.0
0.0,1.0,0.0
0.0,1.0,0.0
0.0,1.0,0.0
0.0,1.0,0.0
0.0,1.0,0.0
0.0,1.0,0.0
0.0,1.0,0.0
0.0,1.0,0.0
0.0,1.0,0.0
0.0,1.0,0.0
0.0,1.0,0.0
0.0,1.0,0.0
0.0,1.0,0.0
0.0,1.0,0.0
0.0,1.0,0.0
0.0,1.0,0.0
0.0,1.0,0.0
0.0,1.0,0.0
