recall_ave_seq,precision_ave_seq,std_precision
1.0,0.17206405693950177,0.015960764826753796
1.0,0.17206405693950177,0.015960764826753796
1.0,0.17206405693950177,0.015960764826753796
1.0,0.17206405693950177,0.015960764826753796
1.0,0.17206405693950177,0.015960764826753796
1.0,0.17230678390756907,0.015634684374765884
0.9964497041420118,0.17757737149068678,0.011928600519026332
0.9828984575502833,0.19478527885156643,0.01559520313494829
0.9474974514070178,0.21789335837820317,0.022760166178334273
0.9163121490423606,0.24622062448562682,0.0335313557418024
0.8981901738786403,0.28424605648110574,0.04554886290404238
0.8751579447295237,0.31281552634807497,0.04639550530345539
0.8516769621351081,0.34492549721624394,0.044727457173752753
0.8261911316528938,0.3754340205576743,0.044942613083004686
0.8065573498569536,0.3931645843598654,0.043081805450222214
0.7942886675243803,0.40855915573173396,0.04401114767323227
0.7737995660996886,0.4273562341748286,0.03691568609776175
0.756918618030235,0.438993789411518,0.04179188523841294
0.7454225992062835,0.45422528741742124,0.03805219097402403
0.7347718325852648,0.46559502650129064,0.03286901831920693
0.7189267484263124,0.47219107936917937,0.03036113510925933
0.7105989527932464,0.48040439376705785,0.02938203928412868
0.7013484567537954,0.4857806661791533,0.028760592945282357
0.6939771870186682,0.49612471637941946,0.02637849176764959
0.6804949486580374,0.49870226797649664,0.02527601730266383
0.673871927117244,0.505649199404251,0.02595361580982063
0.6641499529723088,0.5105353561875555,0.028559955471256778
0.6569000243580063,0.5164957848309818,0.02440313273820658
0.6547862934287415,0.5223113095801987,0.02559464441461183
0.6515254248939693,0.5265110807711,0.025991358191674547
0.6403838235173273,0.5300149365603379,0.026184269922033817
0.6300529916035111,0.533538682572561,0.028958772466570023
0.6239721470534023,0.5377490677230929,0.026038128234092687
0.6199242671215393,0.5426003072215837,0.026969254764601217
0.616875956753022,0.5471834354508688,0.027191590945930894
0.6128280768211588,0.548920100319837,0.025831817877769118
0.607625460713571,0.5522179137363336,0.023778518070666856
0.6066545869271633,0.5556936780975663,0.025470463066246403
0.600624384612679,0.5572754773306143,0.023202592783806722
0.596605200457754,0.5588597515677676,0.024127676275601598
0.5956343266713462,0.5637746996009185,0.025893251791435548
0.5882892838575554,0.5628979111928385,0.02844893896299363
0.5861612050398215,0.5661081461019888,0.031087194960763054
0.5841907616900677,0.5698925804515381,0.030317786187698627
0.581077461197457,0.5729709085641289,0.030829793801281473
0.5758604972014,0.5734970996841668,0.03018101466619909
0.5758604972014,0.5752541082477141,0.02930589320164198
0.5698928161554078,0.5784443457553234,0.033649442888018063
0.5669658469077155,0.579768612672878,0.03340436039982925
0.5638769617293924,0.582786771538198,0.032604698483731064
0.5608143034724062,0.5845599964551578,0.0357913270359519
0.5570396913682414,0.5869896439527278,0.03422176174225689
0.553977033111255,0.5920620384717815,0.03565456420261454
0.5520065897615013,0.5928667264973922,0.03656541978165933
0.5520065897615013,0.5950040537337725,0.036222480134992255
0.549093968402278,0.5956867640939023,0.03633699144281977
0.5470165318201686,0.5966302824245938,0.03757077205678225
0.5470165318201686,0.6013995928196103,0.03736050849590951
0.5450967307060394,0.603291320657102,0.034865648897785276
0.5441115090311625,0.6056227477456734,0.03412852943891412
0.5408100656865847,0.6064235514873765,0.032589901273947196
0.5398248440117079,0.609540901194797,0.03565951737856794
0.5369122226524846,0.6120059576273631,0.03379265726336097
0.5326661324428356,0.6106622874686458,0.03425355514350622
0.5265246564333455,0.6095557454451157,0.03091593596727123
0.5235689914087148,0.610343738634841,0.02857316368607494
0.5206926643966469,0.6129927147637755,0.031059090897815552
0.5187872111709868,0.6138360756966341,0.030738946314375112
0.5164203472656614,0.6149853333933719,0.029065083418151262
0.5143066163363964,0.6166139144864452,0.03135871729876385
0.5143066163363964,0.6166139144864452,0.03135871729876385
0.5110457478016243,0.6171162314563242,0.03203837991377215
0.5101111683623719,0.6187237817262949,0.03154278016513854
0.5069716409484245,0.6189089422567281,0.03246594752557063
0.5040809660478877,0.6201888542621791,0.035215005806811986
0.5010326556793705,0.6230882828934325,0.03539462237429564
0.4981276328903643,0.6226499488870294,0.03717335326648125
0.49698477574750727,0.6237075081232036,0.037836580697164786
0.4939727597261454,0.6257501338102991,0.04030015761727314
0.48912598936432383,0.6259042740226699,0.03788195158294018
0.488155115577916,0.6289461423039864,0.03567319169326283
0.486249662352256,0.6302358026250017,0.03535743414092913
0.4852644406773791,0.6336360860235963,0.03418764420682772
0.4799824865572287,0.635355503070885,0.03345046202047704
0.47468865340421085,0.6369821259231809,0.030149079519682057
0.4694759698708042,0.6384908178607267,0.027126321208679985
0.4694759698708042,0.6410347804939353,0.02703879693631728
0.4694759698708042,0.6419498131736738,0.026299137242830933
0.46755616875667505,0.6446774290341214,0.028114569666194973
0.4652298796611552,0.646505024295891,0.027917612569783964
0.4600129156650984,0.644927367096873,0.027071643719522604
0.45789918473583346,0.6452714032505245,0.026140238987178537
0.45675632759297635,0.6496006413912481,0.02925973086515367
0.45582174815372395,0.6491722448184205,0.02950375522660483
0.45488716871447166,0.6507422183455889,0.03213148557092278
0.45488716871447166,0.6527627360317814,0.030380060480755266
0.45277343778520673,0.6534298843052808,0.031232231345981
0.44864868869638264,0.6577184749366531,0.03239180452563774
0.44672888758225343,0.6566976052080912,0.033150453808712815
0.44558603043939626,0.6593072159068283,0.03583397289642733
0.44341737681185667,0.6627232306521625,0.03641059755215552
0.4395414802364429,0.6651549806811338,0.0343292401115372
0.438556258561566,0.6670190729605138,0.038130926027982105
0.438556258561566,0.6705666432239513,0.03846154087883796
0.4354936003045797,0.6713482793289982,0.039128191618555956
0.4343507431617225,0.6728999627709683,0.03923053740134605
0.43130243279320535,0.6720998247729678,0.03861498624935293
0.4281991997264134,0.6746761590171382,0.0388167326641679
0.4240887985260583,0.6726117427957246,0.0379964527515777
0.4229459413832012,0.6742049995049915,0.037992877313609855
0.42196071970832427,0.6756834563091028,0.03975713731118536
0.42081786256546716,0.6783134467394967,0.040165773634072366
0.41866355682639667,0.6773567807563963,0.03904544171011738
0.4175206996835395,0.6811975190479304,0.04069225273591034
0.4132746094738905,0.6816845010609127,0.04281446556717514
0.4111608785446256,0.6819578583648329,0.04524868935732273
0.40590333973876314,0.6807762011018915,0.043692579380820815
0.40160660729348957,0.6794057361078638,0.043343336539019735
0.3985177221151668,0.6816217473304147,0.04134787581578343
0.39623200782945245,0.6801416363220891,0.04223357183917238
0.39524678615457565,0.6857328340326551,0.042007120238815254
0.3921984757860584,0.6857057375505814,0.04118734085421369
0.38908517529344755,0.6873443614150536,0.03947573927482371
0.38481713862511213,0.6864195118935378,0.03784053703286703
0.3825314243393979,0.6863374100872981,0.03790862820189784
0.3796264015503919,0.6858720857025106,0.03832290963254317
0.3753803113407428,0.6888350689866877,0.03608680515243706
0.37419687938808005,0.6915249150340843,0.03668115381043136
0.3699651370669001,0.6954816318946755,0.03798938545934459
0.3646856518023514,0.6956115181115181,0.034875687652836856
0.36371477801594365,0.698651248598371,0.03374185306324721
0.36057525060199624,0.7015281790618869,0.03260608245998955
0.3576989235899284,0.7037174078190768,0.03110615921969775
0.3541892025417458,0.7129604335101304,0.033738954589981905
0.3522837493160857,0.713796576595797,0.03756492049400439
0.35031330596633203,0.7123166611623932,0.03891702057473982
0.34705671789420994,0.7136186673813473,0.041328285676231806
0.3439171904802626,0.7178584324961136,0.039413881064152625
0.3389085041878106,0.7166713338793127,0.03855141717111988
0.3389085041878106,0.7223435283301074,0.03702541019105238
0.32940487517229916,0.718936959542201,0.0351008704969674
0.32168963872427314,0.7269615840294943,0.037137429219717584
0.31837812795387643,0.7258175799829016,0.03619138070874764
0.31244921011064114,0.7249520909076018,0.036727589616242826
0.3081668255538367,0.7258756632612655,0.040240849333407304
0.3021872654749769,0.7269968588739143,0.0460303438105467
0.2937195003699668,0.7239180358231492,0.042159905684467536
0.29057997295601945,0.729739072921677,0.046182761590438694
0.2874767398892275,0.7357492795742587,0.04577340954965037
0.2834169809244969,0.747760454543089,0.06141587844856462
0.2757017444764709,0.7539093766468111,0.069787636657656
0.27053970317868875,0.7587174997081436,0.07620217300667467
0.26261164620876165,0.7596155947081165,0.08995423704303246
0.25392125551167766,0.7658776799213101,0.09338296080255434
0.2529360338368008,0.768237353042046,0.09111009809105787
0.2444582013059718,0.7688564377314048,0.09558335701581887
0.23780467238119168,0.7733211987497702,0.10045361301657356
0.23263835062075938,0.7759007304088169,0.09607534443767873
0.22724940326825321,0.7767292021413404,0.09985695149387239
0.22321587122485914,0.7809467725257199,0.09815496336156734
0.21382968617611428,0.7823672546251814,0.09590818005147282
0.20534757318263513,0.7917717108811063,0.09183601039987632
0.19289691826985544,0.7931116770420675,0.07954423772023522
0.18164975195931435,0.7849051913305956,0.08073194427894254
0.17373630523350242,0.783597530211928,0.07195635797449226
0.16733590928478287,0.7942297194016814,0.09590014489033008
0.161342001317454,0.7893600851739585,0.0981576988042455
0.152839753472337,0.7877568252181255,0.10092007671267517
0.1433910471551002,0.7811363636363635,0.09670904837051676
0.13511142490205708,0.7827791420543793,0.09603193725730604
0.1283592013145754,0.8065603569362969,0.07026615540136268
0.1161960839159012,0.8091927022159581,0.0677646103935612
0.10497514452669658,0.8228471225888729,0.06325206972399645
0.09486076793319369,0.8386714636714636,0.06647159213380706
0.08469004034295953,0.8247248403770143,0.06844552477588622
0.0754715581880139,0.8446969696969697,0.09796599923661227
0.06863000736421264,0.8495126378997346,0.08570888883820059
0.05416833429187371,0.8773333333333333,0.11040128823725041
0.0449092773271225,0.8400000000000001,0.14966629547095767
0.03902093429369281,0.8405228758169935,0.1554731478317007
0.035932049115369985,0.9102564102564102,0.12973446810947198
0.026317846404289524,0.945,0.0678232998312527
0.0175894707059474,0.9083333333333334,0.1301708279317776
0.012548770528990108,0.9833333333333332,0.03333333333333335
0.008737864077669903,0.9800000000000001,0.03999999999999999
0.007766990291262136,1.0,0.0
0.0048543689320388345,1.0,0.0
0.000970873786407767,1.0,0.0
0.0,1.0,0.0
0.0,1.0,0.0
0.0,1.0,0.0
0.0,1.0,0.0
0.0,1.0,0.0
0.0,1.0,0.0
0.0,1.0,0.0
0.0,1.0,0.0
0.0,1.0,0.0
0.0,1.0,0.0
0.0,1.0,0.0
0.0,1.0,0.0
0.0,1.0,0.0
0.0,1.0,0.0
