recall_ave_seq,precision_ave_seq,std_precision
1.0,0.10693950177935943,0.008651420484799444
1.0,0.10693950177935943,0.008651420484799444
1.0,0.10693950177935943,0.008651420484799444
1.0,0.10693950177935943,0.008651420484799444
0.9903846153846153,0.12771987798678192,0.034686249898172365
0.9208333333333334,0.17740980270930978,0.07350157653608932
0.783779865967366,0.28398691450770924,0.052724848866803085
0.7102559246309246,0.34381528362915426,0.038078301190715105
0.6737954059829059,0.37684563744104327,0.02318611796437203
0.6290947940947941,0.4004727321235115,0.022225425017509157
0.6055035936285936,0.4167123415788098,0.018400152210587283
0.5772054681429681,0.42531448979137554,0.022492923922677908
0.5505096639471639,0.43509609713365477,0.03171645629687172
0.5321756021756022,0.4435583900007264,0.03205145738157453
0.5152323717948718,0.45068891657987403,0.03314086271165487
0.4986023698523698,0.4514707923419194,0.032293380265572325
0.4866210178710178,0.4548002547755319,0.03036517520362795
0.4832449494949495,0.46576333556357463,0.02711358804542737
0.4798261460761461,0.47362125612542794,0.03501331102271244
0.46625437062937064,0.47654690042771913,0.0328632878827821
0.45100111693861694,0.47584569170156465,0.029168292740406054
0.4447416472416473,0.47969946213711295,0.029968318673460125
0.439442501942502,0.48513525959180626,0.03155685673223273
0.437880001942502,0.49177309177309175,0.026746455394781533
0.4279834401709402,0.4942040980499264,0.023229825212817447
0.42439369658119663,0.49647296538492497,0.019510057464701983
0.4178972416472416,0.4993902130703427,0.023687546347415576
0.4131529234654234,0.5083511426384562,0.023103919812105328
0.4096673465423466,0.511851135599531,0.019553301680288977
0.4047139665889666,0.5163077269596087,0.01841500307346481
0.39836441336441336,0.5193616667156186,0.01769465769159899
0.3904950951825952,0.5175243644301368,0.018808819611134103
0.38664894133644134,0.5188132403416524,0.018312555316335646
0.38149669774669775,0.531432067154344,0.026051452389649704
0.3711120823620824,0.5276952719344358,0.01965462762477196
0.36918900543900546,0.5365660630449363,0.02184586317089206
0.3623747086247086,0.5339812992579993,0.018734282514223648
0.35874222999223,0.5368814333448336,0.019544868085081015
0.35722707847707846,0.5416579588993382,0.022548816091395325
0.35722707847707846,0.5442058457950513,0.02145033983348575
0.3540025252525253,0.5521106585241606,0.024878884115394045
0.3540025252525253,0.5577225425637176,0.027587059972095034
0.34885489510489515,0.5593467035257844,0.025330675330751777
0.3419978632478633,0.5593405213744196,0.028115807278295657
0.3383653846153846,0.5600190918019239,0.029540755667201053
0.3383653846153846,0.57094052706624,0.032551179130076734
0.333573717948718,0.5742825027965215,0.03425310035459552
0.33024038461538463,0.5777198627198626,0.029605894004031394
0.326607905982906,0.5769825050646968,0.025167712705384704
0.325045405982906,0.5840379200775917,0.026963009570886803
0.3233360042735043,0.5946765074517402,0.03547538197023616
0.32177350427350426,0.5992183742183741,0.034992173406072885
0.31313568376068374,0.5947536450477626,0.03585184790201465
0.31005803224553224,0.6014615594258732,0.04505869363548596
0.3064255536130536,0.6073593073593073,0.05027049560680649
0.3048630536130536,0.6109529743697637,0.055250632793108295
0.30330055361305364,0.6128690750493746,0.05797893469438396
0.2994543997668998,0.6141077814646432,0.05523361564078413
0.28930142773892775,0.6091839449110734,0.057527344575583485
0.28763476107226105,0.60809104873621,0.056361188314024036
0.28763476107226105,0.6164027370478984,0.06887147814257853
0.28763476107226105,0.6182671438275593,0.06715341484856566
0.28571168414918413,0.6271691175600416,0.06391219132512388
0.2840450174825174,0.6324443556109014,0.06152620027385256
0.28101471445221443,0.6305602976398867,0.06334061281555421
0.2762703962703963,0.6291200709808548,0.06302438169411713
0.2762703962703963,0.6336655255263093,0.07033501397885408
0.2728321678321678,0.6331862926048972,0.07037143818286719
0.2709090909090909,0.6332430038880237,0.07122479381362987
0.2709090909090909,0.6406916612798966,0.06740085000271853
0.267423513986014,0.6456191328053379,0.07866256766780608
0.2655004370629371,0.6457598476828947,0.08325426260360169
0.26383377039627043,0.647172360696486,0.08189992329717759
0.2589425505050505,0.6544736914570362,0.08168801465567577
0.2541554972804973,0.6503914326767605,0.08005644209146653
0.2541554972804973,0.6533293917328631,0.07766206850048844
0.2541554972804973,0.6533293917328631,0.07766206850048844
0.2505230186480186,0.6593051255589956,0.08394087247025679
0.2488136169386169,0.6653986928104576,0.08966351821788897
0.24558445027195025,0.6674166374166374,0.08398393224631902
0.24250679875679876,0.6694389073458841,0.0852615953126376
0.2373545551670552,0.6702426706085244,0.08364213215467359
0.23564515345765344,0.6736683738796415,0.08028758070576604
0.23564515345765344,0.6766825582768046,0.08180103914824384
0.23215957653457653,0.6756024018740675,0.08097856199596393
0.23215957653457653,0.6756024018740675,0.08097856199596393
0.2287213480963481,0.6715856129685916,0.08610208476489548
0.2272061965811966,0.6800449967220931,0.07403244922034438
0.2201976495726496,0.6718799245653465,0.0726857582488868
0.2201976495726496,0.6718799245653465,0.0726857582488868
0.2201976495726496,0.6761534288388508,0.06604578284164854
0.2186824980574981,0.6750998730881923,0.06654164806734934
0.2170158313908314,0.6757886557886558,0.06494857609472633
0.2170158313908314,0.6757886557886558,0.06494857609472633
0.2117166860916861,0.6765454545454546,0.07788706476474502
0.2085348679098679,0.6858422980528244,0.0927429827241253
0.2068682012432012,0.6891152364964944,0.0863442939638399
0.20060873154623154,0.6836507936507936,0.08772309973065226
0.19868565462315463,0.6820757363253857,0.09114164640522374
0.19545648795648796,0.6786880571482328,0.09142502922692693
0.19020007770007769,0.6787191727657647,0.0890482283131715
0.18868492618492616,0.6811752353857616,0.08849343830263474
0.18712242618492617,0.6996488535081469,0.07318611141994286
0.1838932595182595,0.7048558897243108,0.0721630988088322
0.1790588578088578,0.723421298343899,0.08602356586727967
0.1773494560994561,0.7275062656641604,0.08406980424985017
0.17256240287490288,0.7498505880084827,0.10484423420432679
0.16786543317793318,0.7519803857469762,0.10552484748305098
0.164683614996115,0.773151796603809,0.13284775489498474
0.158167735042735,0.7731557260585393,0.13884840514430435
0.15665258352758352,0.7765767786901183,0.14028691312858974
0.1471685606060606,0.7901990903888436,0.13646846440239785
0.1390527874902875,0.7979975610934028,0.12454051635930362
0.1390527874902875,0.7979975610934028,0.12454051635930362
0.13602248445998444,0.8040024630541872,0.11485116149302625
0.1293123543123543,0.8090421455938696,0.12445576831630188
0.1231002331002331,0.8345069745069746,0.12210696665500335
0.11976689976689976,0.8297662337662338,0.12743711620484904
0.10520202020202021,0.8657971014492754,0.11861980199322006
0.1032789432789433,0.8627667984189724,0.11959991003561071
0.09676379176379177,0.8536363636363637,0.13300096314819343
0.09368614024864025,0.8603030303030303,0.13096519560926623
0.08717026029526029,0.8547058823529412,0.13273278826117071
0.08243055555555555,0.8547058823529412,0.13273278826117071
0.07147872960372961,0.8580392156862745,0.1276625694621422
0.06824956293706294,0.8696895424836601,0.13203433369408085
0.06658289627039628,0.8736111111111111,0.12549285553418352
0.05714160839160839,0.8722832722832724,0.14080129521218773
0.054063956876456876,0.8700854700854702,0.14110590826317224
0.05043147824397824,0.8775641025641026,0.12284299349958677
0.045236499611499614,0.9,0.13333333333333336
0.03998008935508936,0.9,0.13333333333333336
0.03358318764568765,0.888888888888889,0.1405456737852613
0.028478292540792538,0.9178571428571429,0.11271238455756785
0.02681162587412587,0.9083333333333332,0.1301708279317776
0.019992715617715616,0.9333333333333332,0.13333333333333336
0.018069638694638696,1.0,0.0
0.014479895104895103,1.0,0.0
0.0078125,1.0,0.0
0.003125,1.0,0.0
0.0015625,1.0,0.0
0.0015625,1.0,0.0
0.0015625,1.0,0.0
0.0015625,1.0,0.0
0.0,1.0,0.0
0.0,1.0,0.0
0.0,1.0,0.0
0.0,1.0,0.0
0.0,1.0,0.0
0.0,1.0,0.0
0.0,1.0,0.0
0.0,1.0,0.0
0.0,1.0,0.0
0.0,1.0,0.0
0.0,1.0,0.0
0.0,1.0,0.0
0.0,1.0,0.0
0.0,1.0,0.0
0.0,1.0,0.0
0.0,1.0,0.0
0.0,1.0,0.0
0.0,1.0,0.0
0.0,1.0,0.0
0.0,1.0,0.0
0.0,1.0,0.0
0.0,1.0,0.0
0.0,1.0,0.0
0.0,1.0,0.0
0.0,1.0,0.0
0.0,1.0,0.0
0.0,1.0,0.0
0.0,1.0,0.0
0.0,1.0,0.0
0.0,1.0,0.0
0.0,1.0,0.0
0.0,1.0,0.0
0.0,1.0,0.0
0.0,1.0,0.0
0.0,1.0,0.0
0.0,1.0,0.0
0.0,1.0,0.0
0.0,1.0,0.0
0.0,1.0,0.0
0.0,1.0,0.0
0.0,1.0,0.0
0.0,1.0,0.0
0.0,1.0,0.0
0.0,1.0,0.0
0.0,1.0,0.0
0.0,1.0,0.0
0.0,1.0,0.0
0.0,1.0,0.0
0.0,1.0,0.0
0.0,1.0,0.0
0.0,1.0,0.0
0.0,1.0,0.0
0.0,1.0,0.0
0.0,1.0,0.0
0.0,1.0,0.0
0.0,1.0,0.0
0.0,1.0,0.0
0.0,1.0,0.0
