tp_ave_seq,fp_ave_seq,std_tp
0.0,0.0,0.0
0.0,0.0,0.0
0.0,0.0,0.0
0.0,0.0,0.0
0.0,0.0,0.0
0.0,0.0,0.0
0.0,0.0,0.0
0.0,0.0,0.0
0.0,0.0,0.0
0.0,0.0,0.0
0.0,0.0,0.0
0.0,0.0,0.0
0.0,0.0,0.0
0.0,0.0,0.0
0.0,0.0,0.0
0.0,0.0,0.0
0.0,0.0,0.0
0.0,0.0,0.0
0.0,0.0,0.0
0.0,0.0,0.0
0.0,0.0,0.0
0.0,0.0,0.0
0.0,0.0,0.0
0.0,0.0,0.0
0.0,0.0,0.0
0.0,0.0,0.0
0.0,0.0,0.0
0.0,0.0,0.0
0.0,0.0,0.0
0.0,0.0,0.0
0.0,0.0,0.0
0.0,0.0,0.0
0.0,0.0,0.0
0.0,0.0,0.0
0.0,0.0,0.0
0.0,0.0,0.0
0.0,0.0,0.0
0.0,0.0,0.0
0.0,0.0,0.0
0.0,0.0,0.0
0.0,0.0,0.0
0.0,0.0,0.0
0.0,0.0,0.0
0.0,0.0,0.0
0.0,0.0,0.0
0.0,0.0,0.0
0.0,0.0,0.0
0.0,0.0,0.0
0.000970873786407767,0.0,0.001941747572815534
0.000970873786407767,0.0,0.001941747572815534
0.000970873786407767,0.0,0.001941747572815534
0.000970873786407767,0.0,0.001941747572815534
0.000970873786407767,0.0,0.001941747572815534
0.000970873786407767,0.00043956043956043956,0.001941747572815534
0.000970873786407767,0.00043956043956043956,0.001941747572815534
0.000970873786407767,0.00043956043956043956,0.001941747572815534
0.000970873786407767,0.00043956043956043956,0.001941747572815534
0.000970873786407767,0.00043956043956043956,0.001941747572815534
0.0028400326649124395,0.00043956043956043956,0.0037571223793434446
0.0056437709826694495,0.00043956043956043956,0.009057630466904606
0.006578350421921786,0.00043956043956043956,0.010892991157677874
0.010425551220397422,0.00043956043956043956,0.013442769168162748
0.013301878232465291,0.00043956043956043956,0.01649932399161158
0.01635018860098254,0.00043956043956043956,0.017996683795789132
0.02102308579724422,0.00043956043956043956,0.02552384037036988
0.025264895544243122,0.0006574253633077163,0.024143622692469953
0.029039507648407896,0.001303903366755905,0.02939738287738107
0.03813236821987851,0.001303903366755905,0.029696720614332515
0.048058523759352434,0.001303903366755905,0.03626270292120587
0.052264039159195905,0.001303903366755905,0.03629310014763126
0.060422320291414186,0.0017415485102834018,0.03515518034674957
0.06541237823274697,0.0019587037762986027,0.037643471076982994
0.07114308579819635,0.002610879232076281,0.04279790775451502
0.07736721792781638,0.002828034498091482,0.04231201394812076
0.08047045099460828,0.003263764345586035,0.04173185075664072
0.08495104582919863,0.003474512501539671,0.039077805741300806
0.09025922687068552,0.004330414588757492,0.036116712142371006
0.09332188512767185,0.004767350074552913,0.036169792950457136
0.09959048922115572,0.0054221504840956105,0.03801017931920799
0.1072249593581625,0.005639305750110812,0.03270866925879019
0.11162868503579185,0.006504854315607144,0.03204009243823613
0.11919388458605487,0.007160364382881918,0.031220792570366272
0.12904907888468234,0.007806132728598031,0.03095864143661722
0.13096887999881152,0.008023287994613233,0.030788401294576443
0.1354089000235963,0.00845830818437571,0.030944789421083814
0.14311406904580343,0.00845830818437571,0.031872008499217085
0.15269846437233417,0.008678088404155928,0.034386203352647186
0.1556254336200265,0.009108616779889785,0.03331967395480435
0.16088297242588892,0.009758925375403859,0.032422518475732694
0.16617680557890674,0.009969673531357495,0.031341810700113985
0.1690168382438192,0.009969673531357495,0.03408626858914207
0.17015969538667636,0.010396252881142327,0.0342434041695736
0.17849424033799413,0.011043936522891384,0.03127849184062424
0.18375177914385651,0.01169424511840546,0.03125485576279525
0.1900347311258095,0.011914025338185679,0.03246893425338735
0.19485280571069288,0.01255530186987317,0.034992320834765195
0.2020115172795652,0.013415034549156879,0.036133934799210496
0.20697962876221165,0.013844238852706733,0.037425913965765
0.2100828618290036,0.014061394118721935,0.03657864807120053
0.21411639387239764,0.014270818202491566,0.036806812764588075
0.219384000104079,0.014927533908067208,0.033838943327538125
0.2237977932075273,0.015364469393862629,0.0331824020218357
0.22987863775763606,0.016001796899601097,0.028891521456199526
0.23368954420895624,0.016221577119381318,0.03260332576109394
0.23968345217628512,0.016221577119381318,0.03191997271375909
0.2427461104332714,0.016859614282851865,0.031753923172482226
0.24762728533313796,0.017296549768647283,0.03720137344804928
0.2497959389606775,0.01882214865121635,0.034978753691416314
0.25208165324639176,0.019251352954766203,0.0353818404227199
0.25513424407755914,0.020547429895996394,0.03735890740185684
0.25721168065966865,0.020976634199546245,0.039092708730358076
0.259497394945383,0.021634059562853962,0.04001334916285231
0.261615406337298,0.021851924486601237,0.040606067394003124
0.26474058586277627,0.02249769283231735,0.04033373511176246
0.26588344300563344,0.023800176883609102,0.040827850038262135
0.26803774874470393,0.024882880715120636,0.040495538536135196
0.2711916240471203,0.02531149379482155,0.03673961844259407
0.27639852061735815,0.02573878280233846,0.038797383774898164
0.2811583543963998,0.025948206886108095,0.04164337403404871
0.28496926084772,0.026385852029635587,0.045131323061575974
0.2880319191047064,0.027027128561323076,0.04518458219631793
0.2902005727322459,0.027237876717276722,0.04320352025937378
0.29353831042397915,0.027237876717276722,0.04270573555107151
0.2959051743293045,0.027884945944573847,0.04243993760030401
0.3000600474935235,0.02853142394802204,0.045231848951852685
0.3021737784227884,0.029387207601356723,0.04550037151077323
0.3021737784227884,0.030253465824585137,0.04550037151077323
0.3054709413047161,0.03110416644004226,0.04575859960316917
0.31247201740560815,0.03131359052381189,0.04445370277287856
0.3179277664892564,0.03260772897840615,0.04618923549254083
0.32025405558477626,0.033665938381599966,0.04637921656812315
0.32355549892935404,0.03495674222469712,0.04831114029697511
0.3275789635469292,0.03623993331943186,0.05136595463601811
0.33242573390875074,0.03710477222719612,0.049672532846768175
0.3374301397385526,0.037531351576980954,0.04966138728383281
0.34419644885885725,0.03858244421238113,0.05029164401816263
0.34840196425870074,0.0394382510563188,0.049652803083423805
0.3515414916726481,0.04030176589189906,0.04848175837483716
0.3584800465050482,0.04181367402696044,0.04566896147476493
0.35941462594430057,0.04267730729642383,0.04686632163471052
0.3633124689784007,0.042897087516204045,0.0463423411694303
0.3633124689784007,0.04419895715304387,0.0463423411694303
0.36640135415672354,0.044638517592604315,0.04814749858423461
0.3687276432522434,0.044847941676373945,0.0482366189531175
0.37375827600338174,0.04506772189615417,0.051254740777648716
0.3777918080467758,0.04655381153071383,0.050996577903687
0.3829017788104768,0.046763235614483464,0.0465769741370972
0.3889057542036246,0.047828443351587785,0.04293032422933967
0.39119146848933894,0.04932869446905758,0.04254571017051586
0.3954476261248069,0.049966021974796035,0.039068999447734
0.39929482692328255,0.05146438304139924,0.04238920446135131
0.40662980231125445,0.05232149076691792,0.043109747973323766
0.4077726594541116,0.05296085200257248,0.04314605718666436
0.41289840640473835,0.0540455663733971,0.04622103392660543
0.41812971828926415,0.05469395967287823,0.04371040576623129
0.4200495194033934,0.05577796438597079,0.04305668328042245
0.4233509627479711,0.0572808172666026,0.0437800757983806
0.4280964486385437,0.05919804969134805,0.04838821139378716
0.43297951334752066,0.06006298384239246,0.04707022756386898
0.4365298092055089,0.06112963408556391,0.04663370891737588
0.4386841149445794,0.0626305716701628,0.047451409600658086
0.44076155152668883,0.06436554620073215,0.04829331196855515
0.44883289607612714,0.06499646659640905,0.04869346287300696
0.451709223088195,0.06799056172128706,0.05120944179967595
0.4589487009680867,0.07014242231585192,0.05447538004298122
0.46335242664571596,0.07166215687643904,0.05546110228834451
0.4688588179649888,0.07252508048817034,0.054219439088615776
0.475111645871547,0.07490915797595292,0.0495470148408346
0.4791857527247466,0.07813466714759976,0.04955981071902456
0.48326992700376525,0.07963560473219863,0.046614094355932924
0.48928578142978046,0.08156839476471536,0.04834116580802737
0.4944765185045007,0.08460124309866472,0.04550763964295788
0.4985100505478949,0.08696772924875994,0.04555032178751082
0.5058087315887113,0.08997085643746451,0.04664049497218916
0.5131031321668775,0.09213042502367197,0.04764092862832177
0.5185427217550084,0.09491315757814442,0.04421399943562397
0.5283196185982181,0.09855236025308063,0.03742681332914148
0.5356603809493589,0.10266751168125288,0.035881662327076416
0.5406934825560988,0.10654415754002902,0.03199363880129055
0.5462142217638407,0.1100049092959472,0.02809577218735254
0.5601172959943314,0.11559967119594039,0.029962269259090853
0.5677111913215326,0.1229072292315068,0.028955439604071743
0.5801604179358556,0.1316820546804783,0.02623365057511866
0.5944702425033831,0.1417267142159818,0.023468775315826088
0.6092431684046784,0.15052421404051822,0.024250597716862443
0.6300546733921745,0.16167235710384295,0.017110582618446658
0.6502917251488345,0.1724012760812013,0.018466490685627657
0.6699747208819424,0.1861333942999414,0.01774152534406371
0.6892264300107798,0.20285766915692355,0.01361457751993599
0.7161726616895142,0.23373847008076817,0.015942475077389162
0.7289145127816745,0.25461673933727585,0.01471929909366085
0.7482861347328802,0.2968259940104662,0.01920669335115756
0.7841800495944634,0.3429959393601113,0.023782412176946398
0.8230946978068328,0.43017440641940974,0.04114178828427833
0.9121991004186812,0.6770960963708748,0.07624071633041132
0.9685340453938585,0.8894385066987807,0.05476443634474636
0.9990654205607477,0.9962637362637363,0.0018691588785046509
1.0,1.0,0.0
1.0,1.0,0.0
1.0,1.0,0.0
1.0,1.0,0.0
1.0,1.0,0.0
