tp_ave_seq,fp_ave_seq,std_tp
0.0,0.0,0.0
0.0,0.0,0.0
0.0,0.0,0.0
0.0,0.0,0.0
0.0,0.0,0.0
0.0,0.0,0.0
0.0,0.0,0.0
0.0,0.0,0.0
0.0,0.0,0.0
0.0,0.0,0.0
0.0,0.0,0.0
0.0,0.0,0.0
0.0,0.0,0.0
0.0,0.0,0.0
0.0,0.0,0.0
0.0,0.0,0.0
0.0,0.0,0.0
0.0,0.0,0.0
0.0,0.0,0.0
0.0,0.0,0.0
0.0,0.0,0.0
0.0,0.0,0.0
0.0,0.0,0.0
0.0,0.0,0.0
0.0,0.0,0.0
0.0,0.0,0.0
0.0,0.0,0.0
0.0,0.0,0.0
0.0,0.0,0.0
0.0,0.0,0.0
0.0,0.0,0.0
0.0,0.0,0.0
0.0,0.0,0.0
0.0,0.0,0.0
0.0,0.0,0.0
0.0,0.0,0.0
0.0,0.0,0.0
0.0,0.0,0.0
0.0,0.0,0.0
0.0,0.0,0.0
0.0,0.0,0.0
0.0,0.0,0.0
0.0,0.0,0.0
0.0,0.0,0.0
0.0,0.0,0.0
0.0,0.0,0.0
0.0,0.0,0.0
0.0024691358024691358,0.0,0.0049382716049382715
0.0024691358024691358,0.0,0.0049382716049382715
0.0049382716049382715,0.0001996007984031936,0.009876543209876543
0.007407407407407407,0.0001996007984031936,0.014814814814814814
0.009846431797651309,0.00039900259301934514,0.014392373092433193
0.01222738417860369,0.00039900259301934514,0.013525101468315868
0.014666408568847595,0.00039900259301934514,0.014372416390924368
0.022284183376732658,0.0005984043876354967,0.0178758484149116
0.03204028093770826,0.0007980051860386903,0.03488943646782773
0.04212719154806247,0.0011970077790580355,0.04319626019187008
0.05251480379557003,0.0013966085774612291,0.0472456885537041
0.06224294075947935,0.0015962093758644228,0.054441219463879045
0.06980264355807289,0.0017956111704805742,0.056993089036632576
0.0853690062232216,0.0017956111704805742,0.06691319987255667
0.09057786805308801,0.002192836901793066,0.06823605440272755
0.10054863464485916,0.002192836901793066,0.0628296000848903
0.10328836067225641,0.0029892642299119447,0.06463158275530842
0.10572738506250032,0.003585891755840588,0.06818361668126703
0.11816728745674061,0.004385492554243782,0.06711665114512039
0.1353630546525078,0.005182718285556274,0.0668730918983973
0.1530978514829723,0.005580143020655808,0.08099585681924278
0.16809507310119848,0.006378148206694498,0.07664304501393106
0.18333277353212757,0.006378148206694498,0.07837351733328357
0.19835795574742004,0.006975173740197227,0.07949778360686201
0.21606479198081824,0.007973178926235915,0.07818920465604023
0.22889142861856976,0.008570005455951601,0.08890997424460843
0.23621065260446036,0.008967231187264094,0.08988385740687894
0.2410607407878819,0.009564057716979778,0.08959663675508181
0.24840792537083883,0.009963060309999123,0.09068017572865113
0.2556970379445042,0.010959687835927767,0.08746020968678273
0.2609058997743706,0.011559089630543917,0.09090024499729966
0.2660265781827203,0.012356115164046645,0.09028029374459402
0.283043827720295,0.012953539899146178,0.08676002794751074
0.2879820993252332,0.013748389369345249,0.0800904375024268
0.2907218253526305,0.014345414902847974,0.08165771339871543
0.3005983685625071,0.014741062776240654,0.07052299062671015
0.30547641734299485,0.015340065369260001,0.07709256916823674
0.31068527917286126,0.015739467163876152,0.07952604568197946
0.32134348164529697,0.016737472349914843,0.08850413924889985
0.33417011828304843,0.017334497883417573,0.09695676911356586
0.33964957033784293,0.017932902271053066,0.10252977894686634
0.34458784194278125,0.018529728800768752,0.10060196258621662
0.34702686633302515,0.01952813318840425,0.10327005725349026
0.3544041623282073,0.019927733986807444,0.10435337042456616
0.3593123225209204,0.02072416131492632,0.10768405411718873
0.36169327490187275,0.021916436714247645,0.10426523394359852
0.3664551796637775,0.02311186663538587,0.09776533346478923
0.3715758580721271,0.02390987182142456,0.09723947456342515
0.3764840182648402,0.02470629914954344,0.09780051129423506
0.3840738324756589,0.025304902540965978,0.0975772058329253
0.3892525828933001,0.025903505932388514,0.10319825692358536
0.3965718068791908,0.02649855560039735,0.09791771757964345
0.4038910308650814,0.027496361782648998,0.09595322639788532
0.4138316860446274,0.028292391103193794,0.09581634637340652
0.4236480064300535,0.028490215039890132,0.09926107696579799
0.42855616662276647,0.02928901862912243,0.09965625947302707
0.43099519101301037,0.02988742301675793,0.10296171091794042
0.43620405284287667,0.030883850344876805,0.10253968629907685
0.43620405284287667,0.03148205572872527,0.10253968629907685
0.43858500522382915,0.03148205572872527,0.09966856951604261
0.44102402961407305,0.03287946270938011,0.10302492343225925
0.44102402961407305,0.033877467895418796,0.10302492343225925
0.4437637556414703,0.03487349721596359,0.10526113587519523
0.4540932958796863,0.03607190160359909,0.10509931378070586
0.4589433840631078,0.03647130339821524,0.10226668148172917
0.4613824084533517,0.037863777801323606,0.10535162302891449
0.46385154425582087,0.0388617829873623,0.10272281248913115
0.46385154425582087,0.03945900871867479,0.10272281248913115
0.46875970444853393,0.040455038039219585,0.1035265807075008
0.46875970444853393,0.04065443983383574,0.1035265807075008
0.47388038285688355,0.04224769488569302,0.1033351960110455
0.47388038285688355,0.043043923210024856,0.1033351960110455
0.47908924468674996,0.04344352400842805,0.10374892870667124
0.48182897071414726,0.04344352400842805,0.10675364396407787
0.48941878492496604,0.04384272560523443,0.1066781430420279
0.4970967825573015,0.0456336043959783,0.10718525574953804
0.4970967825573015,0.0458336043959783,0.10718525574953804
0.5071256211583642,0.04623260698899765,0.11002671721737288
0.5120638927633026,0.046631609582016995,0.10534049899380848
0.5171845711716522,0.04722685825381286,0.10599042813033994
0.5196537069741212,0.04802486343985156,0.10381336256532499
0.5220927313643651,0.048423667029083864,0.10630156096364589
0.5220927313643651,0.04882089276039635,0.10630156096364589
0.5220927313643651,0.049818698942647996,0.10630156096364589
0.5269127081355613,0.050815126270766876,0.10614176355275291
0.5341437486999354,0.051411952800482566,0.09862094037166523
0.5390217974804232,0.052210158184331015,0.1044791039887208
0.5414909332828923,0.052409758982734214,0.1035233611519819
0.5414909332828923,0.0538065855124499,0.1035233611519819
0.5438718856638447,0.05440558810546925,0.10100519845021678
0.5490807474937112,0.055403394287720883,0.10185646406247409
0.5540190190986494,0.055602995086124075,0.09871003996175141
0.5616669053187596,0.056598625205072084,0.10283657519600041
0.5616669053187596,0.05719525273100072,0.10283657519600041
0.5641360411212288,0.057794255324020063,0.10101371353841623
0.5641360411212288,0.0581932579170394,0.10101371353841623
0.5715434485286363,0.05978966749071359,0.09685884582466692
0.5740125843311054,0.060185315364106276,0.09562515900487659
0.5764817201335745,0.06058471715872242,0.0946333931961522
0.5813016969047707,0.06158094548305426,0.09413785029576643
0.586239968509709,0.06178054628145746,0.09198550332590556
0.586239968509709,0.06417200552314048,0.09198550332590556
0.5887091043121782,0.06437140731775662,0.09129179253009893
0.5936473759171165,0.06476705519114931,0.08968460690759203
0.6010547833245239,0.06596426197399438,0.08774100631717671
0.6034357357054763,0.06656306556322669,0.08374478672115344
0.6034357357054763,0.06715989209294237,0.08374478672115344
0.6083740073104146,0.06775929388755852,0.08368776874348345
0.6083740073104146,0.06835651961887101,0.08368776874348345
0.6083740073104146,0.06915354515237374,0.08368776874348345
0.6083740073104146,0.07035075312924155,0.08368776874348345
0.6083740073104146,0.07114855931149319,0.08368776874348345
0.6083740073104146,0.07274279401588644,0.08368776874348345
0.6132520560909024,0.07373842413483442,0.0891355455521154
0.6156910804811462,0.07473702752625697,0.09212645104633593
0.6156910804811462,0.0755332558505888,0.09212645104633593
0.6181301048713902,0.07633008238030448,0.0952733499134058
0.6255074008665723,0.07752413464133268,0.0976502164737145
0.6304155610592854,0.07812253902896818,0.10113893392425803
0.6304155610592854,0.07951698929757042,0.10113893392425803
0.6356244228891518,0.08011519468141888,0.10308136616178529
0.6429436468750425,0.08150844973327617,0.09861762131671482
0.6456833729024396,0.08370108763128219,0.1003024978834136
0.648064325283392,0.0850970991973823,0.09631281216251505
0.6552652544355407,0.08808815923746852,0.0918171659766892
0.6603859328438902,0.08908636342729423,0.09000029752815429
0.6700861092107333,0.09108059813168749,0.08368139389695638
0.6725552450132024,0.09446295391855905,0.08188555730047808
0.6796981021560595,0.09705361475704846,0.07158577587165235
0.6845481903394811,0.09964171808508211,0.06627767268989933
0.6949659139992139,0.10083636855149414,0.06864606263302084
0.6949659139992139,0.10402405611750898,0.06864606263302084
0.699874074191927,0.10701332154144365,0.07002797434038667
0.7121014583705307,0.11080298616697512,0.0660790781006172
0.7148411843979279,0.11499067253896729,0.0679918925020959
0.7196912725813494,0.11897618404167845,0.0639558663284194
0.7221604083838186,0.12395870451747042,0.06304619013653377
0.7295377043790008,0.1283465910872723,0.06644711658477416
0.7366805615218579,0.135525518748693,0.05514409437678093
0.7466212167014037,0.14210327133585884,0.05386556174117107
0.7563794650775383,0.14968141954255337,0.052568647046727424
0.7637868724849457,0.15785877054007696,0.04946134859442594
0.7713766866957644,0.16582939553792528,0.045995806527939366
0.7814356367090525,0.1809896460703475,0.042659811183936074
0.7911057016636702,0.19892614473783998,0.03918146544062969
0.8060147398603796,0.22465284939084557,0.03076892357751889
0.8402639079663248,0.2653378701897825,0.020715013563799463
0.8800226395392896,0.3391963472234847,0.017510929879006456
0.9439354378323083,0.510300309043433,0.03474747783572557
0.9893116861153392,0.7480919785583046,0.015937927910868736
1.0,0.9578635014836795,0.0
1.0,1.0,0.0
1.0,1.0,0.0
1.0,1.0,0.0
1.0,1.0,0.0
