tp_ave_seq,fp_ave_seq,std_tp
0.0,0.0,0.0
0.0,0.0,0.0
0.0,0.0,0.0
0.0,0.0,0.0
0.0,0.0,0.0
0.0,0.0,0.0
0.0,0.0,0.0
0.0,0.0,0.0
0.0,0.0,0.0
0.0,0.0,0.0
0.0,0.0,0.0
0.0,0.0,0.0
0.0,0.0,0.0
0.0,0.0,0.0
0.0,0.0,0.0
0.0,0.0,0.0
0.0,0.0,0.0
0.0,0.0,0.0
0.0,0.0,0.0
0.0,0.0,0.0
0.0,0.0,0.0
0.0,0.0,0.0
0.0,0.0,0.0
0.0,0.0,0.0
0.0,0.0,0.0
0.0,0.0,0.0
0.0,0.0,0.0
0.0,0.0,0.0
0.0,0.0,0.0
0.0,0.0,0.0
0.0,0.0,0.0
0.0,0.0,0.0
0.0,0.0,0.0
0.0,0.0,0.0
0.0,0.0,0.0
0.0,0.0,0.0
0.0,0.0,0.0
0.0,0.0,0.0
0.0,0.0,0.0
0.0,0.0,0.0
0.0,0.0,0.0
0.0,0.0,0.0
0.0,0.0,0.0
0.006896551724137931,0.0002288329519450801,0.013793103448275862
0.020935960591133004,0.0002288329519450801,0.027713464392187588
0.028078817733990145,0.0002288329519450801,0.0343982073893519
0.028078817733990145,0.0002288329519450801,0.0343982073893519
0.03497536945812808,0.0002288329519450801,0.031403699409870395
0.04876847290640394,0.0004576659038901602,0.041636545042591996
0.05710180623973728,0.0009145514111478816,0.03462039542073676
0.08066502463054187,0.0015992273512074255,0.04380844982595558
0.10875205254515599,0.002056112858465147,0.04618477570265235
0.12969622331691297,0.002056112858465147,0.053796256105350014
0.1565927750410509,0.002285207932921046,0.04191055238444261
0.18015599343185554,0.002285207932921046,0.06907153084118592
0.20680623973727422,0.0025143030073769453,0.05624464159455941
0.2477504105090312,0.002972493156288744,0.057097012733228876
0.29129720853858787,0.0032013261082338242,0.048617581277365
0.30272577996715927,0.0038886113316015216,0.05252150535064234
0.3424794745484401,0.004575372309947581,0.07165111887287158
0.3634154351395731,0.004803162742749403,0.08739350048997133
0.370311986863711,0.005262938324702419,0.09485969785914049
0.3786453201970444,0.0059533944141525515,0.09305820309640758
0.3857881773399015,0.006182489488608451,0.09786286791127348
0.39864532019704435,0.006642265070561465,0.10542303522309754
0.4043596059113301,0.006871360145017366,0.10764126191978726
0.42504926108374386,0.0071004552194732645,0.08934063539325798
0.42504926108374386,0.008020006383379297,0.08934063539325798
0.4307635467980296,0.008935862436181255,0.09208227479993268
0.4519540229885058,0.008935862436181255,0.09738278496241079
0.4590968801313629,0.008935862436181255,0.10432671576104108
0.4717077175697866,0.009393790462582234,0.11206618785541063
0.49836617405582917,0.009851718488983214,0.12206084231468879
0.49836617405582917,0.011000102604834324,0.12206084231468879
0.5055090311986863,0.011690296571773636,0.12706958484673153
0.5055090311986863,0.011919129523718718,0.12706958484673153
0.5124055829228242,0.012378905105671734,0.11475793998321483
0.5193021346469622,0.012378905105671734,0.1028230985271853
0.5193021346469622,0.012838418565113929,0.1028230985271853
0.5261986863711001,0.013530460087605278,0.10810024789796156
0.5414285714285715,0.013761140595102394,0.11050331686282515
0.5471428571428572,0.01399182110259951,0.11406569614781623
0.5528571428571428,0.014222501610096628,0.1186263357247532
0.5528571428571428,0.014222501610096628,0.1186263357247532
0.5528571428571428,0.014222501610096628,0.1186263357247532
0.5597536945812808,0.014911110143994724,0.10673839063355268
0.5666502463054187,0.01514179065149184,0.09536487795865728
0.5666502463054187,0.01559971867789282,0.09536487795865728
0.5795073891625616,0.01605790882680462,0.10469091798422268
0.5864039408866996,0.0167433651634966,0.11042686957104002
0.5864039408866996,0.017202878622938796,0.11042686957104002
0.5990147783251232,0.01765976413019652,0.1057840912863487
0.5990147783251232,0.017887554562998342,0.1057840912863487
0.5990147783251232,0.01834602550329728,0.1057840912863487
0.5990147783251232,0.01834602550329728,0.1057840912863487
0.604729064039409,0.018802911010555,0.11242005310192847
0.604729064039409,0.019262424469997198,0.11242005310192847
0.604729064039409,0.019493104977494312,0.11242005310192847
0.6187766830870279,0.020179085559207936,0.11306875112638798
0.625919540229885,0.020409766066705054,0.11546701122865623
0.625919540229885,0.021098374600603147,0.11546701122865623
0.625919540229885,0.021556564749514943,0.11546701122865623
0.625919540229885,0.021556564749514943,0.11546701122865623
0.625919540229885,0.02178724525701206,0.11546701122865623
0.625919540229885,0.022937214805904393,0.11546701122865623
0.625919540229885,0.023165005238706217,0.11546701122865623
0.6316338259441707,0.023623476179005155,0.12298863070842361
0.6316338259441707,0.023623476179005155,0.12298863070842361
0.6385303776683088,0.023852309130950232,0.11308128767604259
0.6385303776683088,0.02453961302319425,0.11308128767604259
0.6454269293924467,0.02568299738628721,0.11697348805564053
0.6454269293924467,0.02614277296824023,0.11697348805564053
0.6454269293924467,0.026600700994641208,0.11697348805564053
0.6454269293924467,0.027060476576594227,0.11697348805564053
0.6454269293924467,0.027291157084091345,0.11697348805564053
0.6454269293924467,0.027291157084091345,0.11697348805564053
0.6454269293924467,0.027291157084091345,0.11697348805564053
0.6454269293924467,0.027518947516893166,0.11697348805564053
0.6454269293924467,0.028209141483832478,0.11697348805564053
0.6454269293924467,0.028436931916634302,0.11697348805564053
0.6454269293924467,0.02866576486857938,0.11697348805564053
0.6454269293924467,0.028893555301381203,0.11697348805564053
0.6454269293924467,0.029124235808878317,0.11697348805564053
0.6523234811165846,0.029124235808878317,0.12230582814732881
0.6592200328407225,0.02957981667448196,0.11318188742231539
0.6661165845648604,0.030039592256434978,0.11988091126397393
0.6661165845648604,0.030039592256434978,0.11988091126397393
0.6661165845648604,0.030268687330890876,0.11988091126397393
0.6661165845648604,0.031184543383692837,0.11988091126397393
0.6661165845648604,0.03164273353260463,0.11988091126397393
0.6661165845648604,0.03164273353260463,0.11988091126397393
0.6661165845648604,0.03232714735015336,0.11988091126397393
0.6661165845648604,0.032557827857650476,0.11988091126397393
0.6661165845648604,0.03278850836514759,0.11988091126397393
0.6730131362889983,0.03278850836514759,0.11184020511987984
0.6730131362889983,0.033017603439603485,0.11184020511987984
0.6730131362889983,0.0332482839471006,0.11184020511987984
0.6870607553366175,0.033937154603509524,0.1099252201456382
0.6870607553366175,0.034164945036311345,0.1099252201456382
0.6870607553366175,0.03439377798825642,0.1099252201456382
0.6870607553366175,0.03485329144769862,0.1099252201456382
0.6870607553366175,0.03554189998159672,0.1099252201456382
0.6870607553366175,0.03576969041439854,0.1099252201456382
0.6870607553366175,0.03600037092189566,0.1099252201456382
0.6870607553366175,0.03623105142939278,0.1099252201456382
0.6870607553366175,0.03668871733328294,0.1099252201456382
0.6870607553366175,0.03691781240773884,0.1099252201456382
0.6870607553366175,0.03691781240773884,0.1099252201456382
0.6870607553366175,0.037375478311629,0.1099252201456382
0.6870607553366175,0.037375478311629,0.1099252201456382
0.6870607553366175,0.03829159648694177,0.1099252201456382
0.6870607553366175,0.0392111476508478,0.1099252201456382
0.6870607553366175,0.03943893808364962,0.1099252201456382
0.6870607553366175,0.04012491866536324,0.1099252201456382
0.6870607553366175,0.04035401373981914,0.1099252201456382
0.6870607553366175,0.041039994321532755,0.1099252201456382
0.6870607553366175,0.041499769903485785,0.1099252201456382
0.6870607553366175,0.04172860285543086,0.1099252201456382
0.6870607553366175,0.04195928336292798,0.1099252201456382
0.6870607553366175,0.042874359019097495,0.1099252201456382
0.6939573070607554,0.04356192503385233,0.11720265167839254
0.6939573070607554,0.04447832400055225,0.11720265167839254
0.6939573070607554,0.045626970238914176,0.11720265167839254
0.6939573070607554,0.04654652140282021,0.11720265167839254
0.7065681444991789,0.04723539205922913,0.11642644056006361
0.7065681444991789,0.04815074850678579,0.11642644056006361
0.713464696223317,0.04861026196622799,0.1241554687397125
0.713464696223317,0.04998563147847214,0.1241554687397125
0.713464696223317,0.051360501385471005,0.1241554687397125
0.713464696223317,0.05250388574856396,0.1241554687397125
0.7203612479474548,0.054110478682203186,0.11768411160918163
0.7203612479474548,0.055031615279150445,0.11768411160918163
0.7203612479474548,0.055031615279150445,0.11768411160918163
0.7203612479474548,0.05571918129390528,0.11768411160918163
0.7260755336617406,0.057091423248719665,0.12467309557777442
0.7332183908045977,0.059153572408186195,0.12275517227750199
0.7332183908045977,0.060300651882383226,0.12275517227750199
0.741551724137931,0.06236647748407752,0.11335133791653822
0.7498850574712643,0.06397411293686,0.10575336802965112
0.7498850574712643,0.06649156814144307,0.10575336802965112
0.7567816091954023,0.06809553312289782,0.11367228686561953
0.7567816091954023,0.06993122113099295,0.11367228686561953
0.7636781609195402,0.07383038757998503,0.1226356479918227
0.7720114942528735,0.07864043496879727,0.11704880050049266
0.7848686371100164,0.0832236971061983,0.12011781465464558
0.7848686371100164,0.08872335821029922,0.12011781465464558
0.7917651888341544,0.09743964414117191,0.12897526789961924
0.7986617405582923,0.11280134733981217,0.13864144210018514
0.8124548440065682,0.13159775305479685,0.12277163153307338
0.8253119868637111,0.16828906621723536,0.1248899677762976
0.8731527093596059,0.31529478755352935,0.11020068875810865
0.9288587848932677,0.6108756857690316,0.07837923657305276
0.9716748768472907,0.7738241839470932,0.04161030995017142
0.9928571428571429,0.9711670480549198,0.01428571428571428
1.0,1.0,0.0
1.0,1.0,0.0
1.0,1.0,0.0
1.0,1.0,0.0
1.0,1.0,0.0
1.0,1.0,0.0
1.0,1.0,0.0
1.0,1.0,0.0
