tp_ave_seq,fp_ave_seq,std_tp
0.0,0.0,0.0
0.0,0.0,0.0
0.0,0.0,0.0
0.0,0.0,0.0
0.0,0.0,0.0
0.0,0.0,0.0
0.0,0.0,0.0
0.0,0.0,0.0
0.0,0.0,0.0
0.0,0.0,0.0
0.0,0.0,0.0
0.0,0.0,0.0
0.0,0.0,0.0
0.00784313725490196,0.0,0.01568627450980392
0.00784313725490196,0.0,0.01568627450980392
0.011764705882352941,0.0,0.023529411764705882
0.024808184143222507,0.0,0.03045089732201988
0.03689366682561013,0.0,0.04184856730326149
0.05247446067594319,0.00045819255371494174,0.0529266857039443
0.061584191524804474,0.0011468241948823375,0.055716268550899437
0.09309250346840628,0.0013764453200258507,0.06816995163195513
0.1283243964419679,0.0023013155761079504,0.08395576755978311
0.1484691074567145,0.002987557705817674,0.07486915956361027
0.17628412063487967,0.003219307416130536,0.07951029165304645
0.21302385078586536,0.003909249680158339,0.08763304142256668
0.25471049957479663,0.00505925215678211,0.08655323816989179
0.2772777873594757,0.005287823585353539,0.07277269807181384
0.3147894451529338,0.005749194420809914,0.05943424095323843
0.3286610807636998,0.0059788155459534285,0.050253722358752806
0.3563151785118632,0.006439136684837718,0.051687532512923434
0.36701640815626335,0.006668757809981232,0.05027935488024808
0.37951596951359917,0.008048381411748514,0.042506172755578546
0.4072133232477362,0.008507403849334105,0.036181886379110725
0.4119752280096409,0.008964024853900316,0.03038042573509224
0.4232081957730175,0.00965053983146007,0.0402930699723862
0.4352936784554052,0.010111910666916444,0.035309626987543946
0.4521410658996975,0.010568804519332684,0.03011661280764166
0.4641340416440648,0.011029125658216976,0.03331245511140116
0.4641340416440648,0.011720935581125805,0.03331245511140116
0.4641340416440648,0.011950556706269318,0.03331245511140116
0.4743035331694885,0.012406400862113472,0.037296778687732124
0.4743035331694885,0.012633673589386201,0.037296778687732124
0.4881751687802545,0.012633673589386201,0.025406794669985508
0.4915649992887291,0.013552756239567757,0.028793959792654106
0.49632690405063384,0.013781327668139188,0.02337977051352522
0.49632690405063384,0.01470063013102218,0.02337977051352522
0.5087339584699493,0.015157772988165036,0.020474037088150626
0.5170033531843569,0.015613617144009193,0.022133867284459877
0.5203931836928314,0.015840889871281922,0.026605801728834356
0.5246485028417676,0.016526343230707882,0.022720077782062836
0.536721806739598,0.01698218738655204,0.02240676820507513
0.5409771258885341,0.017441209824137625,0.01877516753918862
0.5492465206029417,0.017670830949281142,0.019661530275389756
0.5492465206029417,0.017670830949281142,0.019661530275389756
0.5492465206029417,0.017670830949281142,0.019661530275389756
0.5540084253648464,0.017670830949281142,0.015330414485512391
0.5540084253648464,0.017898103676553867,0.015330414485512391
0.5540084253648464,0.018358424815438156,0.015330414485512391
0.5582637445137827,0.018588045940581673,0.010928060903313108
0.5616535750222573,0.01904810615317764,0.01695496006064327
0.5706707989330981,0.019507128590763225,0.014296776477797004
0.5706707989330981,0.01973543909304633,0.014296776477797004
0.5706707989330981,0.020421681222756054,0.014296776477797004
0.5745923675605491,0.02087622667730151,0.009803027910020875
0.5745923675605491,0.02110479810587294,0.009803027910020875
0.5785139361880001,0.022020133516730732,0.010527606506308474
0.5785139361880001,0.02224740624400346,0.010527606506308474
0.5785139361880001,0.023161691958289175,0.010527606506308474
0.5785139361880001,0.023161691958289175,0.010527606506308474
0.582435504815451,0.02339131308343269,0.015766776629899667
0.582435504815451,0.02339131308343269,0.015766776629899667
0.582435504815451,0.024078906949589713,0.015766776629899667
0.5901731614108822,0.024078906949589713,0.01625076681569788
0.5935629919193567,0.02430617967686244,0.021109703109293866
0.5935629919193567,0.024763061607716973,0.021109703109293866
0.5935629919193567,0.024994811318029837,0.021109703109293866
0.5935629919193567,0.025226561028342698,0.021109703109293866
0.5935629919193567,0.0254548715306258,0.021109703109293866
0.5935629919193567,0.0254548715306258,0.021109703109293866
0.5935629919193567,0.0254548715306258,0.021109703109293866
0.5969528224278313,0.0254548715306258,0.026815654301850525
0.6012081415767675,0.0254548715306258,0.0244979756981684
0.6012081415767675,0.02568662124093866,0.0244979756981684
0.6012081415767675,0.025913893968211386,0.0244979756981684
0.6012081415767675,0.026145643678524254,0.0244979756981684
0.6012081415767675,0.026372916405796983,0.0244979756981684
0.6012081415767675,0.02683323754468127,0.0244979756981684
0.6059700463386722,0.02683323754468127,0.020180158754616158
0.6059700463386722,0.027064987254994132,0.020180158754616158
0.6102253654876084,0.027523179808709074,0.01981528158947384
0.6102253654876084,0.027980073661125315,0.01981528158947384
0.6102253654876084,0.02843669466569152,0.01981528158947384
0.6102253654876084,0.02843669466569152,0.01981528158947384
0.6102253654876084,0.02866631579083504,0.01981528158947384
0.6102253654876084,0.028893588518107766,0.01981528158947384
0.6102253654876084,0.029350470448962294,0.01981528158947384
0.6102253654876084,0.02957904187753373,0.01981528158947384
0.6141469341150594,0.02980761330610516,0.020868062762694407
0.6141469341150594,0.02980761330610516,0.020868062762694407
0.6180685027425104,0.02980761330610516,0.024522159498376724
0.6180685027425104,0.03003723443124867,0.024522159498376724
0.6180685027425104,0.030265805859820093,0.024522159498376724
0.6180685027425104,0.030495426984963613,0.024522159498376724
0.6224163288294668,0.030495426984963613,0.020159655452083633
0.6258061593379415,0.030725048110107123,0.02447784965073579
0.6258061593379415,0.03163778611836752,0.02447784965073579
0.6258061593379415,0.03209810725725181,0.02447784965073579
0.6258061593379415,0.03301745083372169,0.02447784965073579
0.6258061593379415,0.03301745083372169,0.02447784965073579
0.629195989846416,0.03301745083372169,0.02972955004891271
0.6382132137572569,0.03370291611470936,0.02407135451569587
0.6424685329061931,0.03370291611470936,0.025545676171079935
0.6424685329061931,0.03438836947413533,0.025545676171079935
0.6424685329061931,0.034844213629979484,0.025545676171079935
0.6424685329061931,0.035755641015379466,0.025545676171079935
0.6424685329061931,0.03621148517122362,0.025545676171079935
0.6424685329061931,0.036438757898496356,0.025545676171079935
0.6468163589931496,0.036667329327067774,0.020845112472913242
0.6502061895016242,0.03689590075563921,0.026299566798643304
0.6579438460970553,0.03689590075563921,0.030248233385824844
0.6579438460970553,0.03735278268649374,0.030248233385824844
0.6613336766055299,0.037584532396806605,0.03642090813996777
0.6655889957544661,0.037584532396806605,0.03720136457939846
0.6655889957544661,0.03804355483439219,0.03720136457939846
0.6655889957544661,0.03827212626296363,0.03720136457939846
0.6689788262629406,0.03827212626296363,0.043110862192801566
0.6689788262629406,0.03849939899023635,0.043110862192801566
0.6689788262629406,0.03872667171750908,0.043110862192801566
0.6732341454118769,0.038953944444781806,0.045077907260228735
0.6732341454118769,0.039412966882367395,0.045077907260228735
0.6813858806822563,0.039640239609640124,0.04595712472484506
0.6891235372776873,0.039640239609640124,0.050015039616088976
0.693885442039592,0.040100299822236084,0.04638507095855355
0.693885442039592,0.040100299822236084,0.04638507095855355
0.693885442039592,0.040100299822236084,0.04638507095855355
0.693885442039592,0.04055932225982168,0.04638507095855355
0.693885442039592,0.04102069309527805,0.04638507095855355
0.6982332681265484,0.04147993534556508,0.04531573836529235
0.6982332681265484,0.041937078202707936,0.04531573836529235
0.701623098635023,0.04216435092998066,0.05149303332963503
0.701623098635023,0.043310914198574677,0.05149303332963503
0.701623098635023,0.04353922470085778,0.05149303332963503
0.701623098635023,0.04376779612942921,0.05149303332963503
0.701623098635023,0.04422916696488559,0.05149303332963503
0.701623098635023,0.044914632245873255,0.05149303332963503
0.701623098635023,0.044914632245873255,0.05149303332963503
0.701623098635023,0.0456067030950704,0.05149303332963503
0.701623098635023,0.046064895648785346,0.05149303332963503
0.7097748339054024,0.046521789501201595,0.05538029319584833
0.7097748339054024,0.04674906222847432,0.05538029319584833
0.7097748339054024,0.0472104330639307,0.05538029319584833
0.7136964025328534,0.04743900449250212,0.05134784707267293
0.7136964025328534,0.04790250391312785,0.05134784707267293
0.7136964025328534,0.04881498099509991,0.05134784707267293
0.7227136264436943,0.04926952644964537,0.04939236984023076
0.7227136264436943,0.04995920778738485,0.04939236984023076
0.7270614525306509,0.05041608971823939,0.047748335956726465
0.7270614525306509,0.05087297164909392,0.047748335956726465
0.7318233572925557,0.05178544873106598,0.047422914681737954
0.7318233572925557,0.05247409229379509,0.047422914681737954
0.7318233572925557,0.05316590221670392,0.047422914681737954
0.7318233572925557,0.055224426644836275,0.047422914681737954
0.7365852620544604,0.05660300055003148,0.048983343933198226
0.7405068306819114,0.058436119909772134,0.04373215801422102
0.7405068306819114,0.05935093346805328,0.04373215801422102
0.747818229817837,0.060490683277298084,0.04542370455663064
0.7521660559047934,0.06140789826859862,0.043293710187150225
0.755555886413268,0.06186926910405499,0.04951206102672581
0.7598112055622042,0.0639298690822081,0.047436739437094116
0.7598112055622042,0.06553759529511875,0.047436739437094116
0.7598112055622042,0.06713661654667577,0.047436739437094116
0.7598112055622042,0.06850494970605371,0.047436739437094116
0.7637327741896551,0.06987983539849255,0.043460184736329566
0.7637327741896551,0.07239676626289834,0.043460184736329566
0.7637327741896551,0.0746851960043448,0.043460184736329566
0.7637327741896551,0.07858286448128327,0.043460184736329566
0.7718845094600344,0.0829324518181446,0.050432001639134756
0.77919590859596,0.08658938742666475,0.053737055647543885
0.77919590859596,0.0907085529465371,0.053737055647543885
0.7834512277448962,0.09460101469671907,0.05163677897989208
0.7964825272212084,0.10054773178313296,0.046007366091391215
0.7964825272212084,0.10694311849959921,0.046007366091391215
0.8051660006105642,0.11654185458609027,0.04589685515657956
0.817690714473908,0.12844450429380366,0.03645791480531831
0.8262013527717803,0.14699298113932172,0.03317366383070054
0.8395664027695778,0.1714464167450409,0.0306541667354738
0.8696993069950978,0.2055000479859598,0.04094910743943395
0.8809322747584742,0.2628903589102758,0.03972463878410371
0.9149615951054374,0.3754160661271698,0.05972120837583122
0.9239788190162782,0.5065602251774812,0.06807303635085228
0.9399858703261168,0.6341582244685522,0.05226414162274005
0.9714812085482682,0.7908118452650943,0.04218348624709426
0.9869565217391305,0.9256146922967032,0.02608695652173911
1.0,0.9970147674301708,0.0
1.0,1.0,0.0
1.0,1.0,0.0
1.0,1.0,0.0
1.0,1.0,0.0
1.0,1.0,0.0
1.0,1.0,0.0
1.0,1.0,0.0
1.0,1.0,0.0
