tp_ave_seq,fp_ave_seq,std_tp
0.0,0.0,0.0
0.0,0.0,0.0
0.0,0.0,0.0
0.0,0.0,0.0
0.0,0.0,0.0
0.0,0.0,0.0
0.0,0.0,0.0
0.0,0.0,0.0
0.0,0.0,0.0
0.0,0.0,0.0
0.0,0.0,0.0
0.0,0.0,0.0
0.0,0.0,0.0
0.0,0.0,0.0
0.0,0.0,0.0
0.0,0.0,0.0
0.0,0.0,0.0
0.0,0.0,0.0
0.0,0.0,0.0
0.0,0.0,0.0
0.0,0.0,0.0
0.0,0.0,0.0
0.0,0.0,0.0
0.0,0.0,0.0
0.0,0.0,0.0
0.0,0.0,0.0
0.0,0.0,0.0
0.0,0.0,0.0
0.0,0.0,0.0
0.0,0.0,0.0
0.0,0.0,0.0
0.0,0.0,0.0
0.0,0.0,0.0
0.0,0.0,0.0
0.0,0.0,0.0
0.0,0.0,0.0
0.0,0.0,0.0
0.0,0.0,0.0
0.0,0.0,0.0
0.004878048780487805,0.0,0.009756097560975611
0.004878048780487805,0.0,0.009756097560975611
0.004878048780487805,0.0,0.009756097560975611
0.00975609756097561,0.0,0.019512195121951223
0.00975609756097561,0.0,0.019512195121951223
0.014634146341463414,0.0,0.029268292682926828
0.014634146341463414,0.0,0.029268292682926828
0.019285309132161088,0.0,0.02840835482603088
0.038011138039498786,0.0,0.039186568505066834
0.05684267519207962,0.00028776978417266187,0.06116071292289461
0.07546279585417418,0.0011494276601674183,0.06941502388329969
0.09464317021605735,0.0014359606114568166,0.08178495138475496
0.10894549579745269,0.0014359606114568166,0.09207958486067185
0.11847470736863816,0.0020106780007865606,0.10287855932887091
0.141307688341154,0.0020106780007865606,0.10718576066578406
0.16515546846800394,0.0020106780007865606,0.11527027531569832
0.18935208580415613,0.0022988624388269067,0.11808350840540391
0.23173052132212651,0.0025858064847379537,0.13387888242050872
0.23627597586758106,0.0031617607069509618,0.137084356025063
0.2595635022946424,0.0034482936582403605,0.1545423845463462
0.27374387665652555,0.0037352377041514075,0.1629850169365727
0.2887501305652185,0.0043099515342351164,0.1529386788273972
0.3038783356934236,0.004885905756448124,0.14601134132884908
0.3133018390193659,0.005173675540620786,0.14772995365575237
0.3361348199918818,0.006034925881239929,0.1696636845867172
0.3499826001187317,0.006607992960055124,0.1834627845856627
0.35998260011873173,0.006895762744227786,0.18455064704722834
0.3696337629094294,0.007183532528400448,0.19033161620712988
0.3944418816199871,0.00747130231257311,0.16682516572056721
0.4180620022820817,0.008047256534786117,0.17897647899198108
0.42819020741028685,0.008622385018737511,0.17185162464590809
0.4378413702009845,0.008910154802910172,0.17766897466622433
0.4527194189814724,0.009484457538372232,0.17896600594149625
0.45771941898147234,0.010346118973613023,0.18193855306898796
0.4728476241096774,0.011207369314232166,0.18092327016945178
0.49193853320058656,0.012355984256121156,0.19719237510947266
0.49706673832879167,0.012643754040293817,0.1891702870003831
0.5021949434569968,0.013506241213796224,0.18137350983259723
0.5224576076220999,0.014652375371426616,0.1544943701090788
0.5321312672957597,0.015226682842371112,0.15181939542018574
0.5511072525508147,0.015798928908179407,0.15500822449467888
0.5511072525508147,0.016373236379123902,0.15500822449467888
0.5608633501117903,0.0169475438500684,0.14419976125507797
0.5756194476727658,0.017809621105185556,0.13951648530290867
0.580747652800971,0.01953294987715825,0.1317119687534025
0.5953817991424344,0.02010725261262031,0.1215341044238848
0.605032961933132,0.020966852642724906,0.12835745060068232
0.6194634926427326,0.021826041578207854,0.12594346442440824
0.6245916977709377,0.021826041578207854,0.11756375511640156
0.6245916977709377,0.022112164611112,0.11756375511640156
0.6294697465514255,0.022112164611112,0.11427081690667978
0.6394760004601185,0.022971354722831346,0.10273544278711656
0.6548606158447339,0.022971354722831346,0.07762934734496767
0.6644060703901884,0.023544421801646544,0.08553700862917561
0.6644060703901884,0.024119550285597934,0.08553700862917561
0.6694060703901883,0.024979150315702532,0.09095338993861515
0.6742841191706761,0.024979150315702532,0.0868780526224289
0.6742841191706761,0.025552216218281326,0.0868780526224289
0.6788295737161307,0.025552216218281326,0.09006750398825457
0.6885032333897904,0.025838339251185477,0.08637537569441722
0.7029267367157327,0.026700000686426268,0.09199090538744195
0.7029267367157327,0.026987770470598926,0.09199090538744195
0.7078047854962205,0.027563724692811938,0.08880585491540798
0.7078047854962205,0.028712749553086177,0.08880585491540798
0.712350240041675,0.028999693598997223,0.09362660142810271
0.712350240041675,0.02957358641607404,0.09362660142810271
0.712350240041675,0.029861356200246693,0.09362660142810271
0.7170014028323728,0.030720545135729638,0.09451078054948639
0.7170014028323728,0.031007078087019035,0.09451078054948639
0.7170014028323728,0.031007078087019035,0.09451078054948639
0.7170014028323728,0.03158220657097043,0.09451078054948639
0.7170014028323728,0.03158220657097043,0.09451078054948639
0.7170014028323728,0.03158220657097043,0.09451078054948639
0.7170014028323728,0.03186915061688148,0.09451078054948639
0.7170014028323728,0.032155273649785626,0.09451078054948639
0.7221296079605779,0.032155273649785626,0.08642504482891138
0.7221296079605779,0.032155273649785626,0.08642504482891138
0.7221296079605779,0.03244139668268978,0.08642504482891138
0.7221296079605779,0.03244139668268978,0.08642504482891138
0.7221296079605779,0.03244139668268978,0.08642504482891138
0.7221296079605779,0.03244139668268978,0.08642504482891138
0.7221296079605779,0.032729166466862435,0.08642504482891138
0.7221296079605779,0.032729166466862435,0.08642504482891138
0.7221296079605779,0.032729166466862435,0.08642504482891138
0.7221296079605779,0.033015699418151835,0.08642504482891138
0.7221296079605779,0.03330223236944123,0.08642504482891138
0.7221296079605779,0.03387488835363478,0.08642504482891138
0.7221296079605779,0.034449191089096845,0.08642504482891138
0.7319089758794808,0.03473572404038624,0.08037836904304883
0.7319089758794808,0.03473572404038624,0.08037836904304883
0.7319089758794808,0.03502184707329039,0.08037836904304883
0.7319089758794808,0.03531003151133073,0.08037836904304883
0.7319089758794808,0.03531003151133073,0.08037836904304883
0.7364544304249352,0.035596564462620134,0.08560155024591909
0.7364544304249352,0.035596564462620134,0.08560155024591909
0.741105593215633,0.03588350850853118,0.087763396862766
0.741105593215633,0.03617004145982057,0.087763396862766
0.7459836419961208,0.03617004145982057,0.08361844277678958
0.7508616907766086,0.03617004145982057,0.08044897137426711
0.7508616907766086,0.036457811243993235,0.08044897137426711
0.7508616907766086,0.03760683610426748,0.08044897137426711
0.7508616907766086,0.038181964588218875,0.08044897137426711
0.7559898959048137,0.03904197453670871,0.07202584592329715
0.7559898959048137,0.03933015897474906,0.07202584592329715
0.7559898959048137,0.03990322605356426,0.07202584592329715
0.7559898959048137,0.04018934908646841,0.07202584592329715
0.7559898959048137,0.04105142634158556,0.07202584592329715
0.7611181010330188,0.04248698175991185,0.06413887954627079
0.7611181010330188,0.04248698175991185,0.06413887954627079
0.7611181010330188,0.04248698175991185,0.06413887954627079
0.7611181010330188,0.04335153507403288,0.06413887954627079
0.7656635555784733,0.043926663557984275,0.07015563507507594
0.7656635555784733,0.044213607603895325,0.07015563507507594
0.770314718369171,0.04478873608784671,0.07239628386943459
0.770314718369171,0.04536469031005973,0.07239628386943459
0.770314718369171,0.04565163435597077,0.07239628386943459
0.770314718369171,0.046225941826915265,0.07239628386943459
0.770314718369171,0.04679818789272357,0.07239628386943459
0.7754429234973762,0.04765984576871832,0.06544737526374181
0.7754429234973762,0.04823332276591876,0.06544737526374181
0.7754429234973762,0.04880763023686326,0.06544737526374181
0.7799883780428307,0.050531784747097575,0.07188714839058707
0.7799883780428307,0.051106502136427326,0.07188714839058707
0.7799883780428307,0.051966932640275965,0.07188714839058707
0.7799883780428307,0.051966932640275965,0.07188714839058707
0.7799883780428307,0.053114307190035646,0.07188714839058707
0.7799883780428307,0.05455192284748946,0.07188714839058707
0.7851165831710358,0.0559870660051854,0.06613370525394086
0.7996682916251834,0.0579969277284475,0.06315217130299926
0.7996682916251834,0.05943454455190998,0.06315217130299926
0.7996682916251834,0.06058356112768347,0.06315217130299926
0.8093419512988429,0.06173217133409002,0.06744628785741467
0.814470156427048,0.06287748330247712,0.06513677116601121
0.814470156427048,0.06345178603793919,0.06513677116601121
0.8195983615552531,0.06488775138487843,0.06439708124454843
0.8291275731264387,0.06660942867010018,0.05808044010492529
0.8336730276718931,0.0686201161316239,0.06625355189714546
0.8336730276718931,0.07092062649795572,0.06625355189714546
0.8383241904625909,0.07379173972784563,0.0671488047427791
0.8383241904625909,0.07694814551689565,0.0671488047427791
0.8383241904625909,0.07981843417453263,0.0671488047427791
0.8383241904625909,0.08240383546614005,0.0671488047427791
0.8383241904625909,0.08584718530110114,0.0671488047427791
0.8434523955907961,0.08929218778882182,0.06656932636205752
0.8535806007190011,0.09646626625623339,0.06464186214611989
0.8582317635096988,0.11223474078040571,0.06579624311577516
0.8633599686379039,0.15375548963889574,0.06762727528462785
0.8838727891507243,0.30549332060745094,0.08749021891885618
0.9084020007219099,0.3732413228782732,0.07342217413454909
0.9518847006651885,0.6271001648863426,0.07558211613840465
0.9613082039911308,0.8041586272946176,0.06660415815407153
0.9804878048780488,0.9460495578002058,0.039024390243902425
0.9951219512195122,0.9979913916786227,0.009756097560975618
1.0,0.9997130559540889,0.0
1.0,1.0,0.0
1.0,1.0,0.0
1.0,1.0,0.0
1.0,1.0,0.0
1.0,1.0,0.0
1.0,1.0,0.0
1.0,1.0,0.0
1.0,1.0,0.0
1.0,1.0,0.0
