tp_ave_seq,fp_ave_seq,std_tp
0.0,0.0,0.0
0.0,0.0,0.0
0.0,0.0,0.0
0.0,0.0,0.0
0.0,0.0,0.0
0.0,0.0,0.0
0.0,0.0,0.0
0.0,0.0,0.0
0.0,0.0,0.0
0.0,0.0,0.0
0.0,0.0,0.0
0.0,0.0,0.0
0.0,0.0,0.0
0.0,0.0,0.0
0.0,0.0,0.0
0.0,0.0,0.0
0.0,0.0,0.0
0.0,0.0,0.0
0.002127659574468085,0.0,0.00425531914893617
0.006382978723404255,0.0,0.01276595744680851
0.00932415519399249,0.0,0.01265009138272168
0.018901603194469277,0.0,0.020247255532706017
0.024223732046009895,0.0,0.021948342877651784
0.03604788724000239,0.0002,0.03139807824652501
0.045065111150843315,0.0010060606060606062,0.037542105043475764
0.049573723106263776,0.0010060606060606062,0.041390217626146225
0.05595670182966803,0.0014021141870123894,0.05231780177350273
0.06365978306216104,0.0018009847827333788,0.053714824283333705
0.07242371416651767,0.0018009847827333788,0.06498346651117141
0.07536489063710591,0.0018009847827333788,0.06529898237684764
0.077492550211574,0.0018009847827333788,0.06878184479385513
0.08424786936051017,0.0019978351764341666,0.07383982272722134
0.09125648131593063,0.0024018755804745703,0.07608159218712747
0.1076276297753144,0.002995576367876145,0.0726062562816592
0.11242195601644914,0.002995576367876145,0.07277799596258396
0.12781292091304608,0.0035967997571473434,0.07461965206714646
0.13281292091304608,0.004796561150609524,0.07169353712498452
0.14486915191608557,0.004996561150609524,0.07018237551379673
0.15325150485726208,0.005397784539880722,0.07138968998464759
0.15832034090231836,0.006000040999421622,0.07611898871359009
0.1608203409023184,0.006806101605482227,0.0751831014142677
0.16544800047678648,0.007405304792733223,0.07756132036633842
0.1681146671434531,0.007607324994753426,0.07331539305542437
0.1729956195244055,0.008003378575705208,0.07250351657293261
0.18278994576554025,0.008407418979745613,0.07100505518823326
0.18573112223612848,0.008407418979745613,0.07219527427523956
0.18811207461708088,0.008606622166996609,0.07172203457013177
0.19610087013528815,0.008606622166996609,0.06844909027882376
0.20860948209070865,0.009005492762717598,0.05833690561856163
0.21099043447166102,0.009600749530920378,0.05827701629996053
0.21897922998986824,0.009600749530920378,0.05579350258382776
0.22397922998986827,0.010199952718171375,0.05383421431276686
0.22930135884140887,0.010401972920191576,0.05572241863317876
0.2316823112223613,0.010598823313892364,0.05629866153637316
0.23950444007390187,0.011397465945915054,0.05828183843572679
0.24217110674056858,0.011992532395116337,0.053469348539852614
0.24761228321115683,0.012191735582367334,0.055109659654716016
0.2501122832111568,0.012390938769618328,0.054877255499914075
0.2522399427856249,0.012790141956869325,0.056858202559356114
0.2551811192562131,0.013187561199620815,0.05927728663920529
0.2627287383038322,0.013984838169843796,0.05458340761894635
0.2627287383038322,0.014582911952815783,0.05458340761894635
0.2702763573514512,0.01498413534208698,0.050212223713199264
0.2755984862029919,0.015180985735787767,0.05352384175857933
0.27797943858394425,0.015577039316739549,0.05470225945814143
0.282741343345849,0.015577039316739549,0.058167540072202616
0.285241343345849,0.01597826270601075,0.0580495994932097
0.285241343345849,0.01617826270601075,0.0580495994932097
0.2905634721973896,0.016376478761511243,0.06218731076492762
0.2926911317718576,0.01657568194876224,0.06294235681009655
0.2976911317718577,0.017174552544483232,0.06332321030310238
0.30007208415281006,0.01737455254448323,0.06526039236624594
0.30007208415281006,0.017774788802003928,0.06526039236624594
0.30245303653376243,0.018170842382955712,0.06747859019292499
0.3080608796710174,0.01837286258497591,0.06420721012125868
0.3080608796710174,0.0193704721467289,0.06420721012125868
0.31018853924548545,0.019772492348749105,0.06471365228265423
0.3149504440073902,0.019972492348749104,0.06956380096277308
0.3178916204779784,0.020169342742449893,0.07139467331219618
0.3250881160975029,0.020567749116951882,0.07465332840588182
0.3295967280529233,0.020769769318972085,0.07769823557163574
0.3319776804338757,0.021561876480875652,0.08011005530398019
0.3319776804338757,0.021961876480875654,0.08011005530398019
0.33673958519578046,0.02216009253637615,0.08552710495683925
0.33923958519578046,0.02235694293007694,0.0849628610412767
0.33923958519578046,0.02335638237484863,0.0849628610412767
0.34173958519578046,0.02415582181962032,0.08469055337131995
0.3444062518624471,0.024755025006871316,0.07983657500980508
0.3444062518624471,0.025155025006871317,0.07983657500980508
0.3444062518624471,0.025351875400572106,0.07983657500980508
0.3465339114369152,0.02594792898152389,0.08040886718411516
0.3494750879075034,0.026343982562475672,0.0819200108208965
0.3567694141486382,0.027343089415717357,0.07737793361240587
0.35971059061922644,0.028339379254189844,0.07911348312405234
0.3622105906192264,0.028339379254189844,0.07896448732768156
0.3622105906192264,0.028935100243611615,0.07896448732768156
0.3647105906192264,0.02973251948636311,0.0791317717849629
0.37482704571190173,0.03013453968838331,0.07872262055817572
0.38587606531974494,0.0305313900820841,0.0783149619238887
0.3885427319864116,0.0305313900820841,0.0733735103690649
0.39092368436736397,0.031327111071505875,0.0755667869273864
0.39092368436736397,0.031327111071505875,0.0755667869273864
0.39092368436736397,0.03152396146520666,0.0755667869273864
0.39092368436736397,0.03232203524817865,0.0755667869273864
0.39092368436736397,0.032718885641879435,0.0755667869273864
0.3938648608379522,0.03291808882913043,0.07827548260977799
0.39974721377912864,0.0339150332078234,0.0846645582110386
0.40212816616008107,0.0343134395823254,0.08659150851509803
0.40212816616008107,0.03510592527427817,0.08659150851509803
0.41013817867572566,0.03550099172347946,0.09351358085784964
0.41013817867572566,0.03590099172347946,0.09351358085784964
0.4181269741939329,0.036697045304431235,0.09469938407458398
0.42288887895583765,0.03709728156195193,0.09861562102455695
0.4301832051969724,0.03729728156195193,0.09312278172273077
0.432849871863639,0.03790132196599234,0.08887811781220366
0.432849871863639,0.03790132196599234,0.08887811781220366
0.4417328505870433,0.03889624614266511,0.08753225952308563
0.44717402705763154,0.039891967132086883,0.09034872387981337
0.44717402705763154,0.040693426778878786,0.09034872387981337
0.44717402705763154,0.040693426778878786,0.09034872387981337
0.45180168663209963,0.04148985888987977,0.08990514904937937
0.4541826390130521,0.04168985888987977,0.0916068593659808
0.4541826390130521,0.042291082279150974,0.0916068593659808
0.4541826390130521,0.04248793267285176,0.0916068593659808
0.45631029858752015,0.042686148728352254,0.09178134073397674
0.45631029858752015,0.04308535191560325,0.09178134073397674
0.4617514750581083,0.04388041836480454,0.09475061061865965
0.4617514750581083,0.04507549310782822,0.09475061061865965
0.4617514750581083,0.045874363703549206,0.09475061061865965
0.46469265152869665,0.046469999001801196,0.09833512883745119
0.4671926515286966,0.047076059607861806,0.09808840046526725
0.4701338279992848,0.047076059607861806,0.10182314042790121
0.4728004946659515,0.04806403003171565,0.0972289072215295
0.4728004946659515,0.048266050233735855,0.0972289072215295
0.4754671613326181,0.048865253420986854,0.09271384881059778
0.4754671613326181,0.04986206616999084,0.09271384881059778
0.47759482090708627,0.04986206616999084,0.09264206659260137
0.47759482090708627,0.050862492746513034,0.09264206659260137
0.4832026640443411,0.052057985772236505,0.0923403408073495
0.4878303236188092,0.052655405014988,0.09185115123627699
0.4878303236188092,0.0538634858230688,0.09185115123627699
0.4878303236188092,0.05466076279329178,0.09185115123627699
0.4878303236188092,0.054858978848792275,0.09185115123627699
0.49021127599976155,0.055662222440083675,0.09290123381908642
0.49233893557422964,0.057057297183107356,0.09297920078276367
0.49233893557422964,0.05765471642585886,0.09297920078276367
0.49233893557422964,0.05845156681955963,0.09297920078276367
0.49233893557422964,0.05925481041085103,0.09297920078276367
0.49233893557422964,0.06005044570910303,0.09297920078276367
0.49233893557422964,0.06064649929005481,0.09297920078276367
0.5000744382859527,0.0610433496837556,0.0927815369883293
0.5022020978604208,0.06243804589673008,0.09312074925042564
0.5022020978604208,0.06343387151398357,0.09312074925042564
0.5022020978604208,0.06423711510527497,0.09312074925042564
0.5070830502413732,0.06564317571133557,0.09343883707344822
0.5097497169080398,0.06623960782233655,0.0889027933889092
0.5097497169080398,0.06664083121160776,0.0889027933889092
0.5121306692889922,0.06763810818183073,0.09003728425244413
0.5145116216699446,0.0688336012075542,0.09140607153073953
0.5220592407175637,0.06982575430797697,0.08777907831397713
0.5271068597651827,0.07121235907003112,0.08510091017365608
0.5297735264318494,0.0722074255192324,0.08075639289639575
0.5345354311937541,0.0730086489085036,0.08506332949839109
0.5366630907682222,0.07500662635746629,0.08483782876778566
0.5414574170093569,0.07659855149419074,0.08052072370585367
0.5439574170093568,0.07800583548952256,0.07938072726466822
0.5517795458608975,0.0793948389836461,0.08404296761084726
0.5568483819059539,0.08079268480291979,0.08731906913303979
0.5621817152392873,0.08317789244434604,0.07878813633576912
0.5621817152392873,0.08736343032828517,0.07878813633576912
0.5643093748137553,0.09095244211623113,0.07866016709868404
0.5721315036652959,0.09333632384850825,0.0832054738712268
0.5841877346683354,0.09553125631900342,0.0821036496437857
0.5917353537159545,0.09772463280869739,0.07939219712001647
0.5997241492341617,0.10051303810289584,0.08118723796499185
0.6099384349484473,0.10251591145796042,0.07521852902374727
0.6204272304666547,0.10709754267550194,0.0766734205701057
0.6285350736039096,0.11088637454622256,0.07566745400212967
0.6395840932117528,0.1134785839869407,0.07922031991274915
0.6502395553966267,0.11787149390639855,0.07993902566310448
0.6593758269265153,0.12204706451787946,0.07736290739414377
0.6674836700637703,0.12762174198260207,0.07757677873167655
0.6784136420525657,0.13420099934954133,0.08577660272744074
0.6953356278681685,0.1417750952019836,0.07587701676479278
0.7125585255378748,0.15174293778034667,0.07140197575184198
0.7176273615829312,0.16293072953374624,0.07309876134622852
0.7352438166756065,0.1756886190782787,0.07420322733722735
0.759475326300733,0.1942331839637884,0.07086727258472494
0.7764337266821623,0.2154118734749484,0.07537004160834387
0.8051586506943202,0.25409262574971975,0.07017337358887273
0.8386454794683831,0.3010365071048502,0.07464088067602644
0.8625912748077955,0.36088626008058233,0.08534865110378409
0.9024928780022646,0.46616581227385456,0.0644928479548801
0.9171503665295905,0.5804937435547572,0.052438994966717
0.954147207819298,0.7272407731960542,0.03319682736341717
0.9871956612432207,0.8714323847639596,0.011625555921182723
0.9970588235294118,0.9808162594077938,0.00588235294117645
1.0,1.0,0.0
1.0,1.0,0.0
1.0,1.0,0.0
1.0,1.0,0.0
1.0,1.0,0.0
