tp_ave_seq,fp_ave_seq,std_tp
0.0,0.0,0.0
0.0,0.0,0.0
0.0,0.0,0.0
0.0,0.0,0.0
0.0,0.0,0.0
0.0,0.0,0.0
0.0,0.0,0.0
0.0,0.0,0.0
0.0,0.0,0.0
0.0,0.0,0.0
0.0,0.0,0.0
0.0,0.0,0.0
0.0,0.0,0.0
0.0,0.0,0.0
0.0,0.0,0.0
0.0,0.0,0.0
0.0,0.0,0.0
0.0,0.0,0.0
0.0,0.0,0.0
0.0,0.0,0.0
0.0,0.0,0.0
0.0,0.0,0.0
0.0,0.0,0.0
0.0,0.0,0.0
0.0,0.0,0.0
0.0,0.0,0.0
0.0,0.0,0.0
0.0,0.0,0.0
0.0,0.0,0.0
0.0,0.0,0.0
0.0,0.0,0.0
0.0,0.0,0.0
0.0,0.0,0.0
0.0,0.0,0.0
0.0,0.0,0.0
0.0,0.0,0.0
0.0,0.0,0.0
0.0,0.0,0.0
0.0,0.0,0.0
0.0,0.0,0.0
0.0,0.0,0.0
0.0,0.0,0.0
0.0,0.0,0.0
0.0,0.0,0.0
0.0,0.0,0.0
0.0,0.0,0.0
0.0,0.0,0.0
0.0,0.0,0.0
0.0,0.0,0.0
0.0,0.0,0.0
0.0,0.0,0.0
0.0,0.0,0.0
0.0,0.0,0.0
0.0,0.0,0.0
0.0,0.0,0.0
0.0,0.0,0.0
0.0,0.0,0.0
0.0,0.0,0.0
0.0,0.0,0.0
0.0,0.0,0.0
0.0,0.0,0.0
0.0,0.0,0.0
0.0,0.0,0.0
0.0,0.0,0.0
0.0,0.0,0.0
0.0,0.0,0.0
0.0014184397163120566,0.0,0.0028368794326241137
0.0014184397163120566,0.0,0.0028368794326241137
0.0028368794326241132,0.0,0.005673758865248227
0.0028368794326241132,0.0,0.005673758865248227
0.00425531914893617,0.0,0.00851063829787234
0.00541138851309802,0.0,0.008242454824297975
0.007985897593571926,0.0,0.011131624563601129
0.009251720378382053,0.0,0.01049308498264159
0.011935982879504236,0.0,0.01295394882835235
0.014510491959978142,0.0009042585535916977,0.015613741626537416
0.02029083878078739,0.0009042585535916977,0.020252448472473334
0.026026707648546827,0.0009042585535916977,0.015439287231231735
0.02872110186192838,0.001577106446253955,0.014069846250775335
0.03141549607530994,0.0020231792525964437,0.013396315649049964
0.033837388224281915,0.0020231792525964437,0.014938370707008942
0.03778747351021423,0.0020231792525964437,0.01718521928765011
0.044054754616205005,0.0022501940085555812,0.00832763518868763
0.04935537277579356,0.002700423050229004,0.010327929156598295
0.052396847430171443,0.002700423050229004,0.007246678184499751
0.05780721901040827,0.002700423050229004,0.013347663275607321
0.06426390653415869,0.002927437806188141,0.01810440597063942
0.06712104939130155,0.0035882888533903924,0.015430431390779467
0.06989002198126984,0.0035882888533903924,0.015713185162192368
0.07401298762322281,0.0038153036093495295,0.016410411248298777
0.07866736550340715,0.004034121990093512,0.01712444499702275
0.07866736550340715,0.004699404795207795,0.01712444499702275
0.0802802687292136,0.005137520895974498,0.018331584718373317
0.08574363553256345,0.005356339276718481,0.020825014034095358
0.08716207524887551,0.006025386699135886,0.018420714544543786
0.09261531033996599,0.006244205079879868,0.018851110233161057
0.09503720248893799,0.006244205079879868,0.020111539031738353
0.09756884805855823,0.006467419365594156,0.023617507842537015
0.1015617968553442,0.006467419365594156,0.019636301975594708
0.10424605935646639,0.007124745465132652,0.020224114568292213
0.10585896258227283,0.008223900414431778,0.021150578732548334
0.10870597372715632,0.00844271879517576,0.018522328691752587
0.10997179651196645,0.008896748307094035,0.0206588601727605
0.10997179651196645,0.009115806357477389,0.0206588601727605
0.11281880765684993,0.009561639494180508,0.018428985066055597
0.11708425851804546,0.00978045787492449,0.01607784173787216
0.11708425851804546,0.010437544304823618,0.01607784173787216
0.12314694440228247,0.010437544304823618,0.01784900756084196
0.12618841905666037,0.010656362685567602,0.01821596431393949
0.1274542418414705,0.010883377441526738,0.019679860703773883
0.13129457370675454,0.011540499724367596,0.019806121094272332
0.13549211772529426,0.011759557774750948,0.018376332226194135
0.13691055744160632,0.012213587286669223,0.018537454043619523
0.14405473431341842,0.012432645337052574,0.021317004547025262
0.14548330574198984,0.01265585962276686,0.02045335991367513
0.14816756824311203,0.01308997143659107,0.02252573792920495
0.14816756824311203,0.013535804573294192,0.02252573792920495
0.15104629425372862,0.013535804573294192,0.024899544202468815
0.1536309350464619,0.014638963809535808,0.02216037190064493
0.15478700441062374,0.015304450431347733,0.02021166268358734
0.1599562859960903,0.015519504194788591,0.015057087209051134
0.1626405484972125,0.016623055049058023,0.017036787112179843
0.1665906337831448,0.017288337854172303,0.02107316328640477
0.16774670314730664,0.01794102837910113,0.019277907211152794
0.17051567573727494,0.01859811480900026,0.017937482496387006
0.17616337433785983,0.019032226622824472,0.020149888579994196
0.18017658655916455,0.01925924137878361,0.016398084439616177
0.18552006822960676,0.019705074515486726,0.014616817525268702
0.1867858910144169,0.019705074515486726,0.01622121660857402
0.18981723395653538,0.02081663394364114,0.017834194881466734
0.18981723395653538,0.021258906279738775,0.017834194881466734
0.19284857689865392,0.021485921035697915,0.020018624984219323
0.19572730290927046,0.021700974799138774,0.023115264033957045
0.20145304006477055,0.022366257604253054,0.02505570200883871
0.20145304006477055,0.0234618517529467,0.02505570200883871
0.20448438300688904,0.02412713455806098,0.02753568473728261
0.20591295443546045,0.025234485882575264,0.026312358058228017
0.20986303972139275,0.025453304263319248,0.028588495008325155
0.2154044450796578,0.026552271411288204,0.028238263530622743
0.2179890858723911,0.026771329461671555,0.02555644755111813
0.22199216638143643,0.027432420178513172,0.023567233528364838
0.23155823540222054,0.027870688227668316,0.02591427911313516
0.23709964076048556,0.0280939025133826,0.027273307401752656
0.24363436683915113,0.02853617484948024,0.0282968316407318
0.24732208177293327,0.028970046993665084,0.029119752452623795
0.25312239730502006,0.029404158807489294,0.028735638503019294
0.25858576410836986,0.029619212570930153,0.028445794923926127
0.26128015832175144,0.030710258866265057,0.02963110218378015
0.26799921619765205,0.030933473151979342,0.031935735433620945
0.2692650389824622,0.031156687437693627,0.033659352142825213
0.2705308617672723,0.03181401353723212,0.03548001175653055
0.2730625073368926,0.03246317911449719,0.039357910324638465
0.27467541056269906,0.03268199749524118,0.03986369300579798
0.2758314799268609,0.03356218211540788,0.03812972606429422
0.2830704985997785,0.03465738464607371,0.03684843796513544
0.2870735791088238,0.03687590378071459,0.034406884845477735
0.2923741972684124,0.03797090249468278,0.0372254769342757
0.2970184434363373,0.038862808437728394,0.03929968728005605
0.2998755862934802,0.04085066429455373,0.038362833159464704
0.30653019750505345,0.04193770630294614,0.04320311176745174
0.3131496336725651,0.04304062586954838,0.042331361881028394
0.3217239964151449,0.0448087121458182,0.0388810714898489
0.3259114087214252,0.0465729262459597,0.037354570693851855
0.32732984843773727,0.0479036956728859,0.03666044316107994
0.3311701803030213,0.04834952880958903,0.0366616474131292
0.334900758747657,0.0492336299954473,0.03333451345207591
0.3389139709689618,0.05055599923046071,0.030529634877744828
0.3443672060600523,0.05143638766732504,0.03124529922605565
0.3470616002734338,0.052316572287491744,0.03285927099964273
0.3538653682381806,0.05430819276162021,0.03360063509298333
0.35709117468979346,0.05561444476878441,0.03579055577280415
0.36523880399426545,0.057167557524118354,0.03793769601474076
0.36934150621169975,0.05958485376721649,0.03845508754760603
0.37845579846257404,0.060906831384202095,0.040254231151382804
0.3813129413197169,0.06332760818540074,0.03913141897121518
0.39026448492682986,0.06528679038713313,0.04477690736290636
0.3994054349517024,0.0677320846080938,0.04689581475501281
0.4054681208359394,0.07038471555655887,0.0495793464399708
0.41370392040758597,0.07280617551373389,0.05004320397235934
0.42005085451068813,0.07612725844989093,0.0481014851200019
0.42643296365785177,0.08056044438061866,0.05063301839800884
0.4354742919743355,0.08388207088319195,0.050694412238973925
0.446468932423691,0.08848140784865069,0.05118700627072684
0.45475772721845065,0.09360452611506888,0.04771817801929136
0.46707118567572936,0.10197960681627014,0.04571790238558328
0.4835504732858146,0.10841882438730414,0.041730588341631056
0.4931695375297117,0.11414559833912714,0.03930233695822325
0.5030147801488363,0.12252849233413725,0.04137558908663105
0.5119463550446717,0.13353002489193347,0.038306083471310974
0.5333474655076162,0.146985636001885,0.03718353594171371
0.5673313791100143,0.1644371435095408,0.037788443676392
0.6059318817022676,0.18762122082563434,0.0445139640383569
0.6319876728414902,0.2239497823509348,0.04988589059835249
0.7614662735119333,0.3197739881067204,0.07506213416811636
0.8746180194634565,0.5111079730989694,0.06633243227947698
0.9521345864356692,0.7546247652412348,0.03946187580181428
0.9971631205673759,0.9842278203723988,0.005673758865248236
1.0,1.0,0.0
1.0,1.0,0.0
1.0,1.0,0.0
1.0,1.0,0.0
1.0,1.0,0.0
