tp_ave_seq,fp_ave_seq,std_tp
0.0,0.0,0.0
0.0,0.0,0.0
0.0,0.0,0.0
0.0,0.0,0.0
0.0,0.0,0.0
0.0,0.0,0.0
0.0,0.0,0.0
0.0,0.0,0.0
0.0,0.0,0.0
0.0,0.0,0.0
0.0,0.0,0.0
0.0,0.0,0.0
0.0,0.0,0.0
0.0,0.0,0.0
0.0,0.0,0.0
0.0,0.0,0.0
0.0,0.0,0.0
0.0,0.0,0.0
0.0,0.0,0.0
0.0,0.0,0.0
0.0,0.0,0.0
0.0,0.0,0.0
0.0014814814814814816,0.0,0.0029629629629629637
0.0014814814814814816,0.0,0.0029629629629629637
0.005614035087719299,0.0,0.005494725279515904
0.005614035087719299,0.00022650056625141563,0.005494725279515904
0.005614035087719299,0.00022650056625141563,0.005494725279515904
0.008265107212475633,0.00045300113250283127,0.008293745668974499
0.015570343483229143,0.00045300113250283127,0.018523838139026926
0.022149626940915507,0.00045300113250283127,0.020438876508431632
0.025970289708946694,0.000670628988868446,0.020090140292323068
0.034133225784768434,0.000670628988868446,0.020038577072966784
0.04115351073608787,0.001330501069656503,0.018304850213145714
0.042323101379362724,0.001550523071856723,0.018807157415575933
0.05308344005258705,0.0019970456403083587,0.018153268151314864
0.060934485290202164,0.0022170676425085785,0.022517914787291725
0.06912436088479645,0.0026657904309822164,0.022903644066165994
0.07443188256255408,0.0026657904309822164,0.025120540682082228
0.08555261368328518,0.0035610357879074907,0.016977546397853947
0.09236855636129684,0.004456281144832764,0.018984149500249
0.09788579774060718,0.004898525369255206,0.027506662429084287
0.10441141167093979,0.0053426537918722355,0.028924680981561857
0.11116830739335275,0.006440175731226129,0.02749281696629054
0.11818859234467219,0.00732843257646019,0.0309201197809348
0.12606657710105987,0.007770676800882631,0.03395941470922862
0.14124979812820102,0.009317115454522764,0.03702029163533118
0.15065776597537034,0.009759359678945206,0.03526810931281363
0.15325516857277294,0.01108986074860171,0.03410040784925194
0.1586111918598307,0.011307488604967325,0.03903805699189663
0.16841165959133292,0.01196924488394997,0.042166385411173735
0.17681125488747992,0.012626916744716023,0.048635366898809096
0.1797742178504429,0.013737711833999721,0.048150301757268886
0.1810729191491442,0.014181840256616752,0.04810032023027874
0.1836703217465468,0.014625968679233783,0.0484200196370463
0.19297611845706222,0.015945712840809895,0.05208723287245018
0.19713561158207255,0.01616793506303212,0.05461402145837884
0.1999964034083816,0.016394435629283534,0.05591976252384384
0.20444084785282604,0.017729531064796644,0.05444848523428723
0.20678002913937577,0.017956031631048062,0.05156868870905095
0.21122447358382024,0.018842404278087532,0.05175012149905226
0.21369276552579639,0.019282254356675372,0.05059610858810748
0.21793286769693304,0.020164032637858233,0.054035190737830995
0.2207936595232421,0.020830383282697484,0.05539003186995054
0.22456065276391954,0.021492139561680133,0.054472779388445774
0.23160249980576658,0.021718640127931548,0.053362788385971714
0.23308398128724805,0.022373917842863,0.05256167137167879
0.23839150296500566,0.022373917842863,0.05785849404526218
0.2463716588580472,0.02348439691031928,0.05731616788116515
0.250219261144851,0.023926641134741723,0.058613354142331306
0.25170074262633246,0.025030641638146812,0.05854224000952672
0.2543518147510888,0.025483642770649646,0.057216391871927716
0.2570028868758451,0.02637888812757492,0.056051833708253715
0.26082354964387633,0.026601110349797136,0.05214482739989923
0.2622028599887039,0.027276333704522194,0.05456604490180186
0.2648808716322328,0.027940484129339443,0.05713735403775663
0.27111615681488643,0.02815811198570506,0.05575434548978632
0.2725976382963679,0.028378133987905278,0.055714832100627415
0.27675713142137826,0.0286003562101275,0.05702471147379726
0.279537314201561,0.0286003562101275,0.05755469921855068
0.2823981060278701,0.028817984066493114,0.05989004229607992
0.28377741637269766,0.028817984066493114,0.062143151363358906
0.2852588978541791,0.029044484632744533,0.062335347232857406
0.2879099699789355,0.029262112489110148,0.059569891804128285
0.29037826192091165,0.02992657893575481,0.058728123643637914
0.29037826192091165,0.030592929580594057,0.058728123643637914
0.29154785256418647,0.031037058003211094,0.05752142527696627
0.29539545485099017,0.031037058003211094,0.0591382325630787
0.3008536492747019,0.031703408648050345,0.06094920749335449
0.3035047213994583,0.03192103650441595,0.05825470114873663
0.30784699470724874,0.03192103650441595,0.06042880422433353
0.31210865896891304,0.03214105850661618,0.06136551622241744
0.3149694507952221,0.033027431153655654,0.06195987535442841
0.31751835178332455,0.033027431153655654,0.06292267903134943
0.31751835178332455,0.03346728123224349,0.06292267903134943
0.3188976621281522,0.03368730323444371,0.06520340494713024
0.32027697247297976,0.03390732523664393,0.0675198080057657
0.321575673771681,0.034577954225512374,0.06790307626380476
0.3272166483781729,0.03502019844993482,0.06780699034125333
0.3286981298596544,0.035686865116601484,0.06653690506357682
0.3286981298596544,0.0359133656828529,0.06653690506357682
0.3314783126398372,0.03635101554141874,0.06583315642653124
0.3329597941213186,0.03656864339778435,0.06577485931882071
0.33857382920903795,0.03701736618625799,0.06214447760984539
0.34234082244971537,0.03767264390118944,0.06160105185282246
0.34658092462085205,0.03877664440459453,0.06508245553387454
0.34892010590740175,0.03966729539566319,0.06218785985978474
0.34892010590740175,0.03966729539566319,0.06218785985978474
0.34892010590740175,0.040109539620085635,0.06218785985978474
0.35138839784937786,0.040331761842307856,0.06130535105669802
0.35255798849265274,0.04143595627152555,0.05998724000716905
0.35255798849265274,0.04165358412789116,0.05998724000716905
0.35640559077945644,0.04297572243530188,0.06164111197123761
0.35788707226093797,0.0432022230015533,0.06043386546537322
0.36352804686742984,0.04364666744599774,0.061837334205259754
0.36352804686742984,0.04431301809083699,0.061837334205259754
0.367348709635461,0.04497068995160305,0.05815028734756063
0.3687280199802886,0.04541054003019089,0.06057547469555363
0.3729681221514253,0.045852784254613324,0.06453446315257332
0.37426682345012646,0.04629263433320117,0.06492049062790899
0.3785284877117908,0.046945517902298006,0.06442654366107732
0.3785284877117908,0.04761426269297187,0.06442654366107732
0.3796980783550656,0.0480519125515377,0.06310415615628998
0.3810773886998932,0.0480519125515377,0.06552155696373209
0.38354568064186934,0.04870958441230375,0.06474373519301944
0.38502716212335086,0.049809500497492255,0.06365338224246288
0.38632586342205216,0.050249350576080085,0.0641950372695184
0.38632586342205216,0.051579851645736585,0.0641950372695184
0.38749545406532704,0.052019895650137024,0.06294026673148649
0.39027563684550987,0.052019895650137024,0.06303510372195832
0.3943060193150937,0.052019895650137024,0.06370357981643567
0.3981266820831249,0.05245754550870287,0.06099424280000078
0.3981266820831249,0.052897395587290695,0.06099424280000078
0.4022592356893627,0.05311961780951293,0.058187160780147525
0.4022592356893627,0.053994723600832,0.058187160780147525
0.40597772732074,0.05596923552969955,0.05848238486105236
0.4100350493090965,0.05596923552969955,0.06377968105193467
0.41559541486946205,0.0568510138108824,0.06200091923516939
0.4194160776374932,0.05773550225972729,0.05862153902030964
0.42336585106095087,0.058175352338315126,0.05749678193801479
0.42877554387536243,0.05928583140577141,0.06086365140507838
0.42877554387536243,0.05995218205061066,0.06086365140507838
0.434077688124875,0.060829681987764325,0.05825167315921771
0.43789835089290624,0.061493832412581585,0.05642814256644533
0.4393798323743877,0.06281973911638147,0.056288671224011114
0.4421600151545705,0.06370850590925556,0.05653030615573558
0.44640011732570706,0.06460375126618083,0.06133417836117122
0.4491587380153623,0.06525663483527769,0.06613183372927585
0.4549824928046343,0.06591839111426032,0.0692293940045795
0.4576335649293908,0.06635824119284815,0.06657616322291968
0.4576335649293908,0.06702270763949282,0.06657616322291968
0.4588031555726656,0.06879356873537719,0.06576419237230535
0.46166394739897465,0.07035057037128509,0.06852654311821182
0.46314542888045607,0.07123234865246797,0.06675413580864933
0.4657965010052124,0.0716810714409416,0.0642165453079325
0.46839390360261496,0.0729981054348557,0.06397111612049283
0.4711740863827979,0.07522825230148147,0.06434688691669813
0.4741370493457608,0.0767919264272532,0.06090952587732508
0.47710001230872373,0.07833785513325331,0.059742202532942386
0.47710001230872373,0.07921296092457238,0.059742202532942386
0.4782696029519986,0.08099917329439374,0.05868132197228716
0.483647188329584,0.08233187458407225,0.05934472491306445
0.48757539966251395,0.08410461987815118,0.0628196729941019
0.49165428374139797,0.08520862038155627,0.06155976297035327
0.4942031847295005,0.08699671694957221,0.06278159175563869
0.49537277537277535,0.09008253391536347,0.06178127463574682
0.5016617300827828,0.09162179013149979,0.057559449693088204
0.5070929849877218,0.09294561871129249,0.05340895426254703
0.5113546492493861,0.09538283045201609,0.05197348753252609
0.5153044226728437,0.09825329161126155,0.04971679679873993
0.5195445248439804,0.10069207152835231,0.05438443354468941
0.5223247076241632,0.10355994461595056,0.05314402602672639
0.5274440716908957,0.1057628413092641,0.05147058668084637
0.5356070077667173,0.10860786466359411,0.04848795692964838
0.5411458112365553,0.11216379613800498,0.05208155354114693
0.5426272927180368,0.11657488776394132,0.05065996489640194
0.5454880845443458,0.11967165556362555,0.05191196102758967
0.5495184670139298,0.12385915071678508,0.05311499508213933
0.5553422218032018,0.12804197967429023,0.055587538708611994
0.5651157500159315,0.1326750995966362,0.05468221984015932
0.5735099678838336,0.13730445112259293,0.053572810204031464
0.5798258621126134,0.14348640384441363,0.05315078427449817
0.5854668367191053,0.14965532760833417,0.05453538365487335
0.6005478866095926,0.1567009253399409,0.05967860764730662
0.6084743729752804,0.16748152703984434,0.061062457339230235
0.6296856910650014,0.17916844702658088,0.05801879423360707
0.6377680180946969,0.19376003336121564,0.05546893126758915
0.6500367777681753,0.20940528803341527,0.056436976079512424
0.6950031470176661,0.23069834232230027,0.0844854573088494
0.7151714535380597,0.258360430233863,0.08898217377064647
0.7346379009173928,0.29886797731563897,0.09406951267710968
0.7655881082015383,0.3580558544543598,0.08442823377949474
0.8173465359672256,0.46101231113848035,0.0953860280967774
0.8960751932076796,0.6078790115175943,0.039655480290264125
0.9614222250156914,0.7893929309818337,0.03274124194753528
0.9875727633259395,0.919663939586791,0.015156962853373857
1.0,0.9922989807474518,0.0
1.0,1.0,0.0
1.0,1.0,0.0
1.0,1.0,0.0
1.0,1.0,0.0
1.0,1.0,0.0
1.0,1.0,0.0
