tp_ave_seq,fp_ave_seq,std_tp
0.0,0.0,0.0
0.0,0.0,0.0
0.0,0.0,0.0
0.0,0.0,0.0
0.0,0.0,0.0
0.0,0.0,0.0
0.0013888888888888887,0.0,0.0027777777777777775
0.008333333333333333,0.0,0.016666666666666666
0.022990543735224585,0.0,0.03774574278543892
0.03924562647754137,0.0002325581395348837,0.05168822586183481
0.07228581560283688,0.0011593494985838331,0.07100768480412802
0.11266068376068375,0.0011593494985838331,0.09779493706644649
0.14810056373886163,0.002082873061761098,0.12240445225878796
0.1838545553737043,0.0034580949140835897,0.14472554664875875
0.22357636843062373,0.004850002552202306,0.16212138170131804
0.25657731199840794,0.006006084254914455,0.16504599185194785
0.2813543714637653,0.007595544563039763,0.17100570515723215
0.3028711108709302,0.008284876088746302,0.1753667793226214
0.3298224028725635,0.009662640064046536,0.17661720221233515
0.36289856097335027,0.010810378873860571,0.17666605353830683
0.3894259069401984,0.011739371259374534,0.16388962272709076
0.4156839675824421,0.012654787110599188,0.15454574833564133
0.4410229578619783,0.013111560496770844,0.13493258487812157
0.46421856169389286,0.014018633455097382,0.12506695982239696
0.47612555970725384,0.015381186998172463,0.11927731289859889
0.5031845718089396,0.0162944018229321,0.09977545393354978
0.5187448712801984,0.01810596213673895,0.08944362945013534
0.5362510315769248,0.02039558569967697,0.07628113781135346
0.5558395209077466,0.022003941968992573,0.060876571318138104
0.567988827471204,0.02361252427032462,0.04846803086595674
0.5770900719513324,0.02521185545371666,0.0438501079826655
0.5847260661458172,0.02704826189406989,0.035983307010374374
0.5959238918225269,0.028858572886322115,0.031812195769807046
0.6087363978699386,0.03114048312058993,0.02646325648082972
0.6179281608662982,0.03205402989293324,0.026041457883730575
0.6246746408437898,0.03298465617638304,0.022220345068941803
0.6373683909939029,0.03480652522860752,0.023576783069936286
0.6471185352739949,0.03594102860064497,0.02431580119410714
0.6560229208054981,0.03662005138793389,0.024944228294540648
0.6620144696977495,0.037760023582308025,0.025084675053417
0.671175677567448,0.03867578053004541,0.028236390120131634
0.6778749187673917,0.03913802273855377,0.02479252635939144
0.6809535834988866,0.040513138675309035,0.026155719296111872
0.6847719756936937,0.0419014465699724,0.02838611872649119
0.690778252478152,0.0419014465699724,0.02913501143836145
0.6915474832473828,0.0432797776738018,0.028807986752264772
0.6945513616540915,0.04396843615541194,0.03104897779647232
0.6983702295786197,0.044423243696064076,0.03478433335406421
0.7030018696366749,0.04556321589043823,0.035269655969382904
0.705311303598939,0.04624353147915026,0.03763718086632169
0.7060660205800711,0.04715381960455094,0.03849699244896482
0.7098844127748783,0.047846986054658334,0.040534414961989
0.7119825215219233,0.04830759436523085,0.039247062081058166
0.7134609721493101,0.04853435173484536,0.03782495980727168
0.7149554165937546,0.04922335131296822,0.03856253026584021
0.7201779488208834,0.049914316736610606,0.04146845192039109
0.7217471795901143,0.0512843049475419,0.04189890264448783
0.7240563994482703,0.05151235511857953,0.04230439027326887
0.7262747916430775,0.05151235511857953,0.0427723802649961
0.7270440224123083,0.05265683528145093,0.04253436375866845
0.7278440224123083,0.0535858276669649,0.043327377770816404
0.728613253181539,0.053810042913601676,0.04313305240643442
0.7308316453763464,0.05471453026908198,0.04368440793804244
0.734498984892622,0.05471453026908198,0.042973966628781654
0.735208204750778,0.05494128763869649,0.04174323740050811
0.7367629217319102,0.05517384577823138,0.04330148562947065
0.7374721415900661,0.05540640391776626,0.04210194043897212
0.7374721415900661,0.056095403495889117,0.04210194043897212
0.7396452982875102,0.05654766891356352,0.040568384425695096
0.7404452982875103,0.0572305266252533,0.04138745386769962
0.7411545181456664,0.0572305266252533,0.04025347964732577
0.7434489625901108,0.05768893390936079,0.04189949513918228
0.7456528409968193,0.058145034251436044,0.043352908409590815
0.7471913025352809,0.05883983459947928,0.04279383226456645
0.7486697531626676,0.059288265092752826,0.04142611113869812
0.7494697531626677,0.05952082323228771,0.042284880028391945
0.751688145357475,0.05952082323228771,0.0427261151018476
0.7539518205711502,0.060201811865096135,0.043283303070311786
0.7547210513403809,0.06065278448134742,0.04317191569600379
0.756230485302645,0.06110504989902181,0.04470153330414193
0.7569852022837772,0.061789873456231104,0.04552217745055529
0.7584944221419333,0.06224084607248239,0.045128016241479316
0.7592944221419332,0.06292730352762752,0.04595548688093869
0.760063652911164,0.06292730352762752,0.04582547901966616
0.760063652911164,0.06292730352762752,0.04582547901966616
0.7638220341948965,0.06338340386970277,0.046961310442088136
0.765225698497497,0.06429176962945242,0.045623392039544734
0.7668256984974969,0.06474657717010457,0.04747853900450185
0.7689840797812295,0.06521496124504603,0.04689438214012374
0.7705533105504603,0.06521496124504603,0.04761843683391288
0.7705533105504603,0.06567336852915351,0.04761843683391288
0.7720772583008231,0.0663698027751326,0.0481502363649614
0.7750048703537864,0.0670488255624215,0.04737851931758336
0.7756993147982308,0.06750814107157091,0.047184655461944516
0.7756993147982308,0.06797038328007926,0.047184655461944516
0.7756993147982308,0.06819714064969377,0.047184655461944516
0.7771777654256177,0.06842135589633055,0.04587399900333073
0.7794562160530045,0.06887976318043804,0.045503201730076805
0.7802109330341366,0.06957236250201626,0.04623856731208332
0.7824293252289438,0.07026879674799534,0.04666260710297751
0.7845422093897003,0.07095616242818237,0.044121778987547496
0.7845422093897003,0.07141456971228986,0.044121778987547496
0.7852514292478563,0.07164712785182475,0.04297595916103536
0.7866698689641684,0.07187517802286239,0.04073583511791349
0.7880883086804806,0.07302349311013465,0.03857433381831992
0.7880883086804806,0.07415799648217208,0.03857433381831992
0.7887827531249249,0.07484316113589409,0.03828763505800737
0.7887827531249249,0.07507735317336482,0.03828763505800737
0.789537470106057,0.07530540334440246,0.03912442843476004
0.789537470106057,0.07645501123309784,0.03912442843476004
0.7918759316445186,0.07736439113345663,0.03961582193834478
0.7926306486256507,0.07782534054054187,0.040437832265953814
0.7926306486256507,0.07827631315679315,0.040437832265953814
0.7941090992530375,0.07850307052640766,0.03921786864542914
0.7948783300222683,0.0789515010196812,0.03913718857981006
0.7955727744667126,0.07917955119071882,0.0387952992565705
0.7977163803367336,0.07963181660839322,0.03907921543478858
0.7992108247811781,0.0800827892246445,0.03967076164971757
0.8000108247811781,0.08031083939568213,0.04051656463989534
0.8000108247811781,0.0812282210924263,0.04051656463989534
0.8000108247811781,0.08191592786912605,0.04051656463989534
0.8000108247811781,0.08237524337827545,0.04051656463989534
0.8014744999948533,0.08306040803199746,0.040206428565700024
0.802243730764084,0.08397108073377936,0.04013400230004737
0.8029529506222399,0.08488136885918003,0.03893598403637439
0.8037076676033721,0.0851055841058168,0.03970500861586787
0.8044021120478165,0.08601845783406373,0.039518262982066024
0.8044021120478165,0.0867177661506042,0.039518262982066024
0.8059113319059726,0.08694198139724099,0.03916268740353503
0.8059113319059726,0.08694198139724099,0.03916268740353503
0.8066805626752034,0.08694198139724099,0.03907670139346345
0.8073897825333594,0.08717453953677586,0.037894957205428084
0.8073897825333594,0.08786804708339599,0.037894957205428084
0.8096537193726474,0.08879157064657325,0.03837564554609142
0.810348163817092,0.08924508538580227,0.03813737925765123
0.810348163817092,0.08969860012503131,0.03813737925765123
0.8118721115674548,0.08992535749464581,0.03881196452151584
0.8125665560118993,0.08992535749464581,0.03859895783794839
0.8133212729930314,0.09015340766568344,0.03940727384194921
0.8154941680648626,0.09060821520633558,0.03794069054893878
0.8162941680648625,0.09129303876354486,0.03873584038621794
0.8170633988340932,0.09243971995288128,0.03867189835982712
0.8184670631366938,0.09313452030092453,0.037281069441483856
0.8191762829948498,0.0938248126804705,0.0360876516335611
0.8198855028530059,0.09428091302254576,0.03491107280802767
0.8226632806307836,0.0954195924154968,0.03448661345037948
0.8226632806307836,0.09611309996211692,0.03448661345037948
0.8226632806307836,0.09656536537979132,0.03448661345037948
0.8248819344512037,0.09771497326848669,0.03486128413554173
0.8255911543093598,0.09794916530595742,0.03367105981807004
0.8270095940256719,0.09886818090063745,0.031347637423433876
0.8284132583282723,0.1002503469288677,0.030140283683634615
0.829182489097503,0.10094678117484676,0.029845594287400808
0.8306461643111783,0.10187740745829658,0.029576961642543753
0.8314461643111783,0.10372124856650602,0.030297240750712252
0.832895325736755,0.10440641322022803,0.031116655087120644
0.8343897701811993,0.10622924312629196,0.03186847890550674
0.8359282317196609,0.10645345837292872,0.03146837528458023
0.8381466239144683,0.10667767361956551,0.03217348427757546
0.8395502882170686,0.1078151036909619,0.03096405494872267
0.8403195189862995,0.10849283367682769,0.03087956287555956
0.8419195189862994,0.11102183943875917,0.03224228500943254
0.8419195189862994,0.11124605468539595,0.03224228500943254
0.8419195189862994,0.11284189204089982,0.03224228500943254
0.8433686804118758,0.11398857323023626,0.033018408260234604
0.844877900270032,0.11537271425291509,0.032477824541750126
0.8456471310392628,0.11766584145064243,0.0323620862277266
0.8479710787896255,0.1188119555114497,0.03375434293678289
0.8501749571963341,0.12108608998134855,0.035237400874264815
0.8501749571963341,0.12292446226722128,0.035237400874264815
0.8508694016407787,0.12591464346825446,0.035274990330064405
0.8531333384800668,0.12706588525488566,0.03547297556724701
0.8545370027826673,0.1279852419460784,0.03426775275791384
0.8559861642082438,0.1318976539088657,0.03515863604313658
0.8567861642082437,0.1341785065226559,0.03582613327838426
0.8575861642082436,0.13647844797294056,0.03655152476911685
0.860468279138231,0.14106436061391042,0.03392615335142068
0.8620375099074618,0.14471850356544302,0.03448225173113628
0.8634411742100621,0.14816512620506414,0.03330965339938862
0.8693271675467582,0.1513795752815316,0.03301031646073785
0.8708511152971209,0.15711793555081874,0.033532252590935056
0.8760573920815791,0.16124904065113646,0.03451141375796621
0.8796487268697225,0.16833546970416752,0.03068782369794443
0.8819124020833977,0.17472608426854616,0.031158116268852537
0.8871184647637478,0.18428323894967114,0.02989874964560658
0.8943478498663564,0.19320604633829608,0.027806236140814528
0.8980299647963438,0.2037433610115988,0.025811684379975445
0.9016830046286289,0.21908984206069654,0.028827091609817668
0.9114631279443604,0.24286593213769941,0.03621162305021154
0.9166091797136356,0.2723491684589935,0.03424320644965918
0.9254683297477758,0.3094038033466971,0.03421050536799043
0.935925952231452,0.36061084363417245,0.033912710363887065
0.9452362813822066,0.44579035448636783,0.02611856789564874
0.956266584833606,0.516567308291103,0.021927963200681504
0.9643840516457537,0.6036021269306213,0.01857635281863566
0.9858112293144208,0.7295189944734615,0.014094873852894782
0.9949130023640663,0.850990696550961,0.0052931716391591025
1.0,0.9541792251709182,0.0
1.0,0.9997658079625292,0.0
1.0,1.0,0.0
1.0,1.0,0.0
1.0,1.0,0.0
