tp_ave_seq,fp_ave_seq,std_tp
0.0,0.0,0.0
0.0,0.0,0.0
0.0,0.0,0.0
0.0,0.0,0.0
0.0,0.0,0.0
0.0,0.0,0.0
0.0,0.0,0.0
0.0,0.0,0.0
0.0,0.0,0.0
0.0,0.0,0.0
0.0,0.0,0.0
0.0,0.0,0.0
0.0,0.0,0.0
0.0,0.0,0.0
0.0,0.0,0.0
0.0,0.0,0.0
0.0,0.0,0.0
0.0,0.0,0.0
0.0,0.0,0.0
0.0,0.0,0.0
0.0,0.0,0.0
0.0,0.0,0.0
0.0,0.0,0.0
0.0,0.0,0.0
0.0,0.0,0.0
0.0,0.0,0.0
0.0,0.0,0.0
0.0,0.0,0.0
0.0,0.0,0.0
0.0,0.0,0.0
0.0,0.0,0.0
0.0,0.0,0.0
0.0,0.0,0.0
0.0,0.0,0.0
0.0,0.0,0.0
0.0,0.0,0.0
0.0,0.0,0.0
0.0,0.0,0.0
0.000970873786407767,0.0,0.001941747572815534
0.000970873786407767,0.0,0.001941747572815534
0.000970873786407767,0.0,0.001941747572815534
0.0028906749005369508,0.0,0.002361669017808427
0.005803296259760252,0.0,0.007137921800969437
0.007759391721044865,0.00021978021978021978,0.009022015150475451
0.011570298172365073,0.00043764514352749654,0.012481272999400847
0.016279489715782185,0.00043764514352749654,0.016432121862876476
0.017214069155034522,0.0006574253633077163,0.01744190763846836
0.02491522007023761,0.000877205583087936,0.02236722854098585
0.03069656987131151,0.0010969858028681558,0.026688152924498294
0.041811944326616945,0.0013148507266154325,0.02969977777693367
0.04968507859826941,0.001967735840125187,0.03343409768264208
0.05932608727717752,0.0021848911061403877,0.04216828004995851
0.07108271669446105,0.002395639262094023,0.04877179942253715
0.08326835959831276,0.0028325747478894435,0.05323115230935905
0.08947054526924643,0.003709070673245304,0.052896503599597286
0.09972061087204327,0.003709070673245304,0.05391928789962665
0.1115116448273717,0.0041467158167728,0.06217544545831801
0.11744056267060696,0.004798891272550479,0.06523884041630645
0.1316085279570798,0.0052358267583459,0.07026181104618189
0.13957287927416234,0.006318530589857432,0.07204217259654093
0.15516884856405816,0.006538310809637652,0.07220031126803544
0.16652728856960514,0.007195026515213293,0.072778437202693
0.17753968789955887,0.008053458312915984,0.06739478367037471
0.1918613914999537,0.008493018752476425,0.06787289822667093
0.2043221138385523,0.008710174018491626,0.06969940015729754
0.21374887369710277,0.009791553777819156,0.06973736523273855
0.2234870073375555,0.011306796524377638,0.06493697115016668
0.23848267978387067,0.012373328333665962,0.05962878141363201
0.24815829215583146,0.01324790896298888,0.05723000812403861
0.255345699501642,0.014321580730673827,0.05605261176202854
0.2664233513113353,0.01474816008045866,0.05651952808575979
0.2739260295931064,0.015176063502427497,0.05450729225216666
0.2791024187793577,0.015615623941987938,0.05482720009594418
0.28544789202980253,0.017104361720915607,0.05399669971315953
0.2968239980313858,0.017525858032822878,0.054149710527376056
0.30091245277305456,0.01839972900441372,0.0537232236671245
0.31165775454707056,0.019257546387664488,0.04844121726430947
0.3190027973608613,0.019894873893402953,0.046914124857351795
0.3271873054144161,0.020323486973103867,0.046404662681595654
0.33231733282769294,0.020761132116631366,0.04926450592104064
0.3386771539666069,0.021840053791846354,0.04809925817979392
0.3443555286423291,0.022698485589549046,0.043528280003625276
0.34844398338399785,0.022909233745502678,0.0433355515442519
0.3505214199661073,0.02333652275301959,0.04425768308364652
0.35780147265580453,0.02420207131851592,0.045579319473380904
0.3609266521812828,0.02507856724387178,0.04502604048882572
0.36824546807373715,0.025505146593656613,0.04302255536859347
0.37332674306049995,0.026136066989333517,0.042002637423008395
0.38065743798582163,0.027878821137917786,0.04137355548821931
0.3839183065205939,0.028744369703414117,0.04129012658589786
0.3884031818178344,0.02960218708666489,0.04001697895022043
0.39264927202748345,0.030465820356128277,0.03951587134998902
0.39668708453352763,0.03175021708916388,0.04156217011337847
0.40211660669583943,0.03281686733233533,0.04070471547372956
0.4088831781717902,0.033461926020319374,0.042170088067554255
0.41291671021518433,0.034755354817181554,0.042568444267607725
0.4148728056764689,0.03582900339426352,0.04207651036996307
0.4189469125296686,0.03647536296382857,0.042633758203113103
0.4230066714943992,0.03798216487040941,0.04391769688792463
0.4249121247200593,0.03841269324614327,0.04587372726786106
0.42588299850646705,0.03948766589540923,0.04616745031369988
0.43000774759529126,0.04079074117054993,0.044730352881840296
0.43309663277361404,0.04206742991194294,0.046069956883898366
0.4402510638798362,0.043144317857241855,0.04519766083814706
0.4454317335287376,0.04358196300076935,0.04576846173120673
0.44857126094268496,0.044428100175825526,0.044992359051139984
0.4518727042872627,0.04507649347530666,0.04528688899449921
0.4530155614301199,0.046576130178324515,0.04401773078394642
0.4558699419835014,0.0472283056341022,0.04662958535325474
0.4619001442979857,0.04829292214735757,0.04746452320160121
0.462834723737238,0.04850367030331121,0.04905302117880397
0.46710276040557347,0.049362811758745975,0.04815073962736301
0.4700297296532658,0.05023547709203595,0.0488469608583914
0.47117258679612295,0.05089027750157864,0.047511099444062045
0.4777449661012919,0.051107432767593844,0.044578426393849443
0.47970106156257647,0.05175187704112596,0.044581930147431746
0.48084391870543364,0.05260635981287963,0.04331172188813562
0.48373459360597054,0.052826140032659855,0.044888172745366134
0.4858483245352355,0.05348165009993463,0.04436844561794646
0.4897242211106493,0.054775197330679946,0.0454888409159649
0.49380839538966786,0.055844354093733284,0.04416953757696941
0.49380839538966786,0.056918121104698384,0.04416953757696941
0.4966847224017357,0.057555448610436856,0.0472035020677074
0.5017034761200068,0.05799238409623227,0.0475134903704274
0.5049744120805979,0.05841967310374918,0.04494838395542882
0.5059596337554746,0.05906806640323033,0.0447199971351339
0.5112534669084925,0.059933614968726644,0.043763084767600526
0.5155401319279471,0.06078677366829632,0.04265437866239601
0.5165110057143549,0.06208282741892353,0.043550854632991846
0.5208339650809649,0.06229998268493873,0.04245525070299417
0.5208339650809649,0.06336256546827804,0.04245525070299417
0.5220173970336277,0.06401024911002709,0.04168610714910577
0.5251163496377694,0.06571287959615002,0.04086158630682537
0.529099239445539,0.0670166645290228,0.04268575840155954
0.5310553349068237,0.06765602576467734,0.043466478075774265
0.5333816240023436,0.06851180941801203,0.04107542846390922
0.535550277629883,0.0700075455308502,0.04000299494117888
0.5395694617848081,0.07064354896440468,0.04172774422674908
0.5440644045078675,0.07107216204410557,0.0383068925237717
0.5485593472309269,0.07192603040140734,0.03510000941132382
0.5495302210173347,0.07341535940418395,0.036209920095637775
0.5514863164786192,0.07406566799969802,0.037081254900485805
0.5533917697042794,0.0749279771969774,0.039226673205387134
0.5545346268471366,0.07535455654676224,0.03762163523241139
0.559517086218252,0.076010066614037,0.037569410876585455
0.561645165035986,0.07729245280775951,0.03586799484974547
0.5647483981027779,0.07836101834696392,0.03593491567923348
0.5667044935640625,0.08007331850196833,0.03691920784495871
0.5695588741174441,0.08179524194464831,0.03910528909792937
0.5737543220914686,0.08373242854791352,0.03897907351360781
0.5768169803484551,0.08415971755543042,0.038681514187371396
0.5799202134152469,0.08502526612092676,0.03906589701532757
0.5830597408291942,0.08696841228945408,0.03895647390300439
0.5861080511977115,0.08826446604008129,0.03932443909881851
0.5891926559133842,0.09105698875188173,0.03943784253894603
0.5954091894727869,0.09234462485313426,0.03819575311595482
0.5986700580075592,0.09299493344864834,0.036874488072142976
0.6027035900509532,0.0949315288280646,0.037450317737994454
0.6060151008213499,0.09797090270595867,0.034979583729088444
0.6099979906291195,0.0994822196171711,0.036878728519334256
0.6121666442566591,0.10100448388824308,0.03582682140926483
0.6153869379816257,0.10316227880290371,0.03445828086393198
0.6183282551177871,0.1051053765356617,0.03527331439761866
0.6225337705176306,0.10747127146190796,0.03436874235723604
0.6260434915658133,0.10983064084420953,0.03039574704346056
0.6279995870270978,0.11111768572161314,0.031098446756274874
0.6310478973956151,0.11348679682547336,0.03185166164682118
0.6365280617935513,0.11544992241768678,0.02826156459733039
0.6407698715405502,0.11695542344268661,0.026832348911773482
0.6428473081226598,0.12039629101819885,0.027227520424140388
0.6461444710045873,0.12254432102069783,0.02518466843052203
0.6482987767436578,0.12510732179115938,0.024120810527661206
0.654359103133537,0.12703677721217904,0.02734792786501799
0.658392635176931,0.1311156819511618,0.0286301198389364
0.6711528522645644,0.13350146105781405,0.025533707593478266
0.6752489055764506,0.13564237429251938,0.025926509237825145
0.6839307353482342,0.13973730942923923,0.02460172782566225
0.6889900638763107,0.14380637720338324,0.023775147818696475
0.6949839718436396,0.14960583245078776,0.02442067619845822
0.7028790525739784,0.15729760134042362,0.02870441020365912
0.7080960165700352,0.16503055627807695,0.0282548680729944
0.7176499045125793,0.17409779694969374,0.029674467849824335
0.7266397899586982,0.18159692861853988,0.021468859404258304
0.7330401859074176,0.1910140023698636,0.018922496340449752
0.7442266425565154,0.20038121073716728,0.01893930779649239
0.7504187608016301,0.21061954668841368,0.01862906580725593
0.759533567831787,0.2237378162516876,0.020188051833510186
0.7776019659609075,0.2385222791253347,0.014515679589222778
0.7976931403295089,0.25634356134752945,0.019226779392334515
0.8124845104283395,0.2790574972056312,0.016566784304284897
0.834561641977974,0.31312917050691474,0.015454304258408772
0.8505507137158744,0.35955291368609055,0.010127202558382706
0.867417051541213,0.4048016605781012,0.009654391666317432
0.9009643583020545,0.47755273707170903,0.006281503070014616
0.955348872260436,0.6282783925275658,0.03383680858486832
0.9743249229080355,0.8154210309642383,0.032727448651507056
0.9869158878504672,0.8995945639593849,0.026168224299065422
0.9915887850467289,0.917142857142857,0.016822429906542036
0.9962616822429906,0.9628571428571429,0.007476635514018693
1.0,1.0,0.0
1.0,1.0,0.0
1.0,1.0,0.0
