tp_ave_seq,fp_ave_seq,std_tp
0.0,0.0,0.0
0.0,0.0,0.0
0.0,0.0,0.0
0.0,0.0,0.0
0.0,0.0,0.0
0.0,0.0,0.0
0.0,0.0,0.0
0.0,0.0,0.0
0.0,0.0,0.0
0.0,0.0,0.0
0.0,0.0,0.0
0.0,0.0,0.0
0.0,0.0,0.0
0.0,0.0,0.0
0.0,0.0,0.0
0.0020774365821094793,0.0,0.0025655531827614296
0.0020774365821094793,0.0,0.0025655531827614296
0.003220293724966622,0.0,0.0044854599480876525
0.004191167511374389,0.0,0.00419961153658603
0.008016421851163677,0.0002178649237472767,0.004986922836979001
0.014228674947916273,0.0006464780034481888,0.00783639609259205
0.0202039545641259,0.0008572261594018242,0.010767571990936977
0.026106645486024666,0.0012948713029293207,0.013160269875824979
0.03599650667834316,0.001722774724898157,0.017571357591863134
0.04554032719506831,0.002371168024379289,0.021783868504240328
0.055231978109600934,0.0036433649517436844,0.029977506918378718
0.06624035933255058,0.004506998221207073,0.03264423570714423
0.07858980797614325,0.005592327006483626,0.034485671670691394
0.0883683954734558,0.0062413115298137,0.040047683021769184
0.09971495644613541,0.007120432408934579,0.04268680733571567
0.10791770954221755,0.008205051536479055,0.048554947135036546
0.11903736446017314,0.008856517334524657,0.05238826901095021
0.12873920375347045,0.009933405279823568,0.04802388784360475
0.13184243682026237,0.010795004819370879,0.04797172458586771
0.13920363912957073,0.011659843727135136,0.044869122921918046
0.1508396274254663,0.011876998993150336,0.044872635681879616
0.15375224878468963,0.012306203296700189,0.042319295179414226
0.1681504382334536,0.012736731672434044,0.04318677575099044
0.175299082376507,0.012954596596181322,0.04226939621709398
0.18479843092936835,0.013814329275465031,0.03993986314811274
0.19428343159376055,0.01445428173496852,0.037702725640567404
0.19907955971995758,0.014883486038518374,0.040250623745417456
0.20503289287748086,0.015100641304533573,0.04275607663712752
0.21182141081211797,0.015100641304533573,0.04386894078850643
0.21513292158251468,0.015100641304533573,0.04180083453542434
0.22588640097323903,0.015310065388303207,0.04165800623546478
0.22804070671230953,0.01595642495786826,0.04011171410070365
0.22998245428512507,0.016829090291158234,0.04030479276345339
0.2328224869500375,0.01854708789849216,0.043728143007570816
0.23993055628328536,0.018974991320460995,0.046202198663337746
0.24412600425730985,0.01940419562401085,0.04787855814673664
0.25419375672219224,0.019824367863734118,0.04477325599953615
0.2613668161795337,0.02003379194750375,0.04368184292703859
0.26688755538727554,0.020680151517068805,0.03850889215516932
0.2737898158725203,0.02089730678308401,0.04083516923616349
0.2768787010508431,0.021535343946554552,0.04154249854697628
0.28157185405168844,0.02196324736852339,0.038870878729212105
0.2839387179570139,0.022398977216017947,0.0378539128775159
0.29130998769214117,0.022398977216017947,0.03721054550075163
0.2944495151060885,0.023046046443315073,0.03571964940956865
0.29559237224894563,0.02347262579309991,0.03532832264117256
0.29756281559869935,0.023690490716847184,0.032996968102622946
0.29874624755136203,0.024327203808133725,0.03280795242513614
0.30328176508422705,0.02519537732739508,0.03207720303490497
0.3063706502625499,0.025852802690702798,0.03379733227798855
0.310404182305944,0.025852802690702798,0.0332930472312739
0.31133876174519637,0.027148169974200907,0.03495343489430798
0.3168595009529382,0.027791904590000943,0.034243482824376635
0.31804293290560093,0.027791904590000943,0.035022081908092445
0.3213400957875286,0.0288507052170437,0.034633376679438596
0.32795304990250307,0.029277284566828533,0.03734455477976558
0.33181459858944773,0.029925677866309664,0.036511687514666664
0.33181459858944773,0.0301351019500793,0.036511687514666664
0.33678699053474437,0.030789902359621996,0.04061257705660799
0.34110994990135446,0.031418174610930896,0.041426627718954986
0.343278603528894,0.03250480427778847,0.04178822283552803
0.3475509206598795,0.03272195954380367,0.04522293819775928
0.3498772097553994,0.03294173976358389,0.04561600988203586
0.35084808354180713,0.03380657867134814,0.04513044180470789
0.3529660949337222,0.03402635889112836,0.047696437019102395
0.3571978372549022,0.03551176205855894,0.04877349222405204
0.3636345275507772,0.03659576677165148,0.04906129625058233
0.36674782804338796,0.037030786961413965,0.04597300582149959
0.36768240748264025,0.03788668904863178,0.04690551290730708
0.3727560838991859,0.038314592470600616,0.046807642559363385
0.37689518087647916,0.03852534062655426,0.046425065404819804
0.37881498199060837,0.03958863306762563,0.04678630873002033
0.3848595321935618,0.04021822939111854,0.04736810485882192
0.38916814367170277,0.04065253992314895,0.049413865300720464
0.38916814367170277,0.041289867428887406,0.049413865300720464
0.3932279026364333,0.04150964764866762,0.05085879166682596
0.39730200948963296,0.04192981988839091,0.052439683943959814
0.40362125581874136,0.0429924026717302,0.04774307919914724
0.40673455631135214,0.04384818632506489,0.04539776285064675
0.4087049996611059,0.044500361780842566,0.04480221221644029
0.41296115729657384,0.04493467231287297,0.041491862289633315
0.41602381555356016,0.0460193866836976,0.040702595309981965
0.42051875827661966,0.04623725160744488,0.042754842879656176
0.4248011428334241,0.0473037834167332,0.042293938293411985
0.42696979646096367,0.047523563636513416,0.04416594086408719
0.4321867604570205,0.04816027672779996,0.044294537358890766
0.43507743535755744,0.0488169924333756,0.04386861419436884
0.4362202925004146,0.04924560551307651,0.042547845216390455
0.43951745538234227,0.050107205052623824,0.042228139243395274
0.4416455342000762,0.05032436031863903,0.04104301180393668
0.444744486804218,0.050744532558362296,0.03891728392569532
0.4458873439470751,0.050953956642131926,0.03782284481293736
0.44804164968614557,0.0513889768318944,0.03877216771034417
0.45001209303589923,0.05160684175564169,0.03898377330892591
0.45191754626155944,0.052900388986387006,0.03818351125094527
0.45404562507929336,0.05354745821368413,0.03720923282424358
0.45714457768343514,0.055053550462532894,0.03527019436336664
0.45811545146984295,0.055919690251878165,0.034215933448886515
0.46024353028757686,0.056354000783908564,0.03341306630754989
0.46142696224023966,0.056788311315938964,0.03537154191789121
0.4624121839151165,0.05764409496927366,0.035744205323403805
0.46718636558262716,0.05807329927282351,0.037087607824408245
0.47007704048316407,0.05871965884238857,0.036769843729705105
0.47198249370882417,0.05871965884238857,0.03598857447945253
0.47409622463808915,0.05915396937441897,0.03354351550193014
0.47621423603000423,0.06000712807398865,0.03556114342718343
0.48124486878114253,0.061086640973052574,0.03478981075260992
0.4854403167551671,0.0621428166463303,0.03592295512421458
0.48870118528993933,0.06258237708589073,0.03681446707859392
0.49106804919526476,0.06363926241690056,0.04051265674667702
0.49200262863451705,0.06489977913607035,0.04097478640946978
0.49628501319132157,0.06554876365940043,0.040648946019133526
0.4981904664169816,0.06661978728271738,0.04016607064277272
0.5003447721560521,0.06725650037400392,0.041228998437602166
0.5025134257835917,0.06789515195192639,0.04314734306104769
0.5034842995699995,0.06854021063991043,0.04236273651229546
0.5056529531975391,0.06981292716475143,0.04434590150388619
0.508756186264331,0.07130279895560766,0.046654406072922594
0.5107122817256156,0.07173008796312456,0.0459981358491941
0.512866587464686,0.07301448469616016,0.0472513732124253
0.5147357463431907,0.07493285113283416,0.04781120967459667
0.5197688479499307,0.07620821580204316,0.047104819419787815
0.5226958171976231,0.07663550480956008,0.04589075954293684
0.5259566857323954,0.07835042991832954,0.04641344531289599
0.5325696398473699,0.0800646453693669,0.05104619783225748
0.5388525918293228,0.08070197287510539,0.047746761615655026
0.5428354816370924,0.08198577838429204,0.04627344088449559
0.5460963501718645,0.08284156203762674,0.04738064950622631
0.5460963501718645,0.08431790995062774,0.04738064950622631
0.5460963501718645,0.08602697073741523,0.04738064950622631
0.5480161512859938,0.087524573710517,0.0479238754716962
0.5499722467472783,0.08943856676704551,0.046979601875502604
0.5530711993514201,0.0898587390067688,0.044821296569117125
0.5592953314810402,0.09201580107309434,0.04258654465285845
0.560266205267448,0.09244441415279528,0.041712725150596305
0.5643647274349355,0.09482695389123055,0.04113476674207125
0.5673767434562974,0.09631945063585177,0.04039077190404664
0.5702674183568344,0.09739837231106677,0.040149363235909126
0.574564150802108,0.09846358004817109,0.041342122247784684
0.5755493724769847,0.0993348260659969,0.04189759330622117
0.5807806843615108,0.10167875627441032,0.043734721216675425
0.5836570113735786,0.10359272614033585,0.04184217513980383
0.5867559639777202,0.10570900332223736,0.0400550382360266
0.590844418719389,0.10722348797529442,0.043333950079875644
0.5941965042995914,0.11024285923889938,0.04716132928079474
0.5963651579271309,0.1130101294288807,0.049509043941342305
0.6014388343436765,0.11516182315379309,0.053672102145626364
0.6075053310053162,0.11817582607598487,0.054108394212965885
0.6119902063025567,0.12095581524280916,0.05874556762723126
0.6172578125342381,0.12267128313965821,0.05970945106477368
0.621291344577632,0.12500920740160354,0.0582107139745432
0.6263506731057087,0.1271631017260845,0.06066090222783583
0.6316846977599402,0.13144400528690467,0.05543264735547024
0.6357950989602953,0.13467088533824634,0.0561501745698248
0.6444812091947292,0.13898165166879742,0.055165442917029905
0.6474225263308906,0.14452898307828016,0.056166599073704845
0.6505214789350322,0.14902257328168989,0.055029091975519674
0.656800533762927,0.1539091931521372,0.05861843337305788
0.663947366298932,0.15903748590752037,0.058178715185150734
0.6691686107576389,0.16518767180509894,0.06139933133779538
0.6781441483152886,0.1722203595745015,0.06541616161752588
0.6814455916598664,0.17923110624297897,0.06833533236824989
0.6912343675359438,0.18716901912184453,0.07433970630772899
0.7078083432390909,0.20259940613096142,0.08528640861178279
0.719571842927572,0.21328117734751967,0.09631253454765498
0.7310129390532489,0.23602084687727673,0.09576976155965661
0.7434029625066472,0.25407213508887067,0.09630591129567756
0.7526983138185538,0.27860058557235445,0.10101245105057934
0.7633954422125468,0.3047683715777994,0.10517837512121288
0.7740419283709155,0.32838780464642564,0.10804891907054932
0.7841157301546128,0.35182466454187933,0.10641783943645677
0.807999882622852,0.3740635250810424,0.10790754987857978
0.8159211902745274,0.4040173973449571,0.10663591377788123
0.8290695293480784,0.43732798678841345,0.10416840053486817
0.8403105253868588,0.4717125374122171,0.09960093343504423
0.8696878444778285,0.512508086039902,0.08635061717681645
0.8888922294786085,0.5839495642030111,0.07590197192505545
0.9273314402464081,0.6687413165730274,0.05073329079044998
0.9582055180816917,0.7847512408805576,0.033641103426698335
0.9885309862988839,0.919724579558747,0.01444221463265012
1.0,0.992353659412483,0.0
1.0,1.0,0.0
1.0,1.0,0.0
1.0,1.0,0.0
1.0,1.0,0.0
1.0,1.0,0.0
1.0,1.0,0.0
