tp_ave_seq,fp_ave_seq,std_tp
0.0,0.0,0.0
0.0,0.0,0.0
0.0,0.0,0.0
0.0,0.0,0.0
0.0,0.0,0.0
0.0,0.0,0.0
0.0,0.0,0.0
0.0,0.0,0.0
0.0014636752136752136,0.0,0.0017965244731504182
0.007863247863247862,0.0,0.010914098205090522
0.019663691340106433,0.0,0.021395792620909643
0.038665449121109495,0.000234192037470726,0.03724273808530766
0.06607496371552975,0.0006925993215782233,0.052481148561048414
0.10600960689250531,0.0009267913590489494,0.07405207771686245
0.151966258187595,0.002081632889135527,0.08893840388131191
0.19600571338871217,0.0032303325527890067,0.09646899026919245
0.23924404608728173,0.0041473823019495025,0.10070014951603311
0.2773353280356291,0.005046785411474328,0.11396024377000433
0.31549769357721985,0.007102558033454348,0.1176810935494441
0.35778559189149317,0.0086884185981243,0.10912750219541484
0.38463390239048606,0.010283914857115481,0.10348978677235604
0.41003422234574377,0.011213248339142171,0.10485148894968109
0.4250197185079963,0.01213480605679992,0.1021558222099051
0.43985468524294297,0.013270943326773216,0.09397453039511501
0.45926276115382897,0.013965743674816452,0.0879898143708123
0.4733722525879491,0.016257909360732216,0.08144615484925442
0.48730114051611445,0.018314311546940142,0.07779001938771882
0.5006276300665301,0.018773627056089537,0.0760723473259192
0.5187973708770377,0.019914507475505588,0.06113794544342325
0.5305529355251555,0.02198730697979456,0.05555908374205922
0.5452668339355011,0.023131787142665963,0.05358321794633228
0.557083099328523,0.023820445624276106,0.049684940983488
0.5637826021540795,0.02589160208170018,0.046517883954016556
0.5720528632993307,0.028176054438945736,0.04252847383011546
0.5810468580908364,0.030017300795379898,0.03731620893057315
0.5907497635933806,0.030710808342000018,0.03632136409312366
0.5944321401489808,0.031171757749085253,0.03277036397689352
0.5988687104344872,0.03162853113525691,0.03355781928103434
0.6078931653096447,0.032776846222529174,0.0342259294166517
0.6124047835455503,0.03300106146916595,0.032549495729633955
0.6190745214395756,0.0343748846044981,0.032688761739575745
0.6243568979951759,0.034601641974112606,0.029856342975062528
0.6272847716737521,0.03574032136706364,0.027156100440733234
0.6332160480293157,0.03734253576994615,0.026962687621603646
0.6399155508548724,0.03893059736108111,0.02413557006266267
0.6436579383215473,0.03938737074725277,0.022384996497786025
0.6501928789797116,0.03938737074725277,0.020612698114034995
0.6516420404052881,0.04008087829387289,0.02132846957118392
0.6577693908326385,0.04143508894404986,0.025007202460307822
0.6635646040274905,0.04165930419068663,0.022418609182049347
0.6681374990993216,0.04234796267229677,0.023666935033990585
0.671955891294129,0.0430282782610088,0.025778144330422408
0.674129047991573,0.04392513924755588,0.023041044189380345
0.6809058214701128,0.044608670003342045,0.025180062735371378
0.6831697583094011,0.04507542018034766,0.024755819096824387
0.6860826424701575,0.04599606967296351,0.02365059999357841
0.6897504577161542,0.04714404366372306,0.022937331104579378
0.6919085773742738,0.04737209383476068,0.023835713626780403
0.6963909064083693,0.04783433604326904,0.02403725860404311
0.6979456233895014,0.048745916970092826,0.02504976789731038
0.6986400678339458,0.049202690356264484,0.02556349586236563
0.7009187325654407,0.04965112084953803,0.025963470744685455
0.704646606244017,0.050110436358687414,0.02492943063546609
0.7076942876406346,0.05055886685196096,0.024021639892262123
0.7076942876406346,0.050785624221575475,0.024021639892262123
0.7084635184098653,0.050785624221575475,0.02394756441021053
0.7099874661602281,0.051464647008864384,0.0243790128483177
0.7114511413739033,0.051925596415949626,0.024741061017373195
0.7130058583550355,0.05262490473249012,0.025852818569585365
0.7152095226576358,0.05284911997912689,0.025504316793826965
0.7183787534268667,0.05307717015016452,0.028132692654674423
0.7220300991260846,0.05307717015016452,0.0258554215861908
0.7220300991260846,0.05377811236464085,0.0258554215861908
0.7235685606645462,0.05401067050417574,0.026325379338566067
0.7251685606645462,0.05492968609885575,0.02818237398078546
0.725937791433777,0.05561450965606503,0.02848063627110815
0.7266322358782215,0.05631218407466968,0.02859300969970473
0.7294850616063984,0.05677059135877718,0.0277243086412369
0.7310397785875306,0.057232833567285535,0.028722849575722402
0.7317944955686626,0.05769507577579389,0.02888840193239669
0.7332436569942391,0.05769507577579389,0.029331431110393096
0.7348128877634699,0.05769507577579389,0.030352373950272838
0.7355073322079143,0.05837664068606054,0.030571944106878614
0.7370167661701784,0.05882507117933409,0.031105833210218134
0.7377714831513105,0.05928602058641932,0.03147812858120886
0.7385262001324426,0.059734451079692864,0.03191753561948666
0.7400954309016734,0.060182881572966404,0.032793306249194555
0.7416501478828055,0.060643489883538924,0.03402712639560123
0.7431593677409614,0.061104098194111424,0.03354061045922199
0.7446685875991175,0.06178182817997722,0.033150779902196
0.7454685875991176,0.062008585549591745,0.03412425043814522
0.7476724660058262,0.062008585549591745,0.035008360326110204
0.7484271829869582,0.06223534291920625,0.035514515664060685
0.7491818999680904,0.06245955816584302,0.0360767672436948
0.7499366169492224,0.06314112307610967,0.03669253641316612
0.7506913339303545,0.06406268079376742,0.037359176970058985
0.7514913339303544,0.06452943097077304,0.03818326818898061
0.7522460509114864,0.06498783825488054,0.038867429547673256
0.7537245015388733,0.06543881087113182,0.03752802456097435
0.7552029521662601,0.06590719494607326,0.03622987207505628
0.7559721829354908,0.06613141019271004,0.036233728933817114
0.757436119774779,0.06635562543934681,0.03569323619511082
0.757436119774779,0.0675133410399948,0.03569323619511082
0.7588545594910909,0.06843235663467481,0.03324201933569513
0.7588545594910909,0.06843235663467481,0.03324201933569513
0.7595490039355355,0.06935007942793171,0.033085689694597964
0.7603037209166675,0.07003270195867597,0.03386159190422973
0.760998165361112,0.07003270195867597,0.03374978853271678
0.760998165361112,0.07003270195867597,0.03374978853271678
0.7625073852192681,0.07072366738231836,0.03329540685070436
0.764016605077424,0.07142297569885885,0.032939253901937145
0.7661294892381806,0.07257325663165062,0.030458612576347965
0.7676079398655673,0.07302552204932503,0.029109646229578894
0.7691771706347981,0.07348032958997716,0.02989242772904381
0.7691771706347981,0.07416769527016417,0.02989242772904381
0.7699318876159301,0.07416769527016417,0.03060497793927258
0.7706411074740862,0.07484926018043084,0.029455900533924013
0.771410338243317,0.07553279093621701,0.02935864488124191
0.7728740134569921,0.07621795558993902,0.029095280683443657
0.7735832333151482,0.07645051372947391,0.027899416832222745
0.7750924531733043,0.07645051372947391,0.02764661965753122
0.7750924531733043,0.07736987042066665,0.02764661965753122
0.7766018871355683,0.07759408566730341,0.029131456129547255
0.7774018871355685,0.07805632787581177,0.030023969038267193
0.7780963315800129,0.07874820152449605,0.029742220428813266
0.7794999958826134,0.07897625169553367,0.02837477835347593
0.7815981046296582,0.07920300906514818,0.026913441015725053
0.7823981046296582,0.07988783262235748,0.027848453097065504
0.7823981046296582,0.08012039076189237,0.027848453097065504
0.7823981046296582,0.08057649110396761,0.027848453097065504
0.7845564859133908,0.08080070635060438,0.027324644079921544
0.7845564859133908,0.08170777930893093,0.027324644079921544
0.7845564859133908,0.08238934421919758,0.027324644079921544
0.7868349365407775,0.08285029362628282,0.0268547207233875
0.7868349365407775,0.08307705099589732,0.0268547207233875
0.7868349365407775,0.0833096091354322,0.0268547207233875
0.7876041673100083,0.0837618745531066,0.026613791053512106
0.7891588842911403,0.08444669811031588,0.028276433169013803
0.7891588842911403,0.08491344828732149,0.028276433169013803
0.7899588842911405,0.0867501866752584,0.02928928913264846
0.791408045716717,0.08744662092123748,0.029780300206787742
0.791408045716717,0.08857858217029721,0.029780300206787742
0.791408045716717,0.08926120470104146,0.029780300206787742
0.7929465072551785,0.09040731876184871,0.029387053625783408
0.795950385661887,0.09109248341557072,0.03153561733407471
0.7995727037849076,0.09199955637389726,0.030675533428471326
0.8003419345541385,0.09292274798949085,0.030434538184915767
0.8003419345541385,0.09361011366967789,0.030434538184915767
0.8003419345541385,0.09430198731836216,0.030434538184915767
0.8025751021626574,0.09498806019712606,0.02998484398466344
0.8048387773763326,0.09613997502785368,0.030407019993932152
0.807133221820777,0.09704901383169974,0.03194960876265796
0.8092916031045096,0.09842154416560878,0.03138079587205238
0.8092916031045096,0.09910440187729855,0.03138079587205238
0.8099860475489539,0.10139431390795176,0.03125174996885452
0.8114952674071102,0.10161852915458851,0.031016441565809644
0.8144228794600734,0.10184274440122529,0.030231254148653457
0.8158265437626738,0.10253174397934817,0.028993899221594982
0.8165957745319046,0.10320822464365934,0.028715530412565835
0.8202483386344687,0.10459725821121664,0.02930160103754051
0.8202483386344687,0.10528625778933949,0.02930160103754051
0.8231304535644559,0.10667202356102509,0.02668438270476618
0.8246248980089004,0.10805164746627763,0.027679433890221292
0.8260885732225756,0.10897354628044811,0.0276122302511278
0.8275670238499624,0.1103415686458599,0.026171930111198134
0.8290309606892505,0.11103056822398276,0.025449187279416637
0.8290309606892505,0.11195049204370466,0.025449187279416637
0.829725405133695,0.11309789890593502,0.02560401654213117
0.8311893419729831,0.11491947949044432,0.024953222398444944
0.8332874507200281,0.11560847906856717,0.02415934445223506
0.837015110294496,0.11676552162511877,0.022293746814939567
0.838403999183385,0.11973839728302897,0.022878706768326686
0.8406824498107717,0.12249630881224242,0.022177220921227075
0.8428408310945041,0.12523825107962452,0.021829401974094182
0.8435500509526601,0.12822099761280145,0.020732569856243215
0.8449684906689725,0.13072970869655226,0.018669349340877158
0.849405060954479,0.13419091286214277,0.018064021326126185
0.850114280812635,0.13760952749491304,0.017042132399318004
0.8559402632382561,0.14219040917669706,0.01693903378308102
0.8604223781682432,0.1463334134334997,0.017006127758182804
0.86422451492038,0.15091357859131885,0.01608667961838639
0.8679523885989562,0.15709719832464603,0.015808216651754685
0.8701560529015566,0.16400783742269248,0.016657698870442442
0.8762366402810804,0.17278841307704937,0.01592894453956592
0.8869213920541299,0.19314741462822,0.015964787674422585
0.8897582714867541,0.20622834308737822,0.01857888810176414
0.8980292753056303,0.22770858319383444,0.02391678392296861
0.9010024320030743,0.24906810218979522,0.02540454106451633
0.9104957539449711,0.27628588732939796,0.02799131967010336
0.9223290174542885,0.3092782458817016,0.031308578855555165
0.93280294290214,0.357293803363644,0.03534834862627632
0.9447390635347078,0.4266444599390513,0.03715252339429359
0.954762220232152,0.5105819201507062,0.040723585959341564
0.9659137639090469,0.5944187982217912,0.03768987399819007
0.9718432510885341,0.7142871570190292,0.03493646972132275
0.9825399129172714,0.8187804562686389,0.023857930692421394
0.9961973875181422,0.9118108388216992,0.004796494064611861
0.9984905660377358,0.9678449258836943,0.0030188679245283013
1.0,0.9984036488027366,0.0
1.0,1.0,0.0
1.0,1.0,0.0
1.0,1.0,0.0
