tp_ave_seq,fp_ave_seq,std_tp
0.0,0.0,0.0
0.0,0.0,0.0
0.0,0.0,0.0
0.0,0.0,0.0
0.0,0.0,0.0
0.0,0.0,0.0
0.0,0.0,0.0
0.0,0.0,0.0
0.0,0.0,0.0
0.0,0.0,0.0
0.0,0.0,0.0
0.0,0.0,0.0
0.0,0.0,0.0
0.0,0.0,0.0
0.0,0.0,0.0
0.0,0.0,0.0
0.0,0.0,0.0
0.0,0.0,0.0
0.0,0.0,0.0
0.0,0.0,0.0
0.0,0.0,0.0
0.0,0.0,0.0
0.0,0.0,0.0
0.0,0.0,0.0
0.0,0.0,0.0
0.0,0.0,0.0
0.0,0.0,0.0
0.0,0.0,0.0
0.0,0.0,0.0
0.0,0.0,0.0
0.0,0.0,0.0
0.0,0.0,0.0
0.0,0.0,0.0
0.0,0.0,0.0
0.0,0.0,0.0
0.0,0.00019920318725099602,0.0
0.0,0.00019920318725099602,0.0
0.0,0.00019920318725099602,0.0
0.0,0.00019920318725099602,0.0
0.0,0.00019920318725099602,0.0
0.0025,0.00019920318725099602,0.005
0.0025,0.00040122338927119804,0.005
0.005,0.00040122338927119804,0.01
0.005,0.00040122338927119804,0.01
0.005,0.00040122338927119804,0.01
0.009880952380952381,0.00040122338927119804,0.014558895948771855
0.012380952380952381,0.00040122338927119804,0.019366380388250243
0.01504761904761905,0.00040122338927119804,0.018370339892204015
0.01504761904761905,0.00040122338927119804,0.018370339892204015
0.017175278622087134,0.00040122338927119804,0.017074680299647628
0.0216838905775076,0.00040122338927119804,0.016409809111686924
0.024350557244174266,0.0008032435912914001,0.01591194438854614
0.030232910185350736,0.0008032435912914001,0.01025285982901092
0.03740818880743786,0.0010032435912914,0.00724236967458864
0.0403493652780261,0.0010032435912914,0.0063258363712073
0.04523031765897849,0.001205263793311602,0.010097947663533672
0.04523031765897849,0.001205263793311602,0.010097947663533672
0.04523031765897849,0.001205263793311602,0.010097947663533672
0.047730317658978484,0.001407283995331804,0.014605374309498976
0.047730317658978484,0.0018056903698337964,0.014605374309498976
0.047730317658978484,0.0018056903698337964,0.014605374309498976
0.047730317658978484,0.002005690369833796,0.014605374309498976
0.050111270039930864,0.002005690369833796,0.015344798413437036
0.050111270039930864,0.002005690369833796,0.015344798413437036
0.050111270039930864,0.0022077105718539985,0.015344798413437036
0.050111270039930864,0.002407710571853998,0.015344798413437036
0.05249222242088325,0.002407710571853998,0.017405751690184754
0.05249222242088325,0.0026097307738742,0.017405751690184754
0.054873174801835636,0.0026097307738742,0.02039139571914148
0.054873174801835636,0.0028097307738742,0.02039139571914148
0.054873174801835636,0.0030079468293746957,0.02039139571914148
0.05781435127242386,0.0030079468293746957,0.019675957035076505
0.06031435127242385,0.0030079468293746957,0.022317516189846422
0.0653619703200429,0.0030079468293746957,0.023189745386599757
0.0653619703200429,0.0030079468293746957,0.023189745386599757
0.06774292270099529,0.003405366072126188,0.026508626700968704
0.06774292270099529,0.003405366072126188,0.026508626700968704
0.07024292270099529,0.003405366072126188,0.028748785645072637
0.07512387508194766,0.003605366072126187,0.03444942686244174
0.07512387508194766,0.0042037724466281795,0.03444942686244174
0.07762387508194768,0.0042037724466281795,0.037398444295732206
0.07762387508194768,0.004400622840328967,0.037398444295732206
0.08012387508194767,0.0046026430423491685,0.04074953079890916
0.08012387508194767,0.004801846229600165,0.04074953079890916
0.08279054174861433,0.005401285674371858,0.03932029775382871
0.09246582037070147,0.005601285674371858,0.04140016451984311
0.09496582037070148,0.005798136068072645,0.04501826874077422
0.09709347994516956,0.005798136068072645,0.04268160960122078
0.10209347994516955,0.005798136068072645,0.050752192058071015
0.10209347994516955,0.005997339255323642,0.050752192058071015
0.10209347994516955,0.0063947584980751345,0.050752192058071015
0.10459347994516957,0.0063947584980751345,0.05502560857431273
0.10697443232612194,0.00659396168532613,0.05635611690100504
0.10697443232612194,0.00659396168532613,0.05635611690100504
0.10991560879671018,0.006792177740826624,0.05410520661549812
0.11204326837117826,0.006792177740826624,0.05200097972468126
0.11204326837117826,0.006792177740826624,0.05200097972468126
0.11667092794564633,0.00699138092807762,0.05450863458332136
0.11933759461231301,0.00739138092807762,0.05295335122733707
0.11933759461231301,0.007591380928077621,0.05295335122733707
0.12171854699326538,0.0077913809280776205,0.05421006356712816
0.12171854699326538,0.008186447377278906,0.05421006356712816
0.12171854699326538,0.008186447377278906,0.05421006356712816
0.1265994993742178,0.008186447377278906,0.059881203684881326
0.12926616604088442,0.008186447377278906,0.058624085894593184
0.12926616604088442,0.008587670766550102,0.058624085894593184
0.12926616604088442,0.008587670766550102,0.058624085894593184
0.12926616604088442,0.008587670766550102,0.058624085894593184
0.1316471184218368,0.008787670766550102,0.060312161343841965
0.1316471184218368,0.009187670766550101,0.060312161343841965
0.1337747779963049,0.009187670766550101,0.058415319152085594
0.1337747779963049,0.009386873953801098,0.058415319152085594
0.1337747779963049,0.0097888941558213,0.058415319152085594
0.13590243757077297,0.009988097343072298,0.05677462196644744
0.138402437570773,0.009988097343072298,0.06077701466491383
0.14345005661839202,0.010586171126044281,0.061272267340059035
0.14345005661839202,0.010586171126044281,0.061272267340059035
0.14639123308898025,0.010783021519745068,0.058117079333120276
0.14639123308898025,0.010983021519745069,0.058117079333120276
0.1518324095595685,0.011382224706996064,0.059463780403570206
0.1539600691340366,0.011382224706996064,0.05757931690242327
0.15662673580070324,0.011382224706996064,0.056237903683185674
0.15662673580070324,0.011382224706996064,0.056237903683185674
0.16473457893795818,0.011382224706996064,0.05686704031685232
0.16949648369986292,0.011582224706996064,0.059747145767562265
0.16949648369986292,0.011780440762496559,0.059747145767562265
0.16949648369986292,0.012178847136998554,0.059747145767562265
0.17412414327433104,0.012378050324249549,0.06163311079099593
0.17412414327433104,0.012577253511500543,0.06163311079099593
0.17412414327433104,0.012577253511500543,0.06163311079099593
0.17944627212587164,0.012777253511500544,0.060835351474588684
0.18927701293283272,0.013373685622501536,0.06071315758294862
0.1914046725073008,0.013774909011772734,0.0586685041478289
0.1935323320817689,0.01397411219902373,0.05686927761378975
0.1935323320817689,0.01397411219902373,0.05686927761378975
0.1935323320817689,0.01397411219902373,0.05686927761378975
0.19619899874843555,0.014372518573525722,0.05488723863715063
0.19619899874843555,0.01457251857352572,0.05488723863715063
0.19886566541510223,0.01477251857352572,0.053366582080901934
0.2057552297514751,0.015170734629026216,0.05666627809434904
0.20788288932594315,0.01557275483104642,0.0550696008219966
0.21264479408784792,0.015770970886546914,0.061247339467990665
0.21264479408784792,0.015770970886546914,0.061247339467990665
0.21264479408784792,0.015770970886546914,0.061247339467990665
0.21264479408784792,0.016170970886546916,0.061247339467990665
0.21743912032898266,0.016765240522999193,0.05827708223500012
0.21743912032898266,0.017161672634000185,0.05827708223500012
0.22382209905238692,0.01755673908320147,0.05560671192426808
0.22382209905238692,0.017957962472472666,0.05560671192426808
0.22942994218964183,0.01815716565972366,0.049897451552996755
0.22942994218964183,0.01815716565972366,0.049897451552996755
0.22942994218964183,0.018557401917244358,0.049897451552996755
0.2318108945705942,0.019353227534497842,0.05326482361089186
0.2318108945705942,0.02015243072174884,0.05326482361089186
0.23657279933249895,0.021344583822171602,0.06056374643051451
0.23907279933249895,0.0215437870094226,0.06233059750264844
0.241200458906967,0.0221440232669433,0.06157326626119693
0.24652258775850763,0.02334167876721549,0.06169277240436967
0.2510311997139281,0.023940549362936478,0.06487178042199054
0.2510311997139281,0.02453796860568797,0.06487178042199054
0.25341215209488055,0.024737968605687968,0.06882090698969921
0.2563533285654688,0.025733225373890757,0.06571393977339392
0.2615199952321354,0.02672825417839523,0.06491236602637829
0.2686476548066035,0.027721536683097008,0.06766329263977948
0.2739697836581441,0.0289229963298889,0.06814672113295381
0.28089176947374694,0.03032088808768179,0.06441656666743377
0.2832727218546993,0.030715954536883073,0.06818100102272334
0.2856536742356517,0.031515157724134074,0.0720635498266923
0.29659485070624,0.03231276728588706,0.06343235198758966
0.3015948507062399,0.03251276728588706,0.06639062261807062
0.3015948507062399,0.033713239800928455,0.06639062261807062
0.30610346266166044,0.03411145585642895,0.06912300410233504
0.30610346266166044,0.03551323745191133,0.06912300410233504
0.3082311222361285,0.036707410754354304,0.06834129556736238
0.31552544847726327,0.03810168039080658,0.06785708314977529
0.3224150128136361,0.04009163337198383,0.07470783818511312
0.3253561892842244,0.04129309301877573,0.0708299521260967
0.3378171821920257,0.0428877892317502,0.07047991367467273
0.3424448417664938,0.044474772523853554,0.07189480105711733
0.3473257941474462,0.04765969562022278,0.07719601758836625
0.3618166160081054,0.05005251155468844,0.07272638741581594
0.3741797782942964,0.05124937024221162,0.0690728043429057
0.37894168305620124,0.05403386676205866,0.07487675429783743
0.39183264795279815,0.05622846664102382,0.07158701321319358
0.3963412599082186,0.057622175722247794,0.0749755866326734
0.4112910483342273,0.0626004859511505,0.08064849649668665
0.4277812444126587,0.06697776310978351,0.0729393380498826
0.45072906609452296,0.07354816985775028,0.08123953110277796
0.46722849991060256,0.0821078352940232,0.08058926314814802
0.49618368198343166,0.0960398192155999,0.08033798932167213
0.5347062995410929,0.11155160471276274,0.08037149627597355
0.5755444603373264,0.13579476146432243,0.07586648904058241
0.6326849335478872,0.18442022287419052,0.07594441852433977
0.6975233029381966,0.2829182794680841,0.08613987555104581
0.822040377853269,0.4814407643939133,0.10455528785312242
0.9178085106382978,0.7797187159900706,0.1019619133749733
0.9829787234042554,0.8913131313131313,0.03404255319148937
1.0,0.9816161616161615,0.0
1.0,1.0,0.0
1.0,1.0,0.0
1.0,1.0,0.0
1.0,1.0,0.0
