tp_ave_seq,fp_ave_seq,std_tp
0.0,0.0,0.0
0.0,0.0,0.0
0.0,0.0,0.0
0.0,0.0,0.0
0.0,0.0,0.0
0.0,0.0,0.0
0.0015094339622641509,0.0,0.0030188679245283017
0.006792452830188679,0.0,0.013584905660377358
0.014430188679245282,0.00022805017103762827,0.025052711677711666
0.03881836354465821,0.00022805017103762827,0.05152394040022882
0.07505269225622498,0.00022805017103762827,0.07731956780825021
0.12913928587358936,0.001596351197263398,0.10521655862324869
0.17981532662885535,0.002504716957013054,0.10364778391555625
0.23973507738971409,0.0036372979633994816,0.08369704503192635
0.28015207310420076,0.006366283453818988,0.07705360701000405
0.3359753315354078,0.00774523431497511,0.057023661555321556
0.38091993930285784,0.00934619939630299,0.05192530657225851
0.40853664817273805,0.010947452945346051,0.05251194166682151
0.43324082955048426,0.012323583022710444,0.04996266248360955
0.4601338766568192,0.013480625579262034,0.03686737234984433
0.48631820279501936,0.01439998227045477,0.03923879422556094
0.502677598328341,0.01577126328280918,0.037617719412966696
0.5166530352002251,0.017597116654870227,0.034705432899849474
0.5278225759743624,0.018728404859833542,0.03980819764163034
0.5351577307366348,0.019423546304389507,0.041429157614397874
0.546461854642525,0.020334219006171404,0.04358000575941601
0.5545965336750764,0.02147835807253008,0.042925226677407634
0.5612665331947146,0.02239737366721009,0.04115519779279459
0.567167301945122,0.02378731545980929,0.040229833433705266
0.5707290859058421,0.02494469911287361,0.0393541833695271
0.5789992995295885,0.025844102222398434,0.04109004798067477
0.586636345544816,0.02675371730370272,0.04477669826668326
0.5917823497925866,0.027440174758847847,0.0447354954896451
0.5961896308762829,0.02789114737509913,0.04622948292343732
0.6005211688574594,0.028568877360964928,0.04570842780714846
0.6058032837874467,0.029028192870114322,0.04479269094528478
0.6124582462677605,0.02971081540085859,0.04380851927619328
0.6177243198591854,0.031080803611789876,0.04243032138401827
0.6215882566984735,0.0322381872648542,0.044052834837427286
0.6266890254488809,0.03246494463446871,0.04257035356411335
0.6296166375018443,0.03268915988110548,0.04210150185226091
0.6319713544829764,0.03338175920268371,0.04419694143528019
0.6349589774470143,0.03385014327762516,0.04393786499461648
0.6364684114092786,0.034078193448662794,0.04603163986809884
0.6372684114092786,0.03453660073277029,0.04653517390846951
0.6394573002981674,0.03521308139708146,0.04739766058980328
0.6433209755118426,0.035671488681188954,0.048722325597148265
0.6455541431203615,0.03635665333491096,0.04797175638543363
0.6484524659715145,0.036590845372381685,0.05025027012539014
0.6522400889355525,0.036818895543419314,0.05068413445749598
0.652934533379997,0.03751149486499754,0.050900367499328004
0.6603134911321784,0.03774405300453242,0.0478753933154735
0.6610079355766229,0.037968268251169196,0.048138069601496976
0.6639210338414875,0.03820082639070408,0.04929493942449227
0.6639210338414875,0.0391127484140406,0.04929493942449227
0.6660043671748208,0.03979757197124989,0.050310339530856035
0.6703501573184834,0.040492372319293125,0.04776317896850557
0.6725978387151008,0.04071912968890763,0.045475681061093516
0.6756310063236197,0.04139177542881795,0.04510005470633333
0.6771254507680642,0.0418485488149896,0.0458885395553971
0.6800690566380851,0.04230335635564174,0.04805593100636601
0.6822271762962048,0.04230335635564174,0.048449780193672444
0.6851857716840455,0.042762671864791144,0.051577255480045686
0.6851857716840455,0.042762671864791144,0.051577255480045686
0.6887635494618232,0.04345527118636937,0.05408376706361417
0.6910727693199792,0.043908785925598395,0.05366321920839569
0.6918727693199792,0.043908785925598395,0.05405723508371808
0.6926727693199792,0.04482396659587754,0.054495396447630275
0.6940764336225798,0.04482396659587754,0.053996928451729244
0.6963401088362549,0.045964890495162086,0.05437341793558345
0.697140108836255,0.046197448634696964,0.05486059062623753
0.6986185594636417,0.04664971405237136,0.05312038427392721
0.7008369991799538,0.04664971405237136,0.05149798304896089
0.7015917161610858,0.04687776422340899,0.05219441511512541
0.7047156639114487,0.047556787010697904,0.0533315046400242
0.7061341036277609,0.04824938633227613,0.051221466014160395
0.7076125542551477,0.04893838591039899,0.049458255201656684
0.7083217741133037,0.04893838591039899,0.04842295274967856
0.7091217741133036,0.04893838591039899,0.049034962163912364
0.7106910048825344,0.04916260115703577,0.04896042967785924
0.7113854493269788,0.04962320946760828,0.0494368632844957
0.712849124540654,0.05007801700826042,0.049247022522687235
0.7136183553098847,0.050999574725918165,0.04858529540138847
0.7136183553098847,0.05122633209553268,0.04858529540138847
0.7158220196124854,0.05122633209553268,0.048671389454461235
0.7165767365936174,0.05122633209553268,0.04929393388838939
0.7180551872210043,0.05145054734216945,0.04754211747382284
0.7180551872210043,0.05190895462627695,0.04754211747382284
0.7203336378483909,0.052586684612142755,0.046455307386339795
0.7211028686176217,0.052586684612142755,0.04582132832733375
0.7218720993868525,0.052586684612142755,0.045230812537627174
0.7225813192450085,0.053053434789148354,0.04409516022599458
0.7241052669953714,0.053053434789148354,0.044154025562027306
0.7263837176227582,0.053514043099720875,0.043127479672231295
0.7263837176227582,0.053514043099720875,0.043127479672231295
0.7278328790483347,0.053514043099720875,0.04421448581371523
0.7285273234927792,0.053514043099720875,0.04469096662451734
0.7285273234927792,0.0537420932707585,0.04469096662451734
0.7315002185646103,0.054430751752368646,0.044135422195867885
0.7322094384227664,0.05488555929302078,0.042987499607800385
0.7345171307304588,0.05488555929302078,0.04147972940017753
0.7352263505886147,0.05557872574312818,0.040265471576407114
0.7367207950330592,0.05602715623640171,0.04143589051216153
0.7374755120141913,0.056479421654076115,0.04199361141363802
0.7381699564586357,0.05670363690071288,0.04250764858738728
0.7396338932979238,0.057162952409862286,0.041910111832306286
0.7403283377423684,0.057397144447333015,0.04244666113779544
0.7403283377423684,0.05762519461837064,0.04244666113779544
0.7418830547235004,0.05831165207351576,0.04366031536944571
0.7432867190261009,0.058765166812744796,0.04304126347173703
0.7454451003098334,0.058999358850215525,0.04308570804510824
0.7462451003098334,0.05945996716078802,0.04367866844642326
0.7476635400261455,0.059688017331825646,0.04147648862810407
0.7476635400261455,0.059688017331825646,0.04147648862810407
0.7484327707953763,0.059922209369296375,0.04083000035507428
0.7484327707953763,0.06014642461593315,0.04083000035507428
0.7498364350979767,0.06014642461593315,0.04030873008184928
0.7506056658672074,0.06084122496397639,0.03967565733743663
0.7506056658672074,0.06107541700144712,0.03967565733743663
0.7521296136175704,0.06130346717248475,0.03969194458018143
0.7544535613679331,0.06153602531201963,0.040353757560526365
0.7544535613679331,0.061764075483057256,0.040353757560526365
0.7552082783490652,0.06244180546892306,0.04101664966599934
0.7560082783490651,0.06244180546892306,0.04160519564266967
0.7574867289764521,0.06312466318061283,0.039912246823438885
0.7582559597456828,0.06358527149118534,0.0394239833984937
0.7597504041901273,0.06381946352865606,0.04052132192476283
0.7605504041901273,0.06428784760359751,0.0411841824469791
0.7620140794038024,0.06451589777463515,0.04120508286906992
0.7620140794038024,0.06451589777463515,0.04120508286906992
0.7620140794038024,0.06474394794567277,0.04120508286906992
0.7635687963849345,0.06519621336334716,0.042447761485395766
0.7650327332242226,0.06565552887249657,0.04185793213500782
0.7664818946497991,0.06657872048809016,0.042953672975500144
0.7671763390942437,0.06703932879866267,0.04343671736353377
0.7679310560753757,0.06703932879866267,0.044093853675529815
0.7694402759335317,0.06888316990687211,0.043538689168198696
0.7716131710053629,0.0693341425231234,0.04232171342306443
0.772322390863519,0.06980089270012901,0.041165257064312955
0.7730916216327497,0.07026927677507047,0.04062965411813934
0.7730916216327497,0.07049603414468497,0.04062965411813934
0.7745555584720378,0.07096441821962643,0.040129401139378275
0.7745555584720378,0.07118863346626318,0.040129401139378275
0.7760500029164823,0.07165087567477155,0.041220029889910685
0.7775136781301575,0.07210184829102284,0.041198352044730636
0.7775136781301575,0.07278955506772258,0.041198352044730636
0.7789773533438327,0.0730237471051933,0.04125497010837905
0.7805013010941956,0.07371145388189307,0.04141996565706331
0.7812705318634263,0.07462917667514994,0.04102303815976825
0.7812705318634263,0.07485722684618758,0.04102303815976825
0.7812705318634263,0.07577169099250183,0.04102303815976825
0.7812705318634263,0.07668710684372651,0.04102303815976825
0.7812705318634263,0.07781580944584358,0.04102303815976825
0.7819649763078708,0.07805000148331431,0.04157153994626946
0.7826741961660268,0.07850840876742181,0.040336340190685424
0.7833834160241828,0.07873516613703632,0.03911357422827465
0.7840778604686273,0.07941673104730297,0.03971225166226463
0.7847723049130717,0.08056413790953335,0.04034987236602722
0.7847723049130717,0.0812406185738445,0.04034987236602722
0.7862815247712277,0.08284513991875925,0.03964349879297803
0.7886054725215905,0.08353159737390438,0.04027141892727386
0.7893146923797466,0.08536473601838593,0.03906770059193323
0.7915035812686355,0.0855889512650227,0.04087021368132919
0.7922728120378663,0.08719916746429059,0.040404927989366325
0.7922728120378663,0.088104947621194,0.040404927989366325
0.7929672564823107,0.08949776348435462,0.04106937044935823
0.7936617009267551,0.09109360083985854,0.041769440947643996
0.7952164179078872,0.09246522294872568,0.04276102722429776
0.7989897887094395,0.09452353769368342,0.043749235251599426
0.7997445056905714,0.09636100175451427,0.04437412104100859
0.8012084425298596,0.0975258200754348,0.04389047469186724
0.8042253546957081,0.09866670049485085,0.04121315612957241
0.8079822559504816,0.09958340914749862,0.038422268337048246
0.8094914758086376,0.10119013151887837,0.037726875821323023
0.8118154235590003,0.10254434216905536,0.038539744121642294
0.8148485911675193,0.10551423784083691,0.038183864561469515
0.8171122663811945,0.10916800536491736,0.03885653129808109
0.8210067108256389,0.11259817739968776,0.0421678836196991
0.8224103751282394,0.11579656110565784,0.04134538140824774
0.8238888257556262,0.11808038389867548,0.03972475303053879
0.8305732915418584,0.12153832941732337,0.03904426839357912
0.8356590707744462,0.12655685151094392,0.03651653467134406
0.8394159720292198,0.1302274542162563,0.03420223840458039
0.8446365484976684,0.13575077372026598,0.0323879942045963
0.8514118419472494,0.14219529154756255,0.03194216857594306
0.8550338984446573,0.14952220389993315,0.031664767660813595
0.8615838761421459,0.15729446150185358,0.02665860980135973
0.8713625722687144,0.16969515444788447,0.02864153921920917
0.8822731155235772,0.1892740767123179,0.020322983635902254
0.8895918007390708,0.21352827651117642,0.019402356955778077
0.8979510528500894,0.2462769831130221,0.021202986136596505
0.9142646421133174,0.3043903949550543,0.026198497556370506
0.9307128145082982,0.40006361796013257,0.034716763371672316
0.9579975287101943,0.5655334917366591,0.029581406682476438
0.985797558561248,0.757832002162527,0.014188253896879397
0.9962264150943396,0.9020916200896766,0.007547169811320753
0.9977358490566038,0.9534777651083239,0.004528301886792451
1.0,0.9968072976054732,0.0
1.0,1.0,0.0
1.0,1.0,0.0
1.0,1.0,0.0
1.0,1.0,0.0
