tp_ave_seq,fp_ave_seq,std_tp
0.0,0.0,0.0
0.0,0.0,0.0
0.0,0.0,0.0
0.0,0.0,0.0
0.0,0.0,0.0
0.0,0.0,0.0
0.0,0.0,0.0
0.0,0.0,0.0
0.0,0.0,0.0
0.0,0.0,0.0
0.0,0.0,0.0
0.0,0.0,0.0
0.0,0.0,0.0
0.0,0.0,0.0
0.0,0.0,0.0
0.0,0.0,0.0
0.0,0.0,0.0
0.0,0.0,0.0
0.0,0.0,0.0
0.0,0.0,0.0
0.0,0.0,0.0
0.0,0.0,0.0
0.0,0.0,0.0
0.0,0.0,0.0
0.0,0.0,0.0
0.0,0.0,0.0
0.0,0.0,0.0
0.0,0.0,0.0
0.0,0.0,0.0
0.0,0.0,0.0
0.0,0.0,0.0
0.0,0.0,0.0
0.0,0.0,0.0
0.0,0.0,0.0
0.0,0.0,0.0
0.0,0.0,0.0
0.0,0.0,0.0
0.0,0.0,0.0
0.0,0.0,0.0
0.0,0.0,0.0
0.0,0.0,0.0
0.0,0.0,0.0
0.0,0.0,0.0
0.0,0.0,0.0
0.0,0.0,0.0
0.0,0.0,0.0
0.0,0.0,0.0
0.0,0.0,0.0
0.0,0.0,0.0
0.0,0.0,0.0
0.0,0.0,0.0
0.0009852216748768472,0.0,0.0019704433497536944
0.0009852216748768472,0.0,0.0019704433497536944
0.0009852216748768472,0.0,0.0019704433497536944
0.004124749088824183,0.0,0.003757022146031503
0.004124749088824183,0.0,0.003757022146031503
0.007264276502771519,0.0,0.006145909818305181
0.012770667822044298,0.0,0.01149102682551391
0.014712415394859835,0.0,0.012413144650146864
0.015697637069736682,0.0,0.012953968348437804
0.015697637069736682,0.00020942408376963353,0.012953968348437804
0.018837164483684016,0.00042657934978483446,0.015544762018125364
0.02100581811122359,0.0010801741210266645,0.017588639465680015
0.02414534552517092,0.0012973293870418652,0.02016714224875592
0.02926966417734103,0.0012973293870418652,0.025304273280921274
0.03736723564811587,0.0019417736605739765,0.026310914683439924
0.04025791054865282,0.0021589289265891774,0.02681476221491395
0.0530570749926275,0.002813019678399799,0.029515399567143434
0.0595123936396217,0.0030301749444149994,0.034818493051465
0.06731047036136163,0.0030301749444149994,0.03658857055190644
0.07522417944281967,0.0036791594677450723,0.04100705207894889
0.08330740302512543,0.0043313349235227505,0.04395368820951961
0.08900181624341938,0.004768270409318172,0.04725495008186724
0.09990891299512002,0.004768270409318172,0.04728498702366326
0.10988571077021844,0.005196883489019084,0.05050802290999562
0.11518344107729454,0.0058445671307681395,0.046705202075149846
0.12554049991244717,0.0064916363580652696,0.04553955301665842
0.1325052816661838,0.006708791624080471,0.048582558311524415
0.1346190125954487,0.006928571843860689,0.046476657354374847
0.13942948861011484,0.007364301691355243,0.049813787778750965
0.14517454406403332,0.008448306404447794,0.05462653561024717
0.1550660327098162,0.009313854969944127,0.048253678442536106
0.17164722367458882,0.009970570675519767,0.04533464265720704
0.17879158735499212,0.011050083574583697,0.04499052698579432
0.1910946742256104,0.011687411080322166,0.046987854780454745
0.19342096332113026,0.012335094722071224,0.04496976860071381
0.19651991592527202,0.012770824569565775,0.043347242378529605
0.20374789808088814,0.01320846971309327,0.04518718911644283
0.2126422860189267,0.014073308620857528,0.03761057443751468
0.22301122388694683,0.015147666855671569,0.03819036420261679
0.23480056718817255,0.01600477458119026,0.0358198936783743
0.23765494774155402,0.016214198664959892,0.03867937534666781
0.2470124370133607,0.01664921885472237,0.03815176072168519
0.2499174598023668,0.017088779294282812,0.039405378143538124
0.25587079295989,0.017735848521579937,0.04078849664338641
0.2599448998130897,0.017735848521579937,0.04205043493814631
0.2687078792044845,0.018366768917256842,0.03826502276641703
0.2719687477392568,0.019431385430512222,0.03829724373725394
0.2792225735076175,0.020508273375811133,0.036525800981273
0.2902208873047482,0.02180361746870626,0.03872738494936113
0.29136374444760527,0.022656776168275928,0.037285979070666914
0.29605689744845065,0.023511968597761675,0.035795414013072804
0.3043221718130247,0.02415570321356171,0.03547466858461302
0.30855819459685485,0.02459263869935713,0.03929784648462251
0.3105142900581394,0.025250064062664845,0.03848597311177287
0.3157312540541962,0.025685793910159398,0.03825564809397151
0.31784498498346114,0.02590365883390668,0.036521439252341276
0.3207356598839981,0.026553967429420754,0.03746970524995779
0.3228899656230686,0.026990902915216174,0.03745224295847848
0.3281069296191254,0.02720876783896345,0.03721003356982311
0.3309976045196624,0.027639296214697306,0.03821755983782865
0.3329174056337915,0.02785645148071251,0.03948245235961573
0.33932786900833,0.028935915944007094,0.03575475437859749
0.3423905272653164,0.029793023669525787,0.03569182296975758
0.3455300546792637,0.03065143227662549,0.03527096881291934
0.3486290072834054,0.031081960652359342,0.033291193521952964
0.35168159811457284,0.031958456577715205,0.036621006961671136
0.3547704832928956,0.03260481614728026,0.03811188571900536
0.3547704832928956,0.03281556430323389,0.03811188571900536
0.35761051595780813,0.0334478087710948,0.04114541390983254
0.3607500433717555,0.03453122226033841,0.04082456813445243
0.3681069652184136,0.03518864762364613,0.041018941961525855
0.3681069652184136,0.03605490584687453,0.041018941961525855
0.37022069614767855,0.03692307936613588,0.03943158874637045
0.3741472349587169,0.03756244060179043,0.038389604748779664
0.3792022830241432,0.03778030552553771,0.03654772014618826
0.38205666357752477,0.039058295148511744,0.03933743969153678
0.3840127590388094,0.03926904330446539,0.03949660495448644
0.3859545066116249,0.039695622654250216,0.04013423756203643
0.3859545066116249,0.0403407765855144,0.04013423756203643
0.39006490781198,0.04098713615507946,0.04086399647023207
0.3972666630462596,0.041424071640874874,0.04042361943196443
0.40052325111838166,0.042700737191664916,0.036837717526716184
0.4043847998053264,0.04312994149521476,0.03927230092850685
0.40634089526661094,0.04398064211067189,0.04013556184896849
0.40940355352359725,0.0448435657224032,0.039638091093755094
0.4105464106664544,0.0456903173119113,0.03773985524388535
0.4138072792012267,0.046328968889833774,0.036484655097257866
0.41707821516181787,0.04719643275136305,0.03314654602238826
0.41804908894822557,0.04847442237433709,0.033637979190420816
0.42113369366389825,0.048912067517864574,0.03318041605636943
0.4253291416379228,0.04977832574109299,0.033126755557877044
0.42765543073344264,0.051064637770161535,0.030675964790337244
0.4307543833375845,0.05149254119213037,0.029727199433481018
0.4317252571239922,0.051921154271831284,0.0304577524936341
0.43662266972143826,0.05276861551907146,0.03274409310908129
0.44086447946843715,0.05404967764060996,0.03082615161116184
0.44401835477085355,0.055753655389519895,0.030630501691512234
0.4498359989190829,0.056402048689001026,0.03541566922814368
0.45466842139243546,0.056831252992550874,0.03981821148863991
0.45563929517884316,0.057904901569632836,0.04095464360147364
0.4600430208564725,0.05812468178941307,0.03729520683281943
0.4633038893912447,0.06006255485980736,0.035228785266589825
0.4692791690074543,0.06179294233306796,0.03846832317316222
0.47046260096011705,0.06330556012586142,0.03718954234991544
0.4736828946850837,0.06416978461917375,0.03510031572785025
0.4777932958854388,0.06567001254604053,0.03664106980765324
0.481131033577172,0.06674439397145757,0.03570489348896145
0.4860284461746181,0.0678266018224003,0.03946350832896558
0.48810588275672756,0.06889445770387263,0.038364000119679637
0.4912454101706748,0.06974894047562631,0.03903634231107338
0.49692547550049976,0.0716951591427181,0.043625794097199015
0.5025532079405974,0.07320768169223142,0.03964187952523709
0.5071652113218315,0.0742749231592518,0.034017163235290686
0.5110411078972452,0.07641522197950523,0.03619022903597235
0.5186148683728087,0.07770543459875345,0.035610327010567336
0.5240544579609393,0.08006683771097109,0.031522737292282416
0.5315050657086293,0.08113083980977455,0.029811238398495195
0.5392565965038109,0.08285595418490212,0.02493230780807837
0.5413340330859203,0.08651144731594466,0.02317703021825226
0.5435026867134598,0.08995160523372484,0.02332373754659545
0.5490855638811019,0.09145389008111068,0.01869741690238266
0.5520412289057324,0.09316680465056706,0.02071845931291184
0.5571149053222779,0.09552038133725899,0.023347403562126653
0.5642778973538005,0.0996051019624544,0.025426162096120506
0.5771695229880777,0.10434701108319122,0.01828819306664994
0.585920623346605,0.10800947893123647,0.017828384019864488
0.5899541553899993,0.11082765327388618,0.017813967548446753
0.5981167169848677,0.11472458242209838,0.021533075038820328
0.6024798678526915,0.11923235935358459,0.017279981212749065
0.6107332631843981,0.12355340976746906,0.01997095771275822
0.6198098860582891,0.12828058937204984,0.017649712622712126
0.6269872259782806,0.1347389845415064,0.019017240606508064
0.6329262112473348,0.1399140954275115,0.019243045805650665
0.6483206521518777,0.14854820596023238,0.026949799394590086
0.6604460469049399,0.15910531842270534,0.03270232972045884
0.6780530343543949,0.1702368414927026,0.032959308732681804
0.698602767238468,0.182272407224465,0.028557185253989058
0.7234639637648757,0.19755116570871162,0.02940435802034199
0.7368147935788627,0.21683794741014992,0.028729795921137974
0.7606038318476136,0.24955802929266233,0.030220458949130825
0.7904570936603018,0.2938156839553522,0.027576422564185337
0.8220274701087839,0.3483027047738221,0.03070227961858962
0.8537417131832683,0.3987030854600309,0.033951061507964876
0.9036416142000558,0.5245854898218936,0.026112915994341686
0.9729080003018377,0.8109563019959645,0.03158630662761531
1.0,0.9997892518440464,0.0
1.0,1.0,0.0
1.0,1.0,0.0
1.0,1.0,0.0
1.0,1.0,0.0
1.0,1.0,0.0
