tp_ave_seq,fp_ave_seq,std_tp
0.0,0.0,0.0
0.0,0.0,0.0
0.0,0.0,0.0
0.0,0.0,0.0
0.0,0.0,0.0
0.0,0.0,0.0
0.0,0.0,0.0
0.0,0.0,0.0
0.0,0.0,0.0
0.0,0.0,0.0
0.0,0.0,0.0
0.0,0.0,0.0
0.0,0.0,0.0
0.0,0.0,0.0
0.0,0.0,0.0
0.0,0.0,0.0
0.0,0.0,0.0
0.0,0.0,0.0
0.0026510721247563354,0.0,0.0032841231483279045
0.003820662768031189,0.0,0.004871890636043137
0.006600845548213968,0.00022222222222222223,0.003764131057935337
0.006600845548213968,0.00022222222222222223,0.003764131057935337
0.01140831877673983,0.00022222222222222223,0.009824633421023438
0.014188501556922611,0.00044872278847363787,0.01002232607827192
0.016866513200451495,0.0009017239209764691,0.009264215631095682
0.019829476163414458,0.001119351777342084,0.008055329234979942
0.027809632056456014,0.0013415739995643063,0.011353081752476728
0.03334843552629396,0.001559201855929921,0.007206513231888393
0.04135553093810807,0.0020033302785469513,0.007717673625602569
0.05250836949566532,0.002667480703364202,0.004642692027341806
0.053677960138940176,0.00333622549403806,0.005226334049392313
0.06007446341384635,0.0035627260602894757,0.010164790394650325
0.06672918799960542,0.004002770064689915,0.01612186651661072
0.07489750150367211,0.00466044192545597,0.0219571327520549
0.07897638558255618,0.005102686149878412,0.02216632585041654
0.08589449939722174,0.00622235394904791,0.02784954815345247
0.10110465994313544,0.00622235394904791,0.03316027229582978
0.11127068804019805,0.006895377083750961,0.03273981479824784
0.11394869968372692,0.00801504488292046,0.0355797373377777
0.1177693624517581,0.008906011895816541,0.03263942770165041
0.12211163575954864,0.00935014031843357,0.03379949058420552
0.13180993235439695,0.00935014031843357,0.039945266733723846
0.13180993235439695,0.010023163453136622,0.039945266733723846
0.1357597057778546,0.010460813311702458,0.038305506083610455
0.14150285152100034,0.010460813311702458,0.036316869897535076
0.14553323399058424,0.010907335880154091,0.03695658418405822
0.14969272711559461,0.010907335880154091,0.0392361807236727
0.1524729098957774,0.012000069527838771,0.039250590525357024
0.15681518320356796,0.01309519732135806,0.04168594078323322
0.16263893799284,0.013537441545780501,0.04240969596871239
0.1679680217611252,0.013981569968397532,0.042476509442096515
0.17371116750427096,0.014199197824763147,0.04233586505642124
0.17500986880297226,0.014639241829163588,0.04246484310264375
0.17500986880297226,0.014865742395415002,0.04246484310264375
0.17630857010167356,0.015307986619837444,0.042751530146823744
0.180753014546118,0.015534487186088861,0.043057190781125146
0.18213232489094558,0.01597861560870589,0.045041942897693435
0.18213232489094558,0.016416265467271728,0.045041942897693435
0.18478339701570193,0.01663848768949395,0.042621971812838264
0.18881377948528585,0.017080731913916392,0.043466068153960806
0.19253227111666313,0.017958231851070063,0.04226816731591474
0.19814630620438245,0.018184732417321478,0.041273876434612694
0.20779072376168567,0.018848882842138728,0.042623187716194263
0.21174049718514326,0.01950636077709218,0.039741826104700735
0.21420878912711946,0.019728582999314404,0.03766497471606638
0.21717175209008238,0.019950805221536628,0.038175360925287546
0.21951093337663208,0.02039304944595907,0.035061157054736385
0.22343914470956214,0.02061527166818129,0.037795545140269976
0.2274158576517923,0.02083529367038151,0.03878864029995319
0.23009386929532116,0.021055315672581728,0.04065615418775313
0.23285248998497635,0.021277537894803952,0.04527722222590272
0.23561111067463153,0.02171279360753518,0.05008004329595121
0.23709259215611303,0.022388016962260233,0.05064494644723607
0.2411714762349971,0.022832145384877264,0.05073375573269491
0.2440322680613062,0.02348962331983071,0.05376458450176853
0.24533096936000748,0.02348962331983071,0.053579025959397175
0.24909796260068492,0.023709645322030935,0.05216261536846708
0.24909796260068492,0.02392727317839655,0.05216261536846708
0.2514371438872346,0.024597902167265,0.04952714394948237
0.25588158833167907,0.024817924169465218,0.047437477452897385
0.25736306981316054,0.025035552025830833,0.04623217589163613
0.26032603277612354,0.025697818252453493,0.044320295869461304
0.2630040444196524,0.026141946675070526,0.0463867712183607
0.2644855259011339,0.027237268394402415,0.04706654496825856
0.26586483624596147,0.028119362697412692,0.04924914154474183
0.27244411970364785,0.02855921277600053,0.05146686611656203
0.27478330099019754,0.02921688463676659,0.04879601876982298
0.2775634837703803,0.030116408337721057,0.04734781385883551
0.28021455589513666,0.030780558762538303,0.04667603591119572
0.28021455589513666,0.030780558762538303,0.04667603591119572
0.28299473867531943,0.030780558762538303,0.04715520872519044
0.28299473867531943,0.031233559895041136,0.04715520872519044
0.2857749214555022,0.032115338176224,0.04576460989784082
0.2912061763604413,0.03256186074467564,0.04387110078848891
0.2938572484851977,0.03321713845960709,0.04338637203497991
0.2991863322534829,0.03365718246400753,0.04264039181314048
0.30048503355218414,0.034097032542595364,0.042506745772763845
0.3034479965151472,0.034097032542595364,0.042369446701233354
0.30758055012138497,0.0345346824011612,0.0409036768663181
0.30758055012138497,0.034752310257526814,0.0409036768663181
0.3089598604662126,0.03540519382662365,0.0429015865031567
0.31428894423449777,0.03672462196637236,0.04219467501999098
0.31428894423449777,0.03695112253262377,0.04219467501999098
0.31428894423449777,0.03783529495964124,0.04219467501999098
0.31428894423449777,0.03894168960888093,0.04219467501999098
0.3199029793222171,0.03983265662177702,0.04193793452856843
0.32138446080369854,0.04092079590360509,0.041202230213401955
0.32276377114852617,0.04114301812582731,0.04318598505073641
0.3256245629748352,0.041587146548444344,0.0446751926846278
0.32996683628262574,0.041809368770666565,0.04733189320211324
0.3355056397524637,0.04225161299508901,0.05054911237948325
0.3382858225326465,0.04335101913263749,0.050856486805876594
0.33976730401412797,0.0435775196988889,0.05058200751141088
0.3425474867943107,0.04445501963604257,0.05103750273092241
0.34514488939171334,0.0449015422044942,0.050388195893510394
0.3463144800349882,0.045783636507504485,0.04850422260852138
0.3463144800349882,0.04644350858829255,0.04850422260852138
0.3504739731599985,0.047109859233131796,0.049894788784446906
0.35343693612296156,0.04754750909169763,0.051830559225085
0.35473563742166286,0.04800051022420047,0.051662816778181145
0.3582444093514874,0.04822701079045188,0.04600739072806352
0.3582444093514874,0.04954624500438798,0.04600739072806352
0.3595431106501887,0.05044149036131325,0.045866099427107856
0.36084181194889,0.05132546886251812,0.04587168137550628
0.36222112229371756,0.05197835243161496,0.047717068632440275
0.36370260377519903,0.05285585236876863,0.04874102307111745
0.36370260377519903,0.05285585236876863,0.04874102307111745
0.36775992576355554,0.053511130083700086,0.05251664250937139
0.37350307150670126,0.05395525850631712,0.053902393028119826
0.37350307150670126,0.05417528050851733,0.053902393028119826
0.38198327584897457,0.05528387537777903,0.06343058517901742
0.38198327584897457,0.05571913109051026,0.06343058517901742
0.38198327584897457,0.05571913109051026,0.06343058517901742
0.38445156779095074,0.05661865479146473,0.06160731510624859
0.3856211584342256,0.05683628264783034,0.05987989869020074
0.388170059422328,0.05706278321408176,0.06017462755691455
0.388170059422328,0.05750043307264759,0.06017462755691455
0.39378409451004737,0.05815810493341365,0.05984655839346743
0.39674705747301026,0.05949320036892676,0.06026287639433218
0.401812752012389,0.06148816788522793,0.058132846230029546
0.4046735438386981,0.062374540532267396,0.058999098253250865
0.4084405370793756,0.06348929794375287,0.0573460937324192
0.4110916092041319,0.0637093199459531,0.05678853615053506
0.4146003811339565,0.06437806473662695,0.051840846640304965
0.42122816620094294,0.06547507672834083,0.05102889065542717
0.4239867868905981,0.06750282491652318,0.05488092513889485
0.42814628001560856,0.06839567612761385,0.05795823845972851
0.42952559036043614,0.06861330398397945,0.05994599242194597
0.43504283173974645,0.06972617719727034,0.06843376489737268
0.4393044960014107,0.07216766728202315,0.067966777353159
0.44047408664468557,0.07327814634947945,0.06646884308022241
0.4444238600681432,0.07372227477209647,0.06381102372341037
0.4479326319979677,0.07438862541693572,0.05955418849773795
0.4494141134794492,0.07570377521265523,0.06027384707992295
0.45357360660445956,0.07681016986189491,0.06323955026514501
0.45929519025707777,0.07769893665476899,0.06502769477156958
0.46176348219905383,0.07947168194884793,0.0635628212581182
0.4725774903996319,0.08123335431301909,0.06062244972995739
0.47673698352464233,0.0825706499685542,0.06343788833843787
0.48079430551299873,0.08499219441351338,0.06779676275926277
0.4847440789364564,0.08698276148977055,0.06707093051836018
0.48721237087843255,0.08831169438305989,0.06572953994999804
0.4883819615217074,0.0920902861975352,0.0644779430837322
0.4910330336464638,0.09431194820590039,0.06403115337659576
0.496362117414749,0.09832100290882889,0.06581678759220272
0.4987012987012987,0.10164615547295915,0.06368774777225503
0.5029414008724353,0.10407398455615695,0.0689106483045247
0.5068696122053653,0.10824762478194887,0.07247687129013533
0.5131585669153728,0.11069987177478206,0.06790994639950416
0.514457268214074,0.11335879579008787,0.06770767478175896
0.5211335548903607,0.11601382931298969,0.06596649778224176
0.5250296587864647,0.11932979314540675,0.06708661595523355
0.5315013936792522,0.12285773223960564,0.0652374841805899
0.5408339203983487,0.1288151906893843,0.06402206746160194
0.5471498146271285,0.1341457516560687,0.06533191672393729
0.5496181065691047,0.13879802474509148,0.0651731675041132
0.5561167809806647,0.14479285823260796,0.06705583460788156
0.56776175897773,0.14900607371615965,0.06875144839532767
0.5717921414473139,0.15873854950983707,0.06791415839823647
0.5800035791324356,0.1702091440609648,0.06392403151909715
0.5893846074608324,0.1797665815127559,0.05977201093193319
0.5990290250181357,0.19264698324142515,0.05631311512451974
0.6221009856581545,0.21682169381851052,0.07563950453904951
0.6460145138185066,0.23150357542837047,0.06799216876263509
0.6925885246030437,0.2529511073950063,0.0850877459409883
0.7051718114513033,0.27479039582785897,0.09604723803178558
0.7273943479388125,0.29994243991059655,0.10205887674322262
0.748291243608848,0.3347282396969679,0.10995180459184294
0.7812152813241743,0.3832717088899026,0.11456019964142035
0.8005310559575533,0.42955334710650456,0.10971162992322453
0.8292494210098565,0.48323978627121206,0.10290550898167847
0.8735676006456405,0.5682186068993293,0.0856381340368321
0.9147133071271002,0.6516873173661403,0.05183779366977215
0.946938017282845,0.7552823523919313,0.03797462669887303
0.9783692425071735,0.8798533849032346,0.024343501054273145
0.9971392081736908,0.9713885926133419,0.003507462353772036
1.0,0.9997777777777778,0.0
1.0,1.0,0.0
1.0,1.0,0.0
1.0,1.0,0.0
1.0,1.0,0.0
1.0,1.0,0.0
