tp_ave_seq,fp_ave_seq,std_tp
0.0,0.0,0.0
0.0,0.0,0.0
0.0,0.0,0.0
0.0,0.0,0.0
0.0,0.0,0.0
0.0,0.0,0.0
0.0,0.0,0.0
0.0,0.0,0.0
0.0,0.0,0.0
0.0,0.0,0.0
0.0,0.0,0.0
0.0,0.0,0.0
0.0,0.0,0.0
0.0,0.0,0.0
0.0,0.0,0.0
0.0,0.0,0.0
0.0,0.0,0.0
0.0,0.0,0.0
0.0,0.0,0.0
0.0,0.0,0.0
0.0,0.0,0.0
0.0,0.0,0.0
0.0,0.0,0.0
0.0,0.0,0.0
0.0,0.0,0.0
0.0,0.0,0.0
0.0,0.0,0.0
0.0,0.0,0.0
0.0,0.0,0.0
0.0,0.0,0.0
0.0,0.00022002200220022002,0.0
0.0,0.00022002200220022002,0.0
0.0,0.00022002200220022002,0.0
0.0014814814814814816,0.00022002200220022002,0.0029629629629629632
0.005199973112858775,0.00022002200220022002,0.004561309802992157
0.007958593802513948,0.00044004400440044003,0.007784981263551564
0.007958593802513948,0.00044004400440044003,0.007784981263551564
0.007958593802513948,0.00044004400440044003,0.007784981263551564
0.007958593802513948,0.00044004400440044003,0.007784981263551564
0.007958593802513948,0.00044004400440044003,0.007784981263551564
0.012198695973650602,0.00044004400440044003,0.012659326128082925
0.01497887875383338,0.0006576718607660549,0.010203282558509604
0.017759061534016164,0.0006576718607660549,0.008444566523520908
0.017759061534016164,0.0013240225056053074,0.008444566523520908
0.017759061534016164,0.00199037315044456,0.008444566523520908
0.019138371878843746,0.0022125953726667823,0.011182800573666107
0.024467455647128968,0.0024326173748670027,0.012147925570983462
0.025766156945830267,0.0024326173748670027,0.01188972308251606
0.025766156945830267,0.002885618507369834,0.01188972308251606
0.02693574758910512,0.002885618507369834,0.01129618697177739
0.035329965457007194,0.002885618507369834,0.00967230014068152
0.039489458582017564,0.002885618507369834,0.012667096957546328
0.043466171524247754,0.002885618507369834,0.015113053087871735
0.046015072512350194,0.002885618507369834,0.0160093592907209
0.046015072512350194,0.0031121190736212493,0.0160093592907209
0.05282563776211689,0.0031121190736212493,0.016018946782509584
0.05537453875021934,0.0031121190736212493,0.017383841572089113
0.05654412939349418,0.003338619639872665,0.016958007368965564
0.05802561087497567,0.003338619639872665,0.01744700526387486
0.059324312173676966,0.003558641642072885,0.017669886140564015
0.066366159215524,0.0037851422083243005,0.01832790833914297
0.06774546956035159,0.004455771197192746,0.019716561454126164
0.06774546956035159,0.0051309945519178,0.019716561454126164
0.07356922434962362,0.0051309945519178,0.025409506809526028
0.07900047925456273,0.005575438996362245,0.024428225684195764
0.07900047925456273,0.006024161784835882,0.024428225684195764
0.08292869058749278,0.006024161784835882,0.025981325155287893
0.08441017206897425,0.006024161784835882,0.023870086098824263
0.0886718363306385,0.006024161784835882,0.02376255629690984
0.09015331781211999,0.006246384007058105,0.025726889535536833
0.09291193850177518,0.006466406009258326,0.028349854159195078
0.09550934109917777,0.007359257220348993,0.02864080705533149
0.0980582420872802,0.007581479442571215,0.02891689015381435
0.10060714307538263,0.008021523446971655,0.0295260536486397
0.10591466475314024,0.008461567451372096,0.034459420505216845
0.10739614623462172,0.008461567451372096,0.03252679776084423
0.10739614623462172,0.00868806801762351,0.03252679776084423
0.10887762771610321,0.00890809001982373,0.030758605017688047
0.11272523000290695,0.00890809001982373,0.031893317277077574
0.1169868942645712,0.00890809001982373,0.03351880933644935
0.11966490590810011,0.009125717876189345,0.035607467073776496
0.12252569773440916,0.009347940098411568,0.03857661329314976
0.12668519085941954,0.009347940098411568,0.038923905120932474
0.12668519085941954,0.009347940098411568,0.038923905120932474
0.1294653736396023,0.009567962100611787,0.03743105245610721
0.1294653736396023,0.009794462666863204,0.03743105245610721
0.13214338528313122,0.009794462666863204,0.03982842523433296
0.13214338528313122,0.010463207457537062,0.03982842523433296
0.13214338528313122,0.010463207457537062,0.03982842523433296
0.13461167722510736,0.010463207457537062,0.0389794276112017
0.13461167722510736,0.010463207457537062,0.0389794276112017
0.1386420596946913,0.010463207457537062,0.04044665927581267
0.1411103516366674,0.010685429679759283,0.03976390840379993
0.14248966198149499,0.01113415246823292,0.04184773114562833
0.14495795392347116,0.011351780324598536,0.041328203795094345
0.14633726426829874,0.011800503113072174,0.04343380612402503
0.14763596556700004,0.011800503113072174,0.04398637846171504
0.14763596556700004,0.011800503113072174,0.04398637846171504
0.1501848665551025,0.012240353191660011,0.0451854067561806
0.15296504933528526,0.012460375193860233,0.04382023359141967
0.15426375063398656,0.012904503616477261,0.04455374645168878
0.15564306097881414,0.012904503616477261,0.04664643808030287
0.15702237132364175,0.012904503616477261,0.04880536880811859
0.15702237132364175,0.013126725838699485,0.04880536880811859
0.1596734434483981,0.013126725838699485,0.04603373806410922
0.16115492492987954,0.013348948060921706,0.04429501014521503
0.16245362622858087,0.013348948060921706,0.04497182697122911
0.16375232752728217,0.013575448627173123,0.04578619354130265
0.16375232752728217,0.014015298705760959,0.04578619354130265
0.1662206194692583,0.014455148784348795,0.04572126623148655
0.16770210095073979,0.01467277664071441,0.045471014349324
0.16918358243222129,0.015117221085158856,0.043688846271606734
0.17178098502962386,0.015999509313981735,0.04585338674378848
0.17307968632832518,0.016434765026712966,0.04711349562811164
0.17456116780980663,0.016656987248935187,0.04546204901215431
0.1773197884994618,0.01709923147335763,0.049273113694559646
0.18009997127964458,0.01709923147335763,0.048991028873029134
0.18256826322162073,0.017319253475557853,0.04910691130634362
0.18516566581902336,0.017545754041809268,0.05200421350630844
0.1895079391268139,0.017765776044009484,0.05168923746091307
0.19364049273305173,0.017992276610260906,0.04851413034352456
0.19639911342270688,0.017992276610260906,0.05218761592990275
0.2004294958922908,0.018218777176512317,0.0524264368117388
0.2032096786724736,0.01844099939873454,0.052207496171413126
0.20607047049878266,0.018667499964985956,0.05371163215763914
0.20755195198026416,0.01888972218720818,0.053420821085996495
0.21020302410502048,0.01954739404797423,0.051948795582667344
0.21158233444984806,0.019765021904339847,0.0539114154932682
0.21306381593132953,0.019991522470591265,0.053878100521527895
0.2144431262761571,0.020438045039042903,0.055872589026807556
0.21740608923912008,0.020877895117630735,0.05441998288485735
0.222654563961279,0.021313150830361966,0.05345576896877704
0.22382415460455385,0.02221267453131643,0.05207212334269888
0.22668494643086295,0.023312396690692325,0.054034152471242325
0.23076383050974703,0.02442766404981782,0.05464749937133132
0.23206253180844832,0.024872108494262263,0.05584763103513783
0.23611985379680478,0.025092130496462483,0.06068102407110992
0.24194360858607683,0.025312152498662706,0.0610336812971581
0.24194360858607683,0.025312152498662706,0.0610336812971581
0.2434250900675583,0.025747408211393936,0.05971361901467659
0.24620527284774107,0.02684713037076983,0.05961113529927906
0.25054754615553165,0.027073630937021243,0.06158402756813787
0.25192685650035923,0.02729125879338686,0.06342109560850243
0.2533061668451868,0.027513481015609083,0.0653230300971352
0.2559035694425894,0.027955725240031527,0.0673045550380374
0.2600630625675998,0.028617481519014172,0.06903683186724284
0.26123265321087463,0.029719403898412065,0.06742584897849244
0.26526303568045856,0.0301592539769999,0.06658159999965892
0.26773132762243473,0.03082101025598255,0.06610314338954179
0.2692128091039162,0.031043232478204768,0.06497395668973902
0.2706942905853976,0.03171386146707321,0.06481436721823523
0.271992991884099,0.032156105691495664,0.06593829825153888
0.2761255454903368,0.033044872484369735,0.06312003880354762
0.2761255454903368,0.033264894486569954,0.06312003880354762
0.27760702697181827,0.03392904491138721,0.06208987656177882
0.2830382818767574,0.03458432262631866,0.059765357899610766
0.2900585668280768,0.03523960034125011,0.0634898948103744
0.2900585668280768,0.035904066787894776,0.0634898948103744
0.29655724123963695,0.037889967668497525,0.06271475725287379
0.2994180330659459,0.037889967668497525,0.06374335223330971
0.3008995145474274,0.0387650734598166,0.06304722847066463
0.3118695729222045,0.04119498066702158,0.06588982635510947
0.3145475845657334,0.04186133131186083,0.06877369189873182
0.3189920290101778,0.042956459105380124,0.06735621723757924
0.32453083248001574,0.044971056239647485,0.07151369152469234
0.32707973346811825,0.045191078241847704,0.07157270332668801
0.33418062746556393,0.04716629404416787,0.07677884064026343
0.3451991874496412,0.04917233449037684,0.0810397208967439
0.35112511337556707,0.051167302006678,0.07994802949329284
0.3539052961557499,0.05293545293490034,0.0805254179634855
0.3562444774422996,0.054933008522848714,0.07656898852996159
0.3644343530368939,0.058024988030863756,0.07864051313396399
0.3714546379882133,0.05977539353931449,0.08269519239198644
0.37948329549055504,0.06289198488277754,0.08294092250139687
0.3832017871219323,0.06510238003542232,0.08083000953714417
0.38821898005201094,0.06731258126225449,0.07989077772539797
0.3979925082647406,0.07041343348015536,0.07940954104390259
0.40578988397500193,0.07263030719685132,0.07918304062791903
0.41930884333788143,0.07772883709871534,0.0820266750264732
0.43011768362040587,0.08214974950001971,0.08417467198259823
0.440931691820984,0.08764603798086237,0.0788105850840913
0.44815631904561126,0.09493897971777936,0.07806373613969599
0.45977435752390383,0.10489350537144718,0.07357731515261638
0.4823355148582008,0.11309697190942862,0.06645686610604813
0.49572536356565394,0.12546547171892658,0.06674631040562737
0.5241425926362406,0.14185712535075035,0.07479347613766149
0.5589159942698962,0.16745895030427432,0.08225955730453277
0.6042911004435505,0.20017399085021176,0.10000704432708442
0.6361390239793143,0.24277582917217977,0.09720680604097634
0.6862248620506334,0.2977459134808052,0.08483483382902708
0.762184877030612,0.405127168807195,0.08631252810862954
0.8601919287944696,0.5824813420385289,0.06865808631584658
0.9486240505478255,0.7812809229946811,0.05349446631085618
0.9680204342273309,0.8715399361427079,0.04614200563780378
0.9869731800766284,0.9535686539274166,0.017634513242780092
1.0,0.9965179542981503,0.0
1.0,1.0,0.0
1.0,1.0,0.0
1.0,1.0,0.0
1.0,1.0,0.0
1.0,1.0,0.0
1.0,1.0,0.0
