tp_ave_seq,fp_ave_seq,std_tp
0.0,0.0,0.0
0.0,0.0,0.0
0.0,0.0,0.0
0.0,0.0,0.0
0.0,0.0,0.0
0.0,0.0,0.0
0.0,0.0,0.0
0.0,0.0,0.0
0.0,0.0,0.0
0.0,0.0,0.0
0.0,0.0,0.0
0.0,0.0,0.0
0.0,0.0,0.0
0.0,0.0,0.0
0.0,0.0,0.0
0.0,0.0,0.0
0.0,0.0,0.0
0.0,0.0,0.0
0.0,0.0,0.0
0.0,0.0,0.0
0.0,0.0,0.0
0.0,0.0,0.0
0.0,0.0,0.0
0.0,0.0,0.0
0.0,0.0,0.0
0.0,0.0,0.0
0.0,0.0,0.0
0.0,0.0,0.0
0.0,0.0,0.0
0.0,0.0,0.0
0.0,0.0,0.0
0.0,0.0,0.0
0.0,0.0,0.0
0.0,0.0,0.0
0.0,0.0,0.0
0.0,0.0,0.0
0.0,0.0,0.0
0.0,0.0,0.0
0.0,0.0,0.0
0.0,0.0,0.0
0.0,0.0,0.0
0.0,0.0,0.0
0.0,0.0,0.0
0.0,0.0,0.0
0.0,0.0,0.0
0.0,0.0,0.0
0.0,0.0,0.0
0.0,0.0,0.0
0.0,0.0,0.0
0.0,0.0,0.0
0.0,0.0,0.0
0.0,0.0,0.0
0.0,0.0,0.0
0.0,0.0,0.0
0.0,0.0,0.0
0.0,0.0,0.0
0.003333333333333333,0.0,0.006666666666666666
0.003333333333333333,0.0,0.006666666666666666
0.004895833333333334,0.0,0.006617658405945246
0.008125,0.00020161290322580645,0.010383279828647594
0.011306818181818182,0.00020161290322580645,0.012437227600830407
0.014337121212121213,0.00020161290322580645,0.012992424242424243
0.017414772727272727,0.0004032258064516129,0.01457621087384972
0.02044507575757576,0.0004032258064516129,0.01809164230342503
0.026747280497280496,0.0004032258064516129,0.02124492635147616
0.034626068376068374,0.0006040290193030185,0.029997450703772376
0.046503253690753685,0.0008056419225288249,0.03276315000691691
0.05104870823620824,0.0010072548257546315,0.0412007172578886
0.0574123445998446,0.001208058038606037,0.04714475127285448
0.06292516511266512,0.002005755773306794,0.045729613816992205
0.06843798562548561,0.002005755773306794,0.04554878680020625
0.07478753885003885,0.002204365505183656,0.04415576806561278
0.09083479020979021,0.002204365505183656,0.050762133602522165
0.09899791181041181,0.002204365505183656,0.048981280326619386
0.10884251165501165,0.002405168718035062,0.05477602767893153
0.11247499028749028,0.003001469784510279,0.052323484170083596
0.11439806721056722,0.003001469784510279,0.0518629565665324
0.11439806721056722,0.0032000795163871416,0.0518629565665324
0.11747571872571874,0.0033961579477596896,0.05395527079362208
0.12050602175602176,0.0033961579477596896,0.059727924167796424
0.13100014568764567,0.003799383754211303,0.05443681156236424
0.13100014568764567,0.00400099665743711,0.05443681156236424
0.1344189491064491,0.004197075088809658,0.051384448865388156
0.13937232905982905,0.004398687992035464,0.05703216236847728
0.14103899572649573,0.0045978911792864605,0.05646320141671853
0.14633814102564102,0.004998113814389129,0.054480035825070695
0.14967147435897435,0.005796621239464288,0.054090849780685755
0.15133814102564103,0.005995824426715283,0.054203562858708
0.16097902097902098,0.006194434158592145,0.05588663282539469
0.16097902097902098,0.006989007137414456,0.05588663282539469
0.1629020979020979,0.007190620040640262,0.05577342130093497
0.1629020979020979,0.0073866984720128105,0.05577342130093497
0.1677364996114996,0.007588311375238617,0.05203431197883616
0.17485455516705517,0.007588311375238617,0.04946196400175114
0.17485455516705517,0.0077899242784644235,0.04946196400175114
0.1782927836052836,0.008189930678566826,0.052615647543625556
0.1814177836052836,0.008189930678566826,0.051194465949963845
0.1829802836052836,0.008391543581792633,0.050758287083347245
0.1862521853146853,0.008590153313669493,0.048387246535165976
0.1862521853146853,0.009186454380144711,0.048387246535165976
0.18796158702408702,0.009388067283370518,0.04641726367176034
0.19144716394716393,0.009791293089822132,0.04651849678783104
0.19852248445998444,0.009990496277073126,0.04660300873843722
0.2017516511266511,0.010191299489924532,0.045511444335508876
0.2017516511266511,0.010583456352669631,0.045511444335508876
0.2049334693084693,0.010782066084546491,0.047036585535219576
0.2049334693084693,0.011784596128822267,0.047036585535219576
0.20805846930846933,0.011784596128822267,0.04733075052895415
0.21149669774669774,0.01198320586069913,0.05027561856204007
0.21149669774669774,0.01198320586069913,0.05027561856204007
0.21472586441336441,0.01198320586069913,0.04972016605701567
0.21639253108003106,0.012580100382548481,0.04905448023737823
0.21639253108003106,0.012781713285774288,0.04905448023737823
0.21976859945609947,0.012781713285774288,0.04578784479443242
0.2232068278943279,0.013178594929998242,0.04861460163121958
0.22664505633255633,0.013777804517351638,0.05163844026186118
0.22664505633255633,0.014377014104705035,0.05163844026186118
0.2298268745143745,0.014974698961780396,0.053406022348312224
0.23305142773892773,0.01537792476823201,0.05313845964962326
0.23305142773892773,0.01537792476823201,0.05313845964962326
0.23305142773892773,0.015577127955483005,0.05313845964962326
0.23305142773892773,0.01637955047166262,0.05313845964962326
0.23617642773892772,0.01657562890303517,0.053124406778488745
0.23617642773892772,0.016777241806260976,0.053124406778488745
0.23617642773892772,0.01737745796384065,0.053124406778488745
0.23773892773892774,0.017578261176692055,0.05339244161285558
0.23944832944832944,0.018180670815246273,0.050750646655989474
0.23944832944832944,0.018579077189748265,0.050750646655989474
0.24101082944832944,0.01917537825622348,0.05116998858193215
0.24101082944832944,0.01937398798810034,0.05116998858193215
0.2426774961149961,0.01977340093282861,0.05048100269719261
0.2441926476301476,0.01997201066470547,0.052785560011517345
0.2457551476301476,0.020170620396582333,0.05327891711911276
0.2473176476301476,0.02056590201520588,0.053949067860724675
0.2473176476301476,0.021566143928036345,0.053949067860724675
0.2473176476301476,0.022361526597233054,0.053949067860724675
0.2473176476301476,0.022759339516360916,0.053949067860724675
0.2490270493395493,0.023158752461089182,0.0513015596194616
0.25073645104895104,0.023158752461089182,0.04875012358312656
0.25073645104895104,0.023556443795687537,0.04875012358312656
0.25396100427350426,0.024159663124616156,0.04874438414628543
0.25396100427350426,0.024560479215092957,0.04874438414628543
0.25396100427350426,0.02495263607783806,0.04874438414628543
0.25396100427350426,0.02495263607783806,0.04874438414628543
0.25567040598290597,0.025153439290689462,0.04650067072491821
0.2587480574980575,0.025754465138643535,0.04967283224996842
0.2587480574980575,0.02595526835149494,0.04967283224996842
0.26400446775446773,0.02595526835149494,0.04748866885675087
0.26400446775446773,0.026355490986597608,0.04748866885675087
0.26556696775446775,0.026747647849342703,0.048154247819412854
0.27092827311577317,0.027547876884547778,0.05057725734784122
0.2724907731157732,0.027748680097399187,0.05122981597510348
0.27749150155400154,0.02794948331025059,0.054521490202844476
0.27749150155400154,0.02855351232955361,0.054521490202844476
0.27749150155400154,0.02895592844563082,0.054521490202844476
0.27905400155400156,0.029956839109157796,0.055383625866158415
0.28249222999223,0.03115394978858682,0.05792262360570627
0.2860819735819736,0.0321541723462689,0.05743152440638389
0.28800505050505054,0.0321541723462689,0.05827769354310861
0.29113005050505053,0.03275739167519751,0.059903635107127824
0.29113005050505053,0.03355841104562859,0.059903635107127824
0.29283945221445223,0.03415609590270395,0.057244124334515964
0.2959644522144522,0.03475931523163257,0.05946836927716445
0.3011166958041958,0.03575380643760952,0.060272155726880904
0.3028260975135975,0.036756438711266395,0.05758693595506665
0.3028260975135975,0.037153320355490356,0.05758693595506665
0.30474917443667443,0.03795655256204437,0.05851263779849351
0.3079783411033411,0.038951928753718085,0.05857447700967028
0.3079783411033411,0.03995458038252336,0.05857447700967028
0.3111601592851593,0.04114915976144807,0.05896751472089842
0.3159044774669774,0.041948457521749236,0.06086334474221893
0.3159044774669774,0.04414288223798215,0.06086334474221893
0.3225718725718726,0.04494690477976218,0.06354183066642557
0.3225718725718726,0.04574954353094206,0.06354183066642557
0.3256021756021756,0.04674883481372023,0.06679005869525546
0.32878399378399376,0.04734745094569949,0.06777223798032488
0.3304933954933955,0.048340633656398665,0.06489399176124107
0.3337225621600622,0.0499470787143583,0.06530189167952402
0.3337225621600622,0.051346395752387274,0.06530189167952402
0.33528506216006215,0.05274130647331875,0.06653952763338566
0.3418956390831391,0.054137620339998783,0.07122343960058836
0.346943716006216,0.05574406539795842,0.07496010516222293
0.35016826923076927,0.057131936271907005,0.07346179192073785
0.3550641025641026,0.05911648543270466,0.07355288096660685
0.3583360042735043,0.05971417028978002,0.07251765789666346
0.3614610042735043,0.061314487420512265,0.07642955125544121
0.3646428224553225,0.06291942710334227,0.0768275526927182
0.3695386557886558,0.06551870458568594,0.07770751054677635
0.374325709013209,0.06791958857115302,0.07800279894322172
0.3775502622377622,0.07171526169302209,0.07643295696948597
0.3923193473193473,0.07571035423714242,0.07709363728520321
0.39710640054390056,0.08129993790981911,0.0781465924818389
0.4035647338772339,0.08869230408966955,0.08091621579721621
0.5014969405594406,0.2321228483319159,0.1280318168018668
0.5850480769230769,0.28723954376438904,0.22668176951439548
0.6334782925407925,0.3459924410023957,0.23008749421221975
0.811002331002331,0.6573487265359813,0.2274348904463949
1.0,1.0,0.0
1.0,1.0,0.0
1.0,1.0,0.0
1.0,1.0,0.0
1.0,1.0,0.0
