tp_ave_seq,fp_ave_seq,std_tp
0.0,0.0,0.0
0.0,0.0,0.0
0.0,0.0,0.0
0.0,0.0,0.0
0.0,0.0,0.0
0.0,0.0,0.0
0.0,0.0,0.0
0.0,0.0,0.0
0.0,0.0,0.0
0.0,0.0,0.0
0.0,0.0,0.0
0.0,0.0,0.0
0.0,0.0,0.0
0.0,0.0,0.0
0.0,0.0,0.0
0.0,0.0,0.0
0.0,0.0,0.0
0.0,0.0,0.0
0.0,0.0,0.0
0.0,0.0,0.0
0.0,0.0,0.0
0.0,0.0,0.0
0.0,0.0,0.0
0.0,0.0,0.0
0.0,0.0,0.0
0.0,0.0,0.0
0.0,0.0,0.0
0.0,0.0,0.0
0.0,0.0,0.0
0.0,0.0,0.0
0.0,0.0,0.0
0.0,0.0,0.0
0.0,0.0,0.0
0.0,0.0,0.0
0.0,0.0,0.0
0.0,0.0,0.0
0.0,0.0,0.0
0.0,0.0,0.0
0.0,0.0,0.0
0.0,0.0,0.0
0.0,0.0,0.0
0.0,0.0,0.0
0.0,0.0,0.0
0.0,0.0,0.0
0.0,0.0,0.0
0.0,0.0,0.0
0.0009345794392523364,0.0,0.0018691588785046728
0.0018691588785046728,0.0,0.0037383177570093455
0.004796128126197054,0.0,0.004262763949420207
0.0076868030267340055,0.0,0.006484431577590223
0.013797771652237579,0.0,0.008000702398306917
0.020564343128188327,0.0,0.01271255708003796
0.0246122230600515,0.0,0.014587439888648699
0.03238596266956545,0.0002178649237472767,0.020547893556728453
0.035276637570102395,0.0008752902870549931,0.022807908719130514
0.043321755198204234,0.001303903366755905,0.026207089695617317
0.052395987418555626,0.0021739437462808603,0.029894097757130915
0.0625261401989842,0.0026082542783112616,0.033243636748505834
0.07201711198012929,0.003700699831381456,0.04037816706743895
0.08357526876398083,0.004140260270941895,0.041901064110214575
0.09187105051254155,0.004577195756737316,0.03978008996114701
0.10267686279299315,0.005668931652075434,0.04773291476280072
0.11842040012505031,0.00696938197345111,0.04935697992865343
0.12838285001167965,0.00718653723946631,0.05416757217156301
0.14001455784492509,0.007614440661435147,0.05008702420730994
0.15009017123567087,0.007832305585182425,0.05361406241785363
0.15910628360312626,0.00891954966649192,0.046220341426640825
0.1655066795518458,0.009567942965973051,0.04454971631944577
0.17499596067888817,0.009567942965973051,0.044206795958126516
0.19271850228599927,0.00978772318575327,0.0454796757189805
0.200937414877599,0.010218251561487127,0.04949780197940026
0.20907128069552927,0.010438031781267346,0.052772957986036366
0.21823484015220024,0.0108685601570012,0.05553444251064796
0.22751403196858933,0.011079308312954835,0.05166931863729434
0.23704207629838875,0.011516953456482334,0.04614482130650328
0.2473183688225221,0.01282846957160067,0.04555112263132608
0.25134183344009725,0.013474829141165726,0.04870900088429739
0.2546939190202996,0.015203892542242312,0.047002466006569155
0.2619477447886603,0.015633096845792165,0.04650160414515526
0.26745413610793306,0.016488998933009986,0.04500828894407177
0.2766278839433687,0.01713930752852406,0.043655833664508925
0.28258121710089196,0.017356462794539264,0.04340632622960853
0.28774325839867415,0.01778699117027312,0.043708729706590045
0.2938035847885532,0.018653130959618396,0.04690755781911327
0.30002011834795594,0.019730018904917303,0.04377317227514441
0.3083259675223356,0.019947174170932502,0.04540452480174922
0.31237384745419877,0.021236111153766064,0.04373324942068093
0.3195731338328767,0.0223104693885801,0.045091369852191414
0.32810160859933024,0.023392558805639712,0.04273818499313901
0.332190063340999,0.024459800272660114,0.042090535349764015
0.33741130779970596,0.025306551862168215,0.04458333998265617
0.34376106151280095,0.02659418796342076,0.04737447539752229
0.3457171569740856,0.028095739962471562,0.046439008171155684
0.3558921650269699,0.02894116747979566,0.05134779410211747
0.3597174193667592,0.029369780559496572,0.0535477148101542
0.3680089206526697,0.030466766362364728,0.05666436559200138
0.3701369994704037,0.03153138287562011,0.054392260097661425
0.3744337319156773,0.03238586564737378,0.051419612638058235
0.3774963901726636,0.03303425894685491,0.05074594903185696
0.37867982212532636,0.033670972038141456,0.051103896042715535
0.37867982212532636,0.03451975735756564,0.051103896042715535
0.38406876947783253,0.035595439664563674,0.04976147984776099
0.3875379157162095,0.03581330458831096,0.0482295091077713
0.39205908536060546,0.036889601309760926,0.05012823715263278
0.39943463555838293,0.037106756575776126,0.05423650315870353
0.40255981508386124,0.03816496597896994,0.05512227204170139
0.40749163221935214,0.03837439006273958,0.05677706510409046
0.4093970854450123,0.038793238230278845,0.05810023513042044
0.4093970854450123,0.03964639692984851,0.05810023513042044
0.41443778562196953,0.04137297905620957,0.05596094794309067
0.4204274131266483,0.04224301943573452,0.05411103973712651
0.4254461668449192,0.04266319167545779,0.052201135533132804
0.4254461668449192,0.04352160028255749,0.052201135533132804
0.43189720502926326,0.044166754213821685,0.05015518990144728
0.4389790474411746,0.04523340445699314,0.04979325168703195
0.44130533653669446,0.047181042439549084,0.049251062010709244
0.4454038587041822,0.047607621789333913,0.04455483516384792
0.4475218700960973,0.048038150165067774,0.046609684174215106
0.45081903297802484,0.04846543917258468,0.046260581326403656
0.45200246493068763,0.04889201852236952,0.047042854861775174
0.45394421250350303,0.05018677139141571,0.0473797705660553
0.45683488740404005,0.051051705542460114,0.04771737961010977
0.4601726250957733,0.051702014137974185,0.04959936854351617
0.46225006167788274,0.05213703432773666,0.049601601250080694
0.46851476861730834,0.05343961362230857,0.051136651106142954
0.4724269595398775,0.05452494240758512,0.04967904544348007
0.4736103914925403,0.05495152175736995,0.05059524585319828
0.4757646972316108,0.05560894712067767,0.052112078782085014
0.4778827086235259,0.056894053511445344,0.05409841071819905
0.4832978828973685,0.05774019068650151,0.056343913697856456
0.4863461932658857,0.0583853446177657,0.05641029103757036
0.4894451458700275,0.06010334222509963,0.054362899745628544
0.4904303675449043,0.06141036652618934,0.053102222828701764
0.49351925272322716,0.06247760799320975,0.05561342578521044
0.49548969607298093,0.06377439459217202,0.05322610697966508
0.49838037097351784,0.06483189433763374,0.05355470027633734
0.5003364664348025,0.06612780440921147,0.05306039233237951
0.5035567601597691,0.0665673648487719,0.051018674931634395
0.5087188014575512,0.06741482609601208,0.050511089445260754
0.5108731071966217,0.06849041315972998,0.05206487013321418
0.5143828282448043,0.06955765462675037,0.05276093956053631
0.5163026293589335,0.07062681138980371,0.05230629219875029
0.5227173731961221,0.07147488705149582,0.05156119439565108
0.5260288839665188,0.07234173649857317,0.05023125699522919
0.5269634634057712,0.07385232056145055,0.051078729662269895
0.5269634634057712,0.07427249280117382,0.051078729662269895
0.5310519181474399,0.07492729321071652,0.05085121720345433
0.5341652186400507,0.07579021682244783,0.047224358832688274
0.5360706718657109,0.07663635399750401,0.04845754028986662
0.5381481084478204,0.07772035871059657,0.04799260014223579
0.5423941986574693,0.07857685202166331,0.04768011609488964
0.5454931512616111,0.07985292634860441,0.04543013960486087
0.5515014071174091,0.08050060999035347,0.04551983652083903
0.5537871214031234,0.08200802631138623,0.04264193708818699
0.5578206534465174,0.08393816819953497,0.04141236439097493
0.5606750339998989,0.08630907411098163,0.042721453399607305
0.5616459077863067,0.0886929379216009,0.04282072900359051
0.5627887649291639,0.09040204714415774,0.041443047991750845
0.5695144992396629,0.09210467763028067,0.03791510217571767
0.5745375334205841,0.09403543393288134,0.038828036246722555
0.5797282704953043,0.09555507325018829,0.03562531706490857
0.5829992064558954,0.09770499535811725,0.03259920650931883
0.5883738059199326,0.10051823034193885,0.03321422371155703
0.5902792591455926,0.10245291247988556,0.03429230741005708
0.5921484180240973,0.10440308017292636,0.03710132135879444
0.5964164546924328,0.10591631238017174,0.03689090590411825
0.6012488771657851,0.10807599940026233,0.03683286813073984
0.6062026407599626,0.11174307749621934,0.03923498431200815
0.6142959317680873,0.11561425977030215,0.04113245100715578
0.6228244065345409,0.1175566962810974,0.03925378639644748
0.6300261617688203,0.12096583422661511,0.0345018012991412
0.6329168366693574,0.1233355365543243,0.03476998987732535
0.6402618794831482,0.12698833473348803,0.03244860100227918
0.6483695183797419,0.13172520925211667,0.032669259160084854
0.6545860519391447,0.13580271992080165,0.029985570474675916
0.6652038423205752,0.13947563914813763,0.03270165746281481
0.6754944827331775,0.14720017849097972,0.030932224526999258
0.6828657524683048,0.1523441725331837,0.03155626012377629
0.6890215763662642,0.15939577571245755,0.03626769619390521
0.7013508901582189,0.16600339869081954,0.04190544013725617
0.7068066392418672,0.1737266839595914,0.04622293575002119
0.7141559625183082,0.18080086627115005,0.04765550987223346
0.7203987229990474,0.18979601678254476,0.04922141703340408
0.7287027605663785,0.20070206423499565,0.0430502678430978
0.737144298750052,0.21254253371628912,0.04611168351353669
0.7490105112082388,0.22668901034310326,0.047814535569875916
0.7651127464502558,0.248563725429437,0.05548911634962088
0.7777009801814398,0.27106705629137273,0.05685714621370219
0.7880943333637478,0.29295313388823135,0.054322477701243044
0.8081754403065304,0.3403280597287857,0.05658643133959287
0.8284200906334076,0.3695381778788899,0.05928172678862709
0.8494485552027543,0.4400623962906266,0.07619690645284835
0.858545696236875,0.503324134877112,0.07915430646585406
0.8765508730980667,0.5310080719064227,0.0701190270900112
0.8927643392842057,0.5697860729555775,0.06204602374040938
0.9297819004739273,0.6998822729847672,0.05448859112171134
0.9941460615046152,0.9723921852490545,0.007781536596064782
1.0,1.0,0.0
1.0,1.0,0.0
1.0,1.0,0.0
1.0,1.0,0.0
1.0,1.0,0.0
