tp_ave_seq,fp_ave_seq,std_tp
0.0,0.0,0.0
0.0,0.0,0.0
0.0,0.0,0.0
0.0,0.0,0.0
0.0,0.0,0.0
0.0,0.0,0.0
0.0,0.0,0.0
0.0,0.0,0.0
0.0,0.0,0.0
0.0,0.0,0.0
0.0,0.0,0.0
0.0,0.0,0.0
0.0,0.0,0.0
0.0,0.0,0.0
0.0,0.0,0.0
0.0,0.0,0.0
0.0,0.0,0.0
0.0,0.0,0.0
0.0,0.0,0.0
0.0,0.0,0.0
0.0,0.0,0.0
0.0,0.0,0.0
0.0,0.0,0.0
0.0,0.0,0.0
0.0,0.0,0.0
0.0,0.0,0.0
0.0,0.0,0.0
0.0,0.0,0.0
0.0,0.0,0.0
0.0018691588785046728,0.00021505376344086021,0.003738317757009345
0.0018691588785046728,0.0004262470052571221,0.003738317757009345
0.009923884767318624,0.0004262470052571221,0.012755304997606706
0.009923884767318624,0.0006396941770820954,0.012755304997606706
0.013547429610735578,0.0006396941770820954,0.01343062428913419
0.013547429610735578,0.0010689899270772013,0.01343062428913419
0.017478444159343343,0.0012870924352560455,0.018151959611360208
0.017478444159343343,0.0012870924352560455,0.018151959611360208
0.02121676191635269,0.0012870924352560455,0.023113073206690333
0.022971147881264968,0.0012870924352560455,0.022424530229155172
0.026607806700974356,0.0012870924352560455,0.022940445386696484
0.028669662371077452,0.0015042477012712462,0.025418665498867964
0.03216483750974473,0.0017176948730962197,0.02595756224935682
0.03216483750974473,0.0017176948730962197,0.02595756224935682
0.03960462398817706,0.0019311420449211931,0.029374828787744778
0.043241282807886444,0.0019311420449211931,0.030292606414898702
0.043241282807886444,0.0019311420449211931,0.030292606414898702
0.04511044168639112,0.0019311420449211931,0.03239548982113369
0.05048837249472036,0.0025761388967499833,0.034278822629413265
0.05412503131442975,0.0025761388967499833,0.034899150356494935
0.055879417279342036,0.0025761388967499833,0.03500031417454264
0.05902902357855463,0.003007688576753801,0.03258076180752615
0.06452172730047626,0.003439238256757618,0.037179896586472715
0.06777375982080146,0.0036526854285825914,0.032524954095320004
0.07514950368133284,0.004085841700202296,0.0326415582767123
0.08221701055286076,0.004946551664924191,0.03549194156309333
0.08384302681302336,0.005378760694380252,0.033690913957699624
0.09103967067311362,0.005378760694380252,0.03395338281483535
0.09310152634321671,0.005378760694380252,0.03611877259743331
0.09310152634321671,0.005378760694380252,0.03611877259743331
0.0996315348675042,0.0055899539361965135,0.030748457273467963
0.10708443532222896,0.0055899539361965135,0.03450678089191312
0.11028525473199786,0.005803401108021486,0.03090778591809908
0.11353728725232307,0.005803401108021486,0.02749906945165261
0.11511209040192935,0.006014594349837749,0.025622677093200437
0.12248706697864811,0.006447750621457453,0.02994167614035105
0.12749348546388556,0.006662804384898313,0.026363840910698336
0.1338439111728671,0.006877858148339173,0.019919357234122238
0.13904225916589033,0.0075312184307120625,0.019631225450565414
0.13904225916589033,0.008391928395433956,0.019631225450565414
0.1423714482804089,0.008391928395433956,0.01829689173705778
0.144433303950512,0.008606982158874817,0.021092233057532373
0.14963165194353528,0.008606982158874817,0.02166764566459288
0.14963165194353528,0.008822035922315678,0.02166764566459288
0.15283247135330416,0.009254244951771738,0.01853441223768205
0.15470163023180886,0.00947140021778694,0.0203725059700014
0.15645601619672114,0.00947140021778694,0.020193455911695773
0.15803081934632743,0.009904556489406644,0.01990280808671541
0.1598999782248321,0.010115749731222905,0.021980464161603246
0.1598999782248321,0.010115749731222905,0.021980464161603246
0.16165436418974438,0.010115749731222905,0.022100143676881717
0.16165436418974438,0.010326942973039167,0.022100143676881717
0.1652779090331613,0.010758492653042986,0.024903152955925857
0.1703478873214349,0.010758492653042986,0.02424703746645031
0.1721022732863472,0.010758492653042986,0.02486146503713811
0.17416412895645028,0.010973546416483845,0.025457997559140005
0.17573893210605657,0.011611634001950052,0.02510542298996753
0.17947724986306593,0.011825081173775027,0.030157893873672046
0.18153910553316902,0.012251328179032147,0.0308482734091261
0.18685299372359732,0.012251328179032147,0.026869143680226016
0.18685299372359732,0.012681435705913869,0.026869143680226016
0.18872215260210196,0.01353457705482094,0.029595797277924524
0.18872215260210196,0.01353457705482094,0.029595797277924524
0.19379213089037556,0.013749630818261799,0.02957376481923574
0.19886210917864913,0.013963077990086772,0.030134223774272915
0.2004881254388117,0.014176525161911747,0.02829711800774796
0.2004881254388117,0.014176525161911747,0.02829711800774796
0.2004881254388117,0.014606632688793466,0.02829711800774796
0.20368894484858066,0.014820079860618441,0.02613570354945055
0.20526374799818697,0.014820079860618441,0.025912473368866675
0.20732560366829006,0.015037235126633639,0.026310883429171976
0.20890040681789634,0.0152484283684499,0.026343687459510948
0.21215243933822153,0.015679978048453717,0.023257678399042202
0.21215243933822153,0.015679978048453717,0.023257678399042202
0.21577598418163846,0.015895031811894576,0.02475533170251065
0.21946385611190417,0.01611008557533544,0.02386417243208897
0.22133301499040883,0.01611008557533544,0.027226815657765937
0.22133301499040883,0.01653858651060127,0.027226815657765937
0.2245338344001777,0.017186796545661836,0.025891377968981465
0.22778586692050293,0.017186796545661836,0.025042497262516294
0.22941188318066552,0.01740489905384068,0.02524352241047459
0.23128104205917022,0.01740489905384068,0.028403958378616773
0.23128104205917022,0.017839209585871083,0.028403958378616773
0.23128104205917022,0.017839209585871083,0.028403958378616773
0.23128104205917022,0.0182707592658749,0.028403958378616773
0.2346614442842451,0.018699107773706362,0.026536609216470077
0.2362874605444077,0.018916263039721565,0.02729137885186462
0.2362874605444077,0.01913436554790041,0.02729137885186462
0.2362874605444077,0.019345558789716673,0.02729137885186462
0.24140865194323755,0.019345558789716673,0.03249855177886477
0.25092340806806546,0.019563661297895517,0.028266016374860342
0.25249821121767174,0.01977710846972049,0.027162091106461547
0.2563144528526871,0.020204002813370432,0.02518280650034792
0.2600023247829528,0.021066454834985242,0.02724629698234754
0.2600023247829528,0.021066454834985242,0.02724629698234754
0.2615771279325591,0.02149109524862648,0.026026472045726598
0.26482916045288435,0.021917989592276428,0.028569863374420603
0.26482916045288435,0.022131436764101398,0.028569863374420603
0.26482916045288435,0.022557683769358523,0.028569863374420603
0.2682095626779592,0.02385109767449493,0.027644940353245395
0.27347223775783125,0.02428120520137665,0.02924578136627413
0.27534139663633583,0.024711312728258373,0.03049637106240477
0.2789649414797528,0.024929415236437217,0.029539477005452938
0.2805909577399154,0.02536096491644103,0.0313152730996421
0.2854949500040403,0.026004367187713356,0.026225616710052305
0.2875568056741434,0.02643657621716942,0.026792515174033537
0.2875568056741434,0.02664776945898568,0.026792515174033537
0.28918282193430594,0.02686587196716452,0.02871241480462865
0.2924348544546312,0.027499451692613308,0.03318109169567899
0.29715926390345004,0.028357907727326492,0.03093066609028418
0.2992211195735532,0.028576010235505333,0.03132370072098028
0.30084713583371575,0.029217311004203318,0.03360242937111861
0.30290899150381884,0.030292262955479453,0.03436416957316439
0.30290899150381884,0.030292262955479453,0.03436416957316439
0.30817166658369083,0.031153467831159805,0.0372052616545047
0.3172743183578722,0.031585017511163625,0.04193828465109916
0.31933617402797526,0.032013366018995085,0.042753673848138794
0.32120533290647996,0.032013366018995085,0.04405406763495903
0.32120533290647996,0.03330772716629514,0.04405406763495903
0.32120533290647996,0.033524882432310346,0.04405406763495903
0.32283134916664247,0.033524882432310346,0.04578792851424893
0.3245857351315548,0.033738329604135316,0.04287082847280795
0.3279661373566297,0.03417358737832936,0.04206445939530973
0.3295921536167922,0.034607897910359765,0.04422764393782357
0.3316540092868953,0.03525820944799467,0.044909449867780296
0.33328002554705793,0.03590481289143935,0.047095335658990975
0.3349060418072206,0.037198679127780944,0.04939872493562852
0.34028397261554977,0.03784302864121691,0.04541457868760313
0.34215313149405446,0.039136742450124135,0.04655033593731291
0.34372793464366075,0.03956138286376537,0.04518415676176225
0.35030915627850456,0.041070645347071916,0.046375783618233905
0.3556230444689329,0.04172095688470682,0.051659597074680756
0.3556230444689329,0.04258456316673233,0.051659597074680756
0.35719784761853923,0.04280171843274753,0.05050310280327199
0.36307594492365763,0.04345202997038243,0.04907860614504484
0.36846698970827935,0.04388728774457648,0.0463704044406055
0.37397280740649336,0.04517473962551395,0.04656371839370902
0.37952983821526376,0.04581057328097145,0.050507774250758565
0.38654689926004804,0.047321594783328244,0.05035881620098205
0.39161687754832164,0.04818374690117224,0.05170111002232654
0.3947664838475342,0.04883150460502761,0.049777618987869185
0.3947664838475342,0.05098852479218953,0.049777618987869185
0.40522750692042947,0.05249568577292173,0.0491690335038369
0.415560160288575,0.0544273347398608,0.0538332807487215
0.42046415255269987,0.05570831272348353,0.0503147275108641
0.42397292448252444,0.05785241904033066,0.04437762252437077
0.427481696412349,0.059786926695917994,0.038802922583006216
0.43273125751592856,0.062147364490834314,0.03856496586906097
0.4429360239941893,0.06430788575393939,0.0385962779233302
0.4497603882473752,0.0679757034630537,0.038575240911181224
0.47355240908011365,0.07120106623890002,0.03437355831057617
0.4850006511702949,0.0746450264338836,0.043507102253232954
0.504206410485437,0.07809744789603297,0.042745427446264396
0.5127987574946924,0.0830517446263252,0.03374904362951212
0.521211038873777,0.08671927444272812,0.03573478305085462
0.5416460324990707,0.09447770172564482,0.033903072465721794
0.5568060043520126,0.10160129718608032,0.03397271051209445
0.5777161866201881,0.11021162304236602,0.03506744536461106
0.6064359347763455,0.1259181285844762,0.02284728337688788
0.6251437360190414,0.1457316416844894,0.029542326815326193
0.6520832774998505,0.1717928588733562,0.040948444233594845
0.692787570499301,0.21080256097146255,0.06456194286873906
0.7460795521434634,0.30139910426103667,0.09434225750848964
0.8236879316872484,0.464113391599753,0.09517491942616174
0.9068495234751192,0.6617084415942311,0.09267903286204855
0.9432893342325851,0.7844125741554188,0.0696291025120929
0.9784757683784566,0.9256473568726271,0.02640055753200856
1.0,0.999359658484525,0.0
1.0,1.0,0.0
1.0,1.0,0.0
1.0,1.0,0.0
1.0,1.0,0.0
1.0,1.0,0.0
