tp_ave_seq,fp_ave_seq,std_tp
0.0,0.0,0.0
0.0,0.0,0.0
0.0,0.0,0.0
0.0,0.0,0.0
0.0,0.0,0.0
0.0,0.0,0.0
0.0,0.0,0.0
0.0,0.0,0.0
0.0,0.0,0.0
0.0,0.0,0.0
0.0,0.0,0.0
0.0,0.0,0.0
0.0,0.0,0.0
0.0,0.0,0.0
0.0,0.0,0.0
0.0,0.0,0.0
0.0,0.0,0.0
0.0,0.0,0.0
0.0,0.0,0.0
0.0,0.0,0.0
0.0,0.0,0.0
0.0,0.0,0.0
0.0,0.0,0.0
0.0,0.0,0.0
0.0,0.0,0.0
0.0,0.0,0.0
0.0,0.0,0.0
0.0,0.0,0.0
0.0,0.0,0.0
0.0,0.0,0.0
0.0,0.0,0.0
0.0,0.0,0.0
0.0,0.0,0.0
0.0,0.0,0.0
0.0,0.0,0.0
0.0,0.0,0.0
0.0,0.0,0.0
0.0,0.0,0.0
0.0,0.0,0.0
0.0,0.0,0.0
0.0,0.0,0.0
0.0,0.0,0.0
0.0,0.0,0.0
0.0,0.0,0.0
0.0,0.0,0.0
0.0,0.0,0.0
0.0,0.0,0.0
0.0,0.0,0.0
0.0,0.0,0.0
0.0,0.0,0.0
0.0,0.0,0.0
0.0,0.0,0.0
0.0,0.0,0.0
0.0,0.0,0.0
0.0,0.0,0.0
0.0,0.0,0.0
0.0,0.0,0.0
0.0,0.0,0.0
0.0015625,0.0,0.0031250000000000006
0.0015625,0.0,0.0031250000000000006
0.0015625,0.0,0.0031250000000000006
0.0015625,0.0,0.0031250000000000006
0.003125,0.0,0.006250000000000001
0.0078125,0.0,0.015625
0.014479895104895103,0.0,0.016542194427276218
0.018069638694638696,0.0,0.015935487303861195
0.019992715617715616,0.00019920318725099602,0.016528718694963335
0.02681162587412587,0.0005992095873533977,0.020219789321185726
0.028478292540792538,0.0005992095873533977,0.021016422534967084
0.03358318764568765,0.0009992159874557993,0.021874776058070335
0.03998008935508936,0.0009992159874557993,0.025398772410606632
0.045236499611499614,0.0011984191747067953,0.028097251528544774
0.05043147824397824,0.0013944976060793442,0.028862181611632596
0.054063956876456876,0.0015937007933303402,0.028352536237950345
0.05714160839160839,0.0015937007933303402,0.028280172493823193
0.06658289627039628,0.001794504006181746,0.02732659193400955
0.06824956293706294,0.001993707193432742,0.02852522616998465
0.07147872960372961,0.0021897856248052914,0.031804353028795376
0.08243055555555555,0.002388988812056287,0.027406003647097856
0.08717026029526029,0.002388988812056287,0.02509358228056347
0.09368614024864025,0.002388988812056287,0.027611480356646012
0.09676379176379177,0.0025897920249076927,0.03017456432272227
0.1032789432789433,0.0025897920249076927,0.0345588891007594
0.10520202020202021,0.0025897920249076927,0.033833758984987895
0.11976689976689976,0.0033827649781295933,0.029821241739519805
0.1231002331002331,0.0033827649781295933,0.03285953970051572
0.1293123543123543,0.0041812724032047515,0.0400372976658491
0.13602248445998444,0.004584498209656364,0.038127907122284865
0.1390527874902875,0.004780576641028913,0.04259027600971291
0.1390527874902875,0.004780576641028913,0.04259027600971291
0.1471685606060606,0.005175858259652459,0.04459712503800462
0.15665258352758352,0.005976680750231662,0.05096795976220114
0.158167735042735,0.006178293653457468,0.05354278454325551
0.164683614996115,0.006581519459909081,0.05657906281189786
0.16786543317793318,0.007182545307863155,0.0598585633077555
0.17256240287490288,0.007383348520714561,0.06584567102977995
0.1773494560994561,0.008387600175120248,0.06644543340736071
0.1790588578088578,0.00879082598157186,0.06503421022237028
0.1838932595182595,0.009794267945603147,0.06287369234780645
0.18712242618492617,0.010398296964906165,0.06312607754461674
0.18868492618492616,0.011394482846954282,0.06301930773057629
0.19020007770007769,0.011595286059805688,0.06560609868079006
0.19545648795648796,0.011992977394404043,0.06468163269350702
0.19868565462315463,0.011992977394404043,0.06536816013388998
0.20060873154623154,0.01219459029762985,0.0632801935423949
0.2068682012432012,0.01219459029762985,0.06892372316945795
0.2085348679098679,0.012390668729002399,0.06983971371215715
0.2117166860916861,0.012788481648130257,0.07323461986350326
0.2170158313908314,0.01298709138000712,0.0706029403719938
0.2170158313908314,0.01298709138000712,0.0706029403719938
0.2186824980574981,0.013188704283232927,0.07184280816153563
0.2201976495726496,0.013188704283232927,0.07412854884196203
0.2201976495726496,0.013384782714605475,0.07412854884196203
0.2201976495726496,0.013384782714605475,0.07412854884196203
0.2272061965811966,0.013384782714605475,0.07010785110774485
0.2287213480963481,0.013978552480576379,0.07242852274828314
0.23215957653457653,0.013978552480576379,0.07291104428134482
0.23215957653457653,0.013978552480576379,0.07291104428134482
0.23564515345765344,0.014174630911948927,0.0705663730978963
0.23564515345765344,0.014373834099199923,0.0705663730978963
0.2373545551670552,0.014776250215277138,0.06885395465419895
0.24250679875679876,0.015173131859501091,0.0676933980275706
0.24558445027195025,0.015573947949977893,0.06959536808302139
0.2488136169386169,0.015971639284576247,0.07038002170198268
0.2505230186480186,0.016371861919678914,0.06854780571378258
0.2541554972804973,0.0171753103612332,0.06492274826922877
0.2541554972804973,0.0171753103612332,0.06492274826922877
0.2541554972804973,0.01757853616768481,0.06492274826922877
0.2589425505050505,0.01757853616768481,0.0652018146597618
0.26383377039627043,0.018380148993490022,0.06714343689113099
0.2655004370629371,0.018580952206341428,0.06832045158750985
0.267423513986014,0.018780155393592422,0.06633978028135623
0.2709090909090909,0.01937958121594609,0.0639431626928292
0.2709090909090909,0.020184413448100513,0.0639431626928292
0.2728321678321678,0.020385216660951923,0.06225088256456678
0.2762703962703963,0.020788442467403533,0.06318764756869982
0.2762703962703963,0.020987052199280397,0.06318764756869982
0.28101471445221443,0.0211878554121318,0.06611325793821628
0.2840450174825174,0.0211878554121318,0.07103641415247289
0.28571168414918413,0.021784749933981152,0.07206802241732715
0.28763476107226105,0.022782441191158916,0.07069141126168169
0.28763476107226105,0.02298324440401032,0.07069141126168169
0.28763476107226105,0.023380463867764045,0.07069141126168169
0.28930142773892775,0.023380463867764045,0.0718381187913694
0.2994543997668998,0.0237781552023624,0.07174465705042911
0.30330055361305364,0.024381374531291015,0.07000009607288307
0.3048630536130536,0.02478219062176782,0.06940069907913081
0.3064255536130536,0.025182413256870484,0.06893788410686301
0.31005803224553224,0.02598023257610075,0.0657263115015056
0.31313568376068374,0.026573530471227024,0.06759179036762117
0.32177350427350426,0.026769608902599572,0.06679947870874518
0.3233360042735043,0.027572841109153583,0.06665550449816879
0.325045405982906,0.0287692830378861,0.06387280963693158
0.326607905982906,0.029769524950716563,0.06383346383143498
0.33024038461538463,0.03017194106679378,0.06053917050432507
0.333573717948718,0.030972048517469347,0.062423728938461466
0.3383653846153846,0.03156281511209131,0.06356502181770314
0.3383653846153846,0.03296385376025019,0.06356502181770314
0.3419978632478633,0.033361666679378045,0.06009639980956314
0.34885489510489515,0.03395555802987845,0.05584945472490253
0.3540025252525253,0.03475094069907516,0.0547929687608105
0.3540025252525253,0.03534896337568029,0.0547929687608105
0.35722707847707846,0.03674389345176017,0.054307800114581035
0.35722707847707846,0.037141584786358525,0.054307800114581035
0.35874222999223,0.03793847283068488,0.056634886575039615
0.3623747086247086,0.038729036067931974,0.05373628377235784
0.36918900543900546,0.03913145218400919,0.054090822694637546
0.3711120823620824,0.040727995163314865,0.0540923074914635
0.38149669774669775,0.04132902101126894,0.04847554253274368
0.38664894133644134,0.04371484566660268,0.048491356190840884
0.3904950951825952,0.04431093049807763,0.04968807679809544
0.39836441336441336,0.04490782501992698,0.04958373612184712
0.4047139665889666,0.04610367349328537,0.047534746789754855
0.4096673465423466,0.04750733809241932,0.052219746031708945
0.4131529234654234,0.0485014520780224,0.052321302985101334
0.4178972416472416,0.0506926767430545,0.054436645428064694
0.42439369658119663,0.05208426582825567,0.050557461358494184
0.4279834401709402,0.05308450774108614,0.051354329684470575
0.437880001942502,0.054678837884268874,0.054325126586712874
0.439442501942502,0.056686334622853975,0.054179178981339865
0.4447416472416473,0.058681952727358155,0.05226584526655249
0.45100111693861694,0.060485502142065016,0.0565315245090125
0.46625437062937064,0.062486870953422716,0.061364498930819
0.4798261460761461,0.06528121271800233,0.05877890966130022
0.4832449494949495,0.0676744081514857,0.052841822930109195
0.4866210178710178,0.07147863827170538,0.05029371145396446
0.4986023698523698,0.07407308874318909,0.05985947215289092
0.5152323717948718,0.07707707047305527,0.050087245648076754
0.5321756021756022,0.08206411534373789,0.04598504767435775
0.5505096639471639,0.08784736015290198,0.034758173044895105
0.5772054681429681,0.0954319684747087,0.045225771339426415
0.6055035936285936,0.10340659893427848,0.04304474521363442
0.6290947940947941,0.11518638321006147,0.03615738990860007
0.6737954059829059,0.1365606069668887,0.0397279921977006
0.7102559246309246,0.16980987541175258,0.032981291677679304
0.783779865967366,0.2627783656206727,0.060033265622223476
0.9208333333333334,0.6497567630595495,0.06667591158778259
0.9903846153846153,0.8794117647058822,0.019230769230769253
1.0,1.0,0.0
1.0,1.0,0.0
1.0,1.0,0.0
1.0,1.0,0.0
