tp_ave_seq,fp_ave_seq,std_tp
0.0,0.0,0.0
0.0,0.0,0.0
0.0,0.0,0.0
0.0,0.0,0.0
0.0,0.0,0.0
0.0,0.0,0.0
0.0,0.0,0.0
0.0,0.0,0.0
0.0,0.0,0.0
0.0,0.0,0.0
0.0,0.0,0.0
0.0,0.0,0.0
0.0,0.0,0.0
0.0,0.0,0.0
0.0,0.0,0.0
0.0,0.0,0.0
0.0,0.0,0.0
0.0,0.0,0.0
0.0,0.0,0.0
0.0,0.0,0.0
0.0,0.0,0.0
0.0,0.0,0.0
0.0,0.0,0.0
0.0,0.0,0.0
0.0,0.0,0.0
0.0,0.0,0.0
0.0,0.0,0.0
0.0,0.0,0.0
0.0,0.0,0.0
0.0,0.0,0.0
0.0,0.0,0.0
0.0,0.0,0.0
0.0,0.0,0.0
0.0,0.0,0.0
0.0,0.0,0.0
0.0,0.0,0.0
0.0,0.0,0.0
0.0,0.0,0.0
0.0,0.0,0.0
0.0,0.0,0.0
0.0,0.0,0.0
0.0,0.0,0.0
0.0,0.0,0.0
0.0,0.0,0.0
0.0,0.0,0.0
0.0,0.0,0.0
0.0,0.0,0.0
0.0,0.0,0.0
0.0,0.0,0.0
0.0,0.0,0.0
0.00851063829787234,0.0,0.01702127659574468
0.00851063829787234,0.0,0.01702127659574468
0.01276595744680851,0.0,0.025531914893617016
0.01276595744680851,0.0,0.025531914893617016
0.01276595744680851,0.0,0.025531914893617016
0.01276595744680851,0.0,0.025531914893617016
0.01276595744680851,0.0,0.025531914893617016
0.01752786220871327,0.0,0.024919893235490504
0.01752786220871327,0.0,0.024919893235490504
0.026545086119554206,0.0,0.03460480352319174
0.03522855950890995,0.0,0.03612297808093573
0.03522855950890995,0.0,0.03612297808093573
0.03999046427081471,0.0,0.04171731668700731
0.051890933077161625,0.0,0.050151088411440385
0.06141474260097115,0.0,0.06085724025842907
0.06915239919640224,0.0002285714285714286,0.05440774032756737
0.073914303958307,0.0002285714285714286,0.061260550887368835
0.08590727970267427,0.0002285714285714286,0.05986609670545591
0.09946660173657258,0.0002285714285714286,0.0580396033314802
0.10720425833200367,0.0002285714285714286,0.05571228337769776
0.11059408884047825,0.0002285714285714286,0.05781254069570034
0.11877097661686542,0.0002285714285714286,0.05527710691207026
0.1309619399587239,0.0002285714285714286,0.039942727200495305
0.14601099569008053,0.0002285714285714286,0.03561086400235334
0.15844320261540384,0.0002285714285714286,0.0398537069861869
0.1671388547893169,0.00045819255371494174,0.0320250001900509
0.18050390478711437,0.00045819255371494174,0.03740454830068923
0.18389373529558894,0.00045819255371494174,0.03853976319039057
0.19641844915893264,0.0006867639822863705,0.03756092524217587
0.2031981101758818,0.0009150744845694755,0.04109994554505927
0.20745342932481795,0.0009150744845694755,0.04695976785123888
0.22675780420511074,0.0009150744845694755,0.051615089077933086
0.24021536114092856,0.0013732670382844172,0.04965911066697895
0.24839224891731573,0.0016018384668558458,0.04902601018013642
0.25750197976617695,0.0016018384668558458,0.04808464811688099
0.2608918102746515,0.002058459471422056,0.04950629449080822
0.26514712942358776,0.0025187806103063462,0.05494642377096596
0.26514712942358776,0.0025187806103063462,0.05494642377096596
0.2719267904405369,0.0025187806103063462,0.0592846749415251
0.2804374287384092,0.0032105905332151753,0.070500585564707
0.2804374287384092,0.0034389010354982804,0.070500585564707
0.28954715958727056,0.0034389010354982804,0.0686357314771225
0.30492996584011234,0.0034389010354982804,0.07907888740744747
0.3092777919270689,0.0034389010354982804,0.08070352304790403
0.3183875227759302,0.0038989612480942472,0.08075889381609667
0.32230909140338115,0.004126233975366975,0.07396242110694906
0.32230909140338115,0.004586294187962942,0.07396242110694906
0.32665691749033765,0.004814865616534371,0.07718145462097055
0.3305784861177886,0.005043176118817476,0.07067069230062092
0.3345000547452396,0.005499797123383686,0.06445732050812854
0.3421452044026504,0.005731546833696548,0.0705921797430023
0.3421452044026504,0.005731546833696548,0.0705921797430023
0.3421452044026504,0.005731546833696548,0.0705921797430023
0.3421452044026504,0.005731546833696548,0.0705921797430023
0.34640052355158646,0.005731546833696548,0.07592997390321933
0.3506558427005227,0.005731546833696548,0.08180664986107926
0.3506558427005227,0.006420178474863944,0.08180664986107926
0.35404567320899727,0.006881549310320319,0.0829998386181351
0.35404567320899727,0.008027062882342248,0.0829998386181351
0.35743550371747185,0.008483944813196783,0.08472039935451912
0.3613570723449228,0.00871251624176821,0.07925332304284922
0.3613570723449228,0.00871251624176821,0.07925332304284922
0.3613570723449228,0.008940826744051316,0.07925332304284922
0.3613570723449228,0.00916913724633442,0.07925332304284922
0.3613570723449228,0.009397708674905848,0.07925332304284922
0.3613570723449228,0.009626019177188954,0.07925332304284922
0.3613570723449228,0.009626019177188954,0.07925332304284922
0.3613570723449228,0.009626019177188954,0.07925332304284922
0.3698677106427951,0.009626019177188954,0.09158307954073647
0.37421553672975166,0.009626019177188954,0.09300258257499527
0.37421553672975166,0.01031465081835635,0.09300258257499527
0.37421553672975166,0.010770494974200507,0.09300258257499527
0.37421553672975166,0.010770494974200507,0.09300258257499527
0.37897744149165646,0.010770494974200507,0.08886683439942299
0.38289901011910743,0.010770494974200507,0.08358042852856204
0.38289901011910743,0.010770494974200507,0.08358042852856204
0.386288840627582,0.010999066402771934,0.08481482508662194
0.386288840627582,0.011227637831343363,0.08481482508662194
0.39021040925503303,0.011227637831343363,0.0798647045281426
0.39021040925503303,0.011227637831343363,0.0798647045281426
0.39021040925503303,0.011227637831343363,0.0798647045281426
0.39021040925503303,0.01145620925991479,0.0798647045281426
0.39021040925503303,0.011684519762197896,0.0798647045281426
0.39021040925503303,0.01214140169305243,0.0798647045281426
0.39021040925503303,0.012373151403365291,0.0798647045281426
0.39021040925503303,0.012828734632921123,0.0798647045281426
0.394131977882484,0.013060484343233985,0.07540700967588641
0.4023088656588712,0.013520544555829952,0.07840721811216063
0.4023088656588712,0.013752294266142814,0.07840721811216063
0.40665669174582764,0.01420917619699735,0.07947735951971663
0.4110045178327842,0.01466579720156356,0.08146679221513518
0.41535234391974074,0.01581319035402822,0.08431046509705117
0.41535234391974074,0.016044940064341085,0.08431046509705117
0.41874217442821526,0.01650078422018524,0.08491765395405687
0.4230900005151718,0.01650078422018524,0.08834124852268713
0.4230900005151718,0.016729355648756668,0.08834124852268713
0.4230900005151718,0.016957666151039774,0.08834124852268713
0.4230900005151718,0.016957666151039774,0.08834124852268713
0.4230900005151718,0.016957666151039774,0.08834124852268713
0.4230900005151718,0.017187287276183284,0.08834124852268713
0.4230900005151718,0.017187287276183284,0.08834124852268713
0.4264798310236464,0.017645218903609906,0.08927138645000594
0.43124173578555114,0.01810236176075276,0.0833439650792131
0.4346315662940257,0.018331982885896277,0.08468213666537351
0.4346315662940257,0.018331982885896277,0.08468213666537351
0.4346315662940257,0.018331982885896277,0.08468213666537351
0.43897939238098227,0.018560554314467702,0.08840305311245376
0.43897939238098227,0.019245758669167046,0.08840305311245376
0.44724878709538973,0.019932053834025364,0.08836957466312488
0.44724878709538973,0.020387637063581196,0.08836957466312488
0.4554256748717768,0.020387637063581196,0.08882931675191526
0.4554256748717768,0.020844779920724053,0.08882931675191526
0.45977350095873337,0.021990293492745984,0.0934448315434947
0.46402882010766955,0.022674709077161567,0.09797660035050113
0.46828413925660567,0.023363601644617288,0.10301336718487532
0.46828413925660567,0.023591912146900394,0.10301336718487532
0.4726319653435622,0.024047756302744548,0.10737907631093238
0.4902523344902959,0.024503600458588702,0.11641670244081737
0.4902523344902959,0.02473322158373222,0.11641670244081737
0.5018190527751576,0.02564724637172961,0.11778992729637348
0.5091304519110832,0.026563411666458054,0.11412920637765238
0.5091304519110832,0.02816816748876701,0.11412920637765238
0.5091304519110832,0.028852061220605945,0.11412920637765238
0.5134782779980397,0.02954200348463375,0.1181815318280907
0.5168681085065143,0.03045682896447661,0.11823246113991186
0.5202579390149888,0.031602093531771916,0.11867132288879652
0.5288610842508816,0.03366587179166647,0.1278188465339796
0.5367042215057836,0.035038089133378796,0.1214368593223711
0.5367042215057836,0.03550158855400452,0.1214368593223711
0.5400940520142581,0.037100283922562906,0.12178385031600243
0.5400940520142581,0.037784438580690166,0.12178385031600243
0.5444418781012146,0.039381835247949845,0.126021934803949
0.5487897041881711,0.041212541253109414,0.13070186930235703
0.5535516089500758,0.0428218151720454,0.12388895640805922
0.5583135137119806,0.044655438532658076,0.11745371129222432
0.5673307376228215,0.0457969910440736,0.1161828638423402
0.5712523062502726,0.04876899456450329,0.11246075281386933
0.5789899628457036,0.05219605946191215,0.11721935456210494
0.5871416981160831,0.05905430511205155,0.11132730969326682
0.6158221999347099,0.0773486286522475,0.13199534650087327
0.6572686592001451,0.2101426141742972,0.17501603867752158
0.7327920998908037,0.41892021917626865,0.2286368888857593
0.7660447229739353,0.49543343799280226,0.21667562384198255
0.896358543417367,0.7973478760045924,0.1843979952605385
0.9098039215686274,0.8117106773823192,0.18039215686274507
1.0,0.999540757749713,0.0
1.0,1.0,0.0
1.0,1.0,0.0
1.0,1.0,0.0
1.0,1.0,0.0
1.0,1.0,0.0
1.0,1.0,0.0
