tp_ave_seq,fp_ave_seq,std_tp
0.0,0.0,0.0
0.0,0.0,0.0
0.0,0.0,0.0
0.0,0.0,0.0
0.0,0.0,0.0
0.0,0.0,0.0
0.0,0.0,0.0
0.0,0.0,0.0
0.0,0.0,0.0
0.0,0.0,0.0
0.0,0.0,0.0
0.0,0.0,0.0
0.0,0.0,0.0
0.0,0.0,0.0
0.0,0.0,0.0
0.0,0.0,0.0
0.0,0.0,0.0
0.0,0.0,0.0
0.0,0.0,0.0
0.0,0.0,0.0
0.0,0.0,0.0
0.0,0.0,0.0
0.0,0.0,0.0
0.0,0.0,0.0
0.0,0.0,0.0
0.0,0.0,0.0
0.0,0.0,0.0
0.0,0.0,0.0
0.0,0.0,0.0
0.0,0.0,0.0
0.0,0.0,0.0
0.0,0.0,0.0
0.0,0.0,0.0
0.0,0.0,0.0
0.0,0.0,0.0
0.0,0.0,0.0
0.0,0.0,0.0
0.0,0.0,0.0
0.0,0.0,0.0
0.0,0.0,0.0
0.0,0.0,0.0
0.0,0.0,0.0
0.0,0.0,0.0
0.0,0.0,0.0
0.0,0.0,0.0
0.0,0.0,0.0
0.0,0.0,0.0
0.0,0.0,0.0
0.0,0.0,0.0
0.0,0.0,0.0
0.0,0.0,0.0
0.0,0.0,0.0
0.0,0.0,0.0
0.0,0.0,0.0
0.0,0.0,0.0
0.0,0.0,0.0
0.0,0.0,0.0
0.0,0.0,0.0
0.0,0.0,0.0
0.0,0.0,0.0
0.0,0.0,0.0
0.0,0.0,0.0
0.0,0.0,0.0
0.008333333333333333,0.0,0.016666666666666666
0.008333333333333333,0.0,0.016666666666666666
0.008333333333333333,0.0,0.016666666666666666
0.015229885057471266,0.0,0.018790554855484844
0.015229885057471266,0.0,0.018790554855484844
0.015229885057471266,0.0,0.018790554855484844
0.02094417077175698,0.0002288329519450801,0.01759662943426102
0.02094417077175698,0.0002288329519450801,0.01759662943426102
0.026658456486042693,0.0002288329519450801,0.022965675973337596
0.026658456486042693,0.0002288329519450801,0.022965675973337596
0.026658456486042693,0.0002288329519450801,0.022965675973337596
0.026658456486042693,0.0002288329519450801,0.022965675973337596
0.039269293924466334,0.0004579280264009793,0.027388990285062222
0.039269293924466334,0.0004579280264009793,0.027388990285062222
0.04616584564860427,0.0004579280264009793,0.0295700070166758
0.04616584564860427,0.0004579280264009793,0.0295700070166758
0.058776683087027916,0.0004579280264009793,0.03751353985985443
0.0730623973727422,0.0004579280264009793,0.023329346346235683
0.0730623973727422,0.000916398966699918,0.023329346346235683
0.07995894909688013,0.000916398966699918,0.026038421845618553
0.07995894909688013,0.000916398966699918,0.026038421845618553
0.08829228243021346,0.000916398966699918,0.017820563482054626
0.11731527093596059,0.0011454940411558174,0.032869326623423976
0.12302955665024631,0.0011454940411558174,0.034298416479497176
0.13017241379310343,0.0013761745486529338,0.025363479136662075
0.13017241379310343,0.0016052696231088326,0.025363479136662075
0.1427832512315271,0.0016052696231088326,0.04016165253502947
0.14967980295566502,0.0018343646975647321,0.035505727040478406
0.14967980295566502,0.0018343646975647321,0.035505727040478406
0.14967980295566502,0.0020631976495098124,0.035505727040478406
0.15657635467980296,0.002293878157006929,0.04732972522786665
0.15657635467980296,0.002293878157006929,0.04732972522786665
0.16229064039408864,0.002293878157006929,0.05040292407221274
0.16229064039408864,0.002293878157006929,0.05040292407221274
0.16229064039408864,0.002755239172001162,0.05040292407221274
0.17514778325123154,0.002755239172001162,0.0493624818489031
0.17514778325123154,0.0029859196794982785,0.0493624818489031
0.18348111658456484,0.003216600186995395,0.04334323481860278
0.18348111658456484,0.0034472806944925117,0.04334323481860278
0.19037766830870279,0.0034472806944925117,0.037955351569544285
0.1972742200328407,0.0034472806944925117,0.037189794654777994
0.1972742200328407,0.0034472806944925117,0.037189794654777994
0.21013136288998355,0.0039054708434043102,0.03487746575450705
0.21013136288998355,0.0039054708434043102,0.03487746575450705
0.22298850574712645,0.0039054708434043102,0.039445111958627564
0.22988505747126436,0.0039054708434043102,0.039041113888303995
0.23559934318555004,0.004136151350901426,0.04788391317880014
0.23559934318555004,0.004136151350901426,0.04788391317880014
0.24274220032840726,0.004136151350901426,0.046823822581172646
0.24274220032840726,0.004363941783703249,0.046823822581172646
0.24274220032840726,0.004363941783703249,0.046823822581172646
0.24274220032840726,0.004363941783703249,0.046823822581172646
0.24988505747126438,0.004363941783703249,0.05000234840702504
0.24988505747126438,0.004593036858159147,0.05000234840702504
0.24988505747126438,0.004593036858159147,0.05000234840702504
0.25821839080459774,0.004593036858159147,0.03729664118816423
0.25821839080459774,0.004593036858159147,0.03729664118816423
0.2722577996715928,0.004593036858159147,0.042981204401148
0.2794006568144499,0.004593036858159147,0.05247766344793365
0.2794006568144499,0.004593036858159147,0.05247766344793365
0.2794006568144499,0.004593036858159147,0.05247766344793365
0.2851149425287356,0.004822131932615046,0.05729924761244876
0.2851149425287356,0.005052812440112163,0.05729924761244876
0.293448275862069,0.005052812440112163,0.04776283145020252
0.293448275862069,0.0055107404665131424,0.04776283145020252
0.3089244663382595,0.005739835540969042,0.05319665890086272
0.3089244663382595,0.005739835540969042,0.05319665890086272
0.3089244663382595,0.005739835540969042,0.05319665890086272
0.3089244663382595,0.005739835540969042,0.05319665890086272
0.3158210180623974,0.005739835540969042,0.05063695442796041
0.3158210180623974,0.005968668492914123,0.05063695442796041
0.3158210180623974,0.005968668492914123,0.05063695442796041
0.3241543513957307,0.006197501444859202,0.049389334964695955
0.3241543513957307,0.006426596519315102,0.049389334964695955
0.3241543513957307,0.006426596519315102,0.049389334964695955
0.3241543513957307,0.006426596519315102,0.049389334964695955
0.32986863711001646,0.006426596519315102,0.052760447697904556
0.34129720853858786,0.006426596519315102,0.06523844860761056
0.3470114942528736,0.006426596519315102,0.07337633868723611
0.3470114942528736,0.006884524545716081,0.07337633868723611
0.3470114942528736,0.006884524545716081,0.07337633868723611
0.3470114942528736,0.007572090560470918,0.07337633868723611
0.3553448275862069,0.007800923512415998,0.07371496122404703
0.3553448275862069,0.008029756464361078,0.07371496122404703
0.3553448275862069,0.008260436971858196,0.07371496122404703
0.3691379310344828,0.008260436971858196,0.05523602068857687
0.3691379310344828,0.008260436971858196,0.05523602068857687
0.3817487684729064,0.008489532046314094,0.05905838993182931
0.38889162561576357,0.008489532046314094,0.06205373571852873
0.38889162561576357,0.008489532046314094,0.06205373571852873
0.39722495894909693,0.008948002986613033,0.06242528975348634
0.39722495894909693,0.009405668890503194,0.06242528975348634
0.39722495894909693,0.009405668890503194,0.06242528975348634
0.39722495894909693,0.009405668890503194,0.06242528975348634
0.39722495894909693,0.009633459323305015,0.06242528975348634
0.39722495894909693,0.009633459323305015,0.06242528975348634
0.39722495894909693,0.010091930263603954,0.06242528975348634
0.40293924466338266,0.010321025338059852,0.07098475637280754
0.40983579638752055,0.010321025338059852,0.06286430598172062
0.4155500821018062,0.010321025338059852,0.07263777638990117
0.42126436781609194,0.010321025338059852,0.08283596224449312
0.42816091954022983,0.010550120412515754,0.07744511545421717
0.42816091954022983,0.011008591352814692,0.07744511545421717
0.4338752052545156,0.011008591352814692,0.08812322477998978
0.4338752052545156,0.011008591352814692,0.08812322477998978
0.4338752052545156,0.01123768642727059,0.08812322477998978
0.4338752052545156,0.011465476860072413,0.08812322477998978
0.4338752052545156,0.011465476860072413,0.08812322477998978
0.44101806239737273,0.011923667008984212,0.08884827595371703
0.44101806239737273,0.012383442590937228,0.08884827595371703
0.44101806239737273,0.01283902345654087,0.08884827595371703
0.44101806239737273,0.013754879509342833,0.08884827595371703
0.44101806239737273,0.01512762106940251,0.08884827595371703
0.4479146141215106,0.01581388244250327,0.08220401847749621
0.4479146141215106,0.016727653457018717,0.08220401847749621
0.4479146141215106,0.01741232939707826,0.08220401847749621
0.4479146141215106,0.017869214904335982,0.08220401847749621
0.4479146141215106,0.018328728363778177,0.08220401847749621
0.4617077175697865,0.019935583419928224,0.07176589469394112
0.4617077175697865,0.020393773568840024,0.07176589469394112
0.4686042692939245,0.0213112150546832,0.06840834828216852
0.4769376026272578,0.02176888095857336,0.06396759478062272
0.4769376026272578,0.023142165432531003,0.06396759478062272
0.4769376026272578,0.024976530130095737,0.06396759478062272
0.48408045977011493,0.027265127742957373,0.0641497743772257
0.5035878489326765,0.02909662103470313,0.06507689553354923
0.5311740558292283,0.032298227934324096,0.0782930314678576
0.5601970443349754,0.03596115254028663,0.08328089948528629
0.5882840722495895,0.043272095082142595,0.08862300952946837
0.6161165845648604,0.05766021540958031,0.10032309801350862
0.7441625615763547,0.17172115266741184,0.15285801599664264
0.7903448275862068,0.4458530236997116,0.17976815912707889
0.9085714285714286,0.6311608837316239,0.12440880604044138
0.9485714285714286,0.8124567474048442,0.10285714285714284
0.9542857142857143,0.8230680507497116,0.09142857142857141
1.0,0.9995386389850058,0.0
1.0,1.0,0.0
1.0,1.0,0.0
1.0,1.0,0.0
