tp_ave_seq,fp_ave_seq,std_tp
0.0,0.0,0.0
0.0,0.0,0.0
0.0,0.0,0.0
0.0,0.0,0.0
0.0,0.0,0.0
0.0,0.0,0.0
0.0,0.0,0.0
0.0,0.0,0.0
0.0,0.0,0.0
0.0,0.0,0.0
0.0,0.0,0.0
0.0,0.0,0.0
0.0,0.0,0.0
0.0,0.0,0.0
0.0,0.0,0.0
0.0,0.0,0.0
0.0,0.0,0.0
0.0,0.0,0.0
0.0,0.0,0.0
0.0,0.0,0.0
0.0,0.0,0.0
0.0,0.0,0.0
0.0,0.0,0.0
0.0,0.0,0.0
0.00425531914893617,0.0,0.00851063829787234
0.00851063829787234,0.0,0.01702127659574468
0.00851063829787234,0.0,0.01702127659574468
0.00851063829787234,0.0,0.01702127659574468
0.01276595744680851,0.0,0.025531914893617016
0.021783181357649443,0.0,0.032977128126797796
0.025704749985100424,0.0,0.0312755063948452
0.025704749985100424,0.0002296211251435132,0.0312755063948452
0.03874822824596999,0.0002296211251435132,0.0314345018340934
0.051687020784261906,0.0002296211251435132,0.03469394601071201
0.051687020784261906,0.0002296211251435132,0.03469394601071201
0.051687020784261906,0.0002296211251435132,0.03469394601071201
0.064600660816546,0.0002296211251435132,0.03346597677463635
0.07311129911441834,0.0002296211251435132,0.04605305471229151
0.08126303438479768,0.0002296211251435132,0.04533472813985471
0.08602493914670244,0.00046137083545637526,0.050057903578009585
0.08602493914670244,0.00046137083545637526,0.050057903578009585
0.09028025829563861,0.0006931205457692375,0.055799994689423156
0.09028025829563861,0.0006931205457692375,0.055799994689423156
0.09929748220647953,0.0011534416846535282,0.06646243574573406
0.10355280135541571,0.0011534416846535282,0.07262436278468497
0.12527975300564104,0.0013851913949663901,0.07028226580732862
0.12527975300564104,0.0013851913949663901,0.07028226580732862
0.13736523568802864,0.001616941105279252,0.0685505800995304
0.1518825533004089,0.0018452516075623576,0.06048275516086291
0.15919395243633444,0.0018452516075623576,0.05166164438966127
0.16344927158527062,0.0018452516075623576,0.05654457023284359
0.1673708402127216,0.0018452516075623576,0.05091165066614417
0.17213274497462638,0.0020735621098454627,0.05387717583808085
0.17213274497462638,0.0020735621098454627,0.05387717583808085
0.17689464973653116,0.0020735621098454627,0.05826585513587763
0.17689464973653116,0.0020735621098454627,0.05826585513587763
0.17689464973653116,0.0020735621098454627,0.05826585513587763
0.18124247582348765,0.0020735621098454627,0.060279624644878745
0.1860043805853924,0.0020735621098454627,0.06531302300423594
0.19076628534729717,0.0020735621098454627,0.07126959166620672
0.19415611585577172,0.0020735621098454627,0.06809077994110703
0.19754594636424633,0.002305311820158325,0.06546206181230596
0.20189377245120282,0.002305311820158325,0.06733100499576583
0.2058153410786538,0.0025370615304711867,0.061485229872585936
0.2105772458405586,0.0025370615304711867,0.06805937679845225
0.2105772458405586,0.0025370615304711867,0.06805937679845225
0.21872898111093791,0.0027656329590426154,0.07270043246909336
0.22723961940881027,0.0027656329590426154,0.07639197133334097
0.23116118803626123,0.003223825512757557,0.07097674683589479
0.23116118803626123,0.003223825512757557,0.07097674683589479
0.23455101854473578,0.003223825512757557,0.068304926523413
0.238806337693672,0.003223825512757557,0.07138502229518204
0.24219616820214657,0.0034555752230704187,0.06918644223911607
0.2469580729640513,0.0034555752230704187,0.0757986790043319
0.25513496074043845,0.0034555752230704187,0.07361322123082824
0.259482786827395,0.0034555752230704187,0.07318026315729459
0.26722044342282614,0.003910120677615874,0.07126864676851935
0.27147576257176226,0.004141870387928735,0.07479034426702347
0.281645254097186,0.0043714915130722495,0.0704783635960125
0.281645254097186,0.004599802015355354,0.0704783635960125
0.281645254097186,0.004599802015355354,0.0704783635960125
0.2892904037545968,0.004599802015355354,0.07406818045218946
0.2970280603500279,0.004599802015355354,0.07424463418426244
0.30094962897747884,0.004599802015355354,0.06689129017485185
0.305204948126415,0.004831551725668216,0.07116121280212083
0.305204948126415,0.004831551725668216,0.07116121280212083
0.305204948126415,0.004831551725668216,0.07116121280212083
0.3085947786348896,0.005291611938264182,0.07147773835044112
0.3119846091433641,0.005520183366835611,0.0724302668704803
0.3119846091433641,0.005751933077148473,0.0724302668704803
0.31623992829230035,0.005751933077148473,0.07695959817279761
0.32058775437925685,0.005751933077148473,0.07677880262972234
0.32058775437925685,0.005980243579431578,0.07677880262972234
0.32058775437925685,0.0062085540817146834,0.07677880262972234
0.32058775437925685,0.006665436012569218,0.07677880262972234
0.32058775437925685,0.006897185722882079,0.07677880262972234
0.32058775437925685,0.007354328580024936,0.07677880262972234
0.324843073528193,0.007354328580024936,0.08172808500454184
0.3282329040366676,0.007354328580024936,0.08259120979272747
0.3282329040366676,0.007354328580024936,0.08259120979272747
0.3282329040366676,0.007814649718909227,0.08259120979272747
0.33597056063209874,0.00804639942922209,0.08415783246423758
0.35570119297189706,0.008276020554365604,0.09413057519806997
0.35570119297189706,0.008276020554365604,0.09413057519806997
0.35962276159934803,0.008504591982937033,0.08669688434938408
0.3630125921078226,0.008736341693249893,0.08878074876940902
0.3630125921078226,0.008965962818393406,0.08878074876940902
0.3630125921078226,0.009197712528706268,0.08878074876940902
0.3630125921078226,0.009657772741302237,0.08878074876940902
0.36736041819477916,0.009887393866445748,0.09057400833518378
0.3755373059711663,0.010574726806314444,0.08738985951638507
0.3755373059711663,0.010574726806314444,0.08738985951638507
0.3789271364796408,0.010806476516627306,0.08949677890930874
0.3789271364796408,0.010806476516627306,0.08949677890930874
0.3789271364796408,0.010806476516627306,0.08949677890930874
0.3823169669881154,0.01103478701891041,0.09205589025694844
0.3862385356155665,0.011498286439536135,0.08502290480224615
0.3945079303299739,0.011498286439536135,0.0798819853457413
0.3945079303299739,0.01172659694181924,0.0798819853457413
0.39842949895742497,0.011955168370390668,0.07312795364309178
0.4027773250443814,0.011955168370390668,0.07575899925737915
0.406167155552856,0.011955168370390668,0.07846816411411582
0.406167155552856,0.011955168370390668,0.07846816411411582
0.4151843794636969,0.012413099997817287,0.07962363371544115
0.4185742099721715,0.012413099997817287,0.08239261946674002
0.42282952912110766,0.012413099997817287,0.08639109588711717
0.42282952912110766,0.012869981928671819,0.08639109588711717
0.4267510977485586,0.013098553357243248,0.07975991655102818
0.4306726663760096,0.013330303067556112,0.07336822699149373
0.4306726663760096,0.013330303067556112,0.07336822699149373
0.4389420610904171,0.013330303067556112,0.06923486907030349
0.4389420610904171,0.013330303067556112,0.06923486907030349
0.4423318915988917,0.01424594650970791,0.07208278762996366
0.44667971768584824,0.014477696220020774,0.07472595623071997
0.4506012863132992,0.014706006722303877,0.06896732622605474
0.4506012863132992,0.014934578150875306,0.06896732622605474
0.45399111682177373,0.015391721008018163,0.0720750801465103
0.45399111682177373,0.016080613575473884,0.0720750801465103
0.45399111682177373,0.016080613575473884,0.0720750801465103
0.45399111682177373,0.016764768233601145,0.0720750801465103
0.45399111682177373,0.016764768233601145,0.0720750801465103
0.45399111682177373,0.016994389358744658,0.0720750801465103
0.45399111682177373,0.017222960787316086,0.0720750801465103
0.45399111682177373,0.017222960787316086,0.0720750801465103
0.45399111682177373,0.017222960787316086,0.0720750801465103
0.4573809473302483,0.017678544016871918,0.07566419150754328
0.4613025159576993,0.018366137883028932,0.07048013351836524
0.4613025159576993,0.019514011774483357,0.07048013351836524
0.4613025159576993,0.02020238248936243,0.07048013351836524
0.4613025159576993,0.020665881909988155,0.07048013351836524
0.4613025159576993,0.020665881909988155,0.07048013351836524
0.4613025159576993,0.021126203048872444,0.07048013351836524
0.4613025159576993,0.02203866820928281,0.07048013351836524
0.46565034204465583,0.022500039044739188,0.07334550735207758
0.4786816415209681,0.022958231598454126,0.0666739358679598
0.48779137236982945,0.023879662646506473,0.06655655145936319
0.4925532771317342,0.024339983785390762,0.06290054073902696
0.50123675052109,0.02525531919624856,0.053864005379057826
0.5055845766080465,0.025711163352092715,0.05944155819222893
0.509932402695003,0.025940784477236228,0.06570004062878851
0.5271386931667884,0.026630465814975707,0.08056241387141103
0.5305285236752629,0.027090526027571678,0.08148342754256271
0.5339183541837376,0.027548457654998294,0.08295012360683433
0.5339183541837376,0.02846644949502088,0.08295012360683433
0.5373081846922121,0.029151641928158518,0.08493423724095955
0.5373081846922121,0.02960722515771435,0.08493423724095955
0.5474776762176359,0.030752489725009664,0.0936199511092801
0.5513992448450868,0.03189352631399146,0.08810104763334635
0.567313789216905,0.033268400084868574,0.09168618717027884
0.567313789216905,0.034641963232885285,0.09168618717027884
0.5720756939788098,0.035560476925484516,0.08734539935925091
0.5807591673681656,0.03670787007794918,0.07815296547518714
0.5807591673681656,0.0383097556498107,0.07815296547518714
0.5807591673681656,0.03991169425682082,0.07815296547518714
0.5850144865171016,0.04197388904600493,0.0782737238872076
0.5936176317529944,0.044260451128570355,0.08427437415886771
0.6065564242912863,0.04609517722090371,0.07605901044679274
0.6150670625891588,0.047935121961555284,0.08133250822326846
0.6263000303525352,0.051144425715033456,0.07215670594165625
0.6302215989799862,0.056188739749015594,0.06714310871931518
0.6470568076397212,0.060316023420954656,0.05409313306949229
0.6552085429101006,0.06490653366566941,0.053492075998139654
0.6619882039270497,0.072461712118888,0.06175331984537983
0.670139939197429,0.07978113269618162,0.06385029348123578
0.6913481264501284,0.09032651336282096,0.05190276721345979
0.7125311611968201,0.10886253039507107,0.05012761186596228
0.7288597842435867,0.13677630786476563,0.04796259905633173
0.7667547026336523,0.18253490355314195,0.06975831634856722
0.8241268309954943,0.2708174467522452,0.09827173002730907
0.8512491906246812,0.37911046565196627,0.09674111157045368
0.90112570091145,0.5091543318499492,0.0721311527910849
0.9537245406637231,0.7137204889280658,0.04640219866457098
0.9952380952380953,0.928877424697369,0.009523809523809533
1.0,1.0,0.0
1.0,1.0,0.0
1.0,1.0,0.0
1.0,1.0,0.0
1.0,1.0,0.0
1.0,1.0,0.0
1.0,1.0,0.0
1.0,1.0,0.0
1.0,1.0,0.0
