tp_ave_seq,fp_ave_seq,std_tp
0.0,0.0,0.0
0.0,0.0,0.0
0.0,0.0,0.0
0.0,0.0,0.0
0.0,0.0,0.0
0.0,0.0,0.0
0.0,0.0,0.0
0.0,0.0,0.0
0.0,0.0,0.0
0.0,0.0,0.0
0.0,0.0,0.0
0.0,0.0,0.0
0.0,0.0,0.0
0.0,0.0,0.0
0.0,0.0,0.0
0.0,0.0,0.0
0.0,0.0,0.0
0.0,0.0,0.0
0.0,0.0,0.0
0.0,0.0,0.0
0.0,0.0,0.0
0.0,0.0,0.0
0.0,0.0,0.0
0.0,0.0,0.0
0.0,0.0,0.0
0.0,0.0,0.0
0.0,0.0,0.0
0.0,0.0,0.0
0.0,0.0,0.0
0.0,0.0,0.0
0.0,0.0,0.0
0.0,0.0,0.0
0.0,0.0,0.0
0.0,0.0,0.0
0.0,0.0,0.0
0.0,0.0,0.0
0.0,0.0,0.0
0.0,0.0,0.0
0.0,0.0,0.0
0.0,0.0,0.0
0.0,0.0,0.0
0.0,0.0,0.0
0.0,0.0,0.0
0.0,0.0,0.0
0.0,0.0,0.0
0.0,0.0,0.0
0.0,0.0,0.0
0.0,0.0,0.0
0.0,0.0,0.0
0.0,0.0,0.0
0.0,0.0,0.0
0.0,0.0,0.0
0.0017543859649122805,0.0,0.003508771929824561
0.0017543859649122805,0.00021505376344086021,0.003508771929824561
0.0033804022250748826,0.00021505376344086021,0.004145102623299045
0.006709591339593463,0.00043010752688172043,0.00649295429869114
0.010218363269418024,0.00043010752688172043,0.012939641818702696
0.010218363269418024,0.00043010752688172043,0.012939641818702696
0.013367969568630622,0.00043010752688172043,0.013868917272616252
0.0166971586831492,0.0006482100350605645,0.01782017669208821
0.021652364057830383,0.0010813663066802687,0.021167686429397363
0.023406750022742666,0.0012994688148591127,0.023855427659994533
0.03151156169663644,0.0019438183282950792,0.030075210765817154
0.04242153815576462,0.0023769745999147837,0.0315597454594649
0.047325530419889496,0.0025941298659299845,0.037586151086877795
0.06783844792318923,0.0032392911562525648,0.04993512502151621
0.07998981434309582,0.003675496172610253,0.05162672952544995
0.08525248942296781,0.003893598680789097,0.05336367003034497
0.0884533088327367,0.0041086524442299575,0.05546219161107108
0.09547036987752099,0.0041086524442299575,0.05802718826585382
0.11022032303095845,0.004977066490043707,0.051510960273150816
0.12212777954871032,0.005631374014580239,0.056026454085578735
0.1276335972469244,0.005631374014580239,0.05651713884368805
0.13767189488617157,0.006279584049640803,0.0641435476150166
0.14116707002483886,0.007366100603633396,0.06145491622548028
0.14781185146271875,0.007796703041473571,0.06474247532997111
0.1533688822714891,0.008231960815667617,0.062401965461268256
0.16856647044383002,0.008884373855876862,0.06067336025152662
0.17769583298546104,0.009102476364055706,0.0578294061255689
0.18996245513382487,0.009319631630070907,0.056272853021518014
0.19678681938701076,0.00974201811370343,0.0563625897160259
0.2100251691522142,0.010170366621534893,0.06805787901117448
0.2187186922839047,0.010598867556800725,0.06736186278196535
0.22952528419625465,0.01123856173388282,0.06299813294130811
0.2361065058310984,0.012103115258071973,0.06540749367462341
0.24309685610843296,0.012316562429896946,0.06488902908974518
0.2539806046149763,0.012961559281725737,0.06121003610049642
0.2611124385733529,0.013611870819360642,0.062115772967877306
0.2727376950128332,0.013611870819360642,0.06786919362074591
0.27624646694265775,0.014047128593554687,0.06447747575708576
0.2843011928314717,0.014047128593554687,0.057837057435577204
0.29271347421055627,0.015120473953214938,0.06477496927149663
0.30174117781488735,0.015331667195031201,0.06534005341166953
0.30941051012050447,0.016621373005977384,0.06165023298545415
0.31673504087047955,0.017043759489609907,0.06341057161612598
0.3236877748284151,0.01726186199778875,0.06047806583599419
0.32919359252662916,0.01834677196016546,0.06167772780578924
0.33694084871025237,0.019416916147653358,0.05767844550019518
0.3404360238489196,0.020707416773328814,0.057573490235743395
0.3441743416059289,0.021784622654613662,0.057191950740812916
0.3529970017261818,0.022645468084612586,0.05222956386913552
0.3582465628297614,0.023292730877509504,0.05003323792234492
0.3656994632844861,0.024805482425699805,0.04873794165264338
0.3742913274788767,0.025657976436214047,0.0513890869980934
0.377786502617544,0.025657976436214047,0.05137699559067664
0.38129527454736856,0.026084223441471172,0.046159071952148856
0.3865067365166842,0.027163035914371907,0.051062712513669735
0.3882611224815965,0.028248605226200856,0.04869888441154066
0.393267540966834,0.02933126125856885,0.047508441002795
0.393267540966834,0.031052169314896842,0.047508441002795
0.3971985555154417,0.03147680972853808,0.04608654612097564
0.4048310387854725,0.032119552650358166,0.04146329737248552
0.4064058419350788,0.032337655158537,0.04406891914909704
0.4064058419350788,0.03299006819874625,0.04406891914909704
0.4079806450846851,0.03384691764184355,0.04674156908598833
0.41451065360897255,0.03427316464710067,0.05046648498819807
0.41451065360897255,0.03449126715527952,0.05046648498819807
0.41990169839359426,0.03556591920278483,0.05145081934041444
0.42371794002860963,0.0362064081945962,0.050000934738618594
0.42534395628877225,0.037059549543503274,0.050075619682171245
0.42691875943837854,0.03770600055951358,0.05281879330636794
0.43366596709737093,0.038130640973154814,0.05216392933907015
0.43524077024697727,0.03834569473659567,0.05478979609210174
0.4434480081419837,0.03942064668787182,0.05799972481433496
0.4486463561350069,0.0402829632442096,0.05696415555091983
0.4542033869437773,0.041144468023660764,0.05561038969611605
0.45771215887360184,0.04200822673312064,0.052196286049774894
0.4594665448385141,0.04222632924129948,0.05076765837001464
0.4613357037170188,0.04308783402075066,0.04874436198510824
0.4613357037170188,0.044381683294934915,0.04874436198510824
0.4646648928315374,0.044812285732775084,0.05009543064698988
0.4646648928315374,0.04502733949621594,0.05009543064698988
0.4700559376161591,0.045896907802440386,0.05090847421313611
0.47343633984123396,0.04653739679425175,0.05055878490965815
0.47549819551133704,0.04718865557405031,0.0499142304077442
0.4775600511814401,0.0480508076918943,0.04960524219564265
0.48280961228501973,0.04933645797402825,0.046743995636175394
0.48280961228501973,0.049981961747874906,0.046743995636175394
0.48812350047544795,0.0512678070371965,0.048308924715130194
0.4953705901622819,0.052336796964273694,0.041025347854330464
0.5003257955369631,0.052989210004482944,0.04364832149791824
0.5021949544154677,0.05428082231081584,0.041119812653342476
0.503769757565074,0.05535257308991961,0.04364225236893056
0.5123616217594646,0.05578412276992343,0.04799922112276216
0.5157420239845395,0.056640972213020724,0.04822583016529961
0.5191859860126504,0.057726541524849684,0.04825300824333204
0.5248713865261705,0.05923966452978082,0.0441985084603565
0.5264974027863332,0.05967026696762099,0.04504017535636377
0.5285592584564363,0.06117326752295778,0.04424489795462311
0.5378041611954723,0.061818771296804444,0.04299333389578304
0.5393789643450786,0.06394758795458755,0.04526896481120215
0.5393789643450786,0.06589210821208814,0.04526896481120215
0.5414408200151817,0.06675056424680133,0.045306626409517596
0.5414408200151817,0.06717891275463278,0.045306626409517596
0.5414408200151817,0.06932512057405424,0.045306626409517596
0.5462676556851133,0.06997848085642713,0.04978838397484884
0.5503913670253194,0.07148403524554345,0.05047699118627929
0.5519661701749257,0.07321830950339142,0.05252365573008332
0.5557824118099409,0.07535840782227751,0.051877695154850086
0.5627215489767192,0.07664907288644676,0.0495156575105053
0.5627215489767192,0.07793696013643207,0.0495156575105053
0.5627215489767192,0.07923787110441328,0.0495156575105053
0.5627215489767192,0.08117868326772364,0.0495156575105053
0.5627215489767192,0.08289267004662963,0.0495156575105053
0.5659735814970445,0.08460666883659504,0.05190627908806196
0.5693539837221193,0.08632472315537269,0.051806341329974526
0.5711083696870316,0.08890072163574772,0.05044994821170885
0.57642225787746,0.0908440876328376,0.054045849717130584
0.5819792886862304,0.09235219585573347,0.05359843187014775
0.5906995225853706,0.09536315220653171,0.05447849027873507
0.5961417804805486,0.09859673093658566,0.05562978941421611
0.6010969858552297,0.10140400807056979,0.05763421347645836
0.6044773880803046,0.1048449195208154,0.05845667820978587
0.6094961532580219,0.10808024030776227,0.058266970505045236
0.621941590937879,0.11195250643082406,0.04841759957837767
0.6253219931629539,0.11562630312629466,0.049481030786944886
0.6325186370230441,0.11906651264733477,0.05046189712312359
0.6400227505883253,0.12360122632577433,0.052289886443021794
0.6450291690735628,0.1287750677173675,0.05577200680933276
0.6539022750205592,0.1335091811034045,0.05135984967855066
0.6607266392737451,0.14061663749923406,0.051183017665479294
0.676923508686904,0.14944597481115118,0.04029947902086354
0.6803039109119788,0.15721419566667466,0.04300344761567558
0.6818787140615852,0.16432781615385222,0.0438603631756018
0.6905858339844331,0.17361526951484224,0.04507465400339966
0.7071410261716753,0.18526869933695905,0.05356733770783164
0.724734366017812,0.19692929508340024,0.05582313551160002
0.7351694456070702,0.21307023730132352,0.056986178285105375
0.7531222355527667,0.23359936765745223,0.06379144368152208
0.7686408902214558,0.2636005662362587,0.0708020788175991
0.7988198257570982,0.3128466288577251,0.07994509524994166
0.8394349682074754,0.38307322440197006,0.08572291885304979
0.8673620887472342,0.44825010385369024,0.07828233807991389
0.8849549457785061,0.5096140758949697,0.07759400790000624
0.9305911374036597,0.6093337657817363,0.06723955931772763
0.9671733974718973,0.8249534135909918,0.049572688879773126
0.9850467289719627,0.9022411953041622,0.02990654205607477
0.9925233644859812,0.9560298826040554,0.014953271028037387
1.0,1.0,0.0
1.0,1.0,0.0
1.0,1.0,0.0
1.0,1.0,0.0
