tp_ave_seq,fp_ave_seq,std_tp
0.0,0.0,0.0
0.0,0.0,0.0
0.0,0.0,0.0
0.0,0.0,0.0
0.0,0.0,0.0
0.0,0.0,0.0
0.0,0.0,0.0
0.0,0.0,0.0
0.0,0.0,0.0
0.0,0.0,0.0
0.0,0.0,0.0
0.0,0.0,0.0
0.0,0.0,0.0
0.0,0.0,0.0
0.0,0.0,0.0
0.0,0.0,0.0
0.0,0.0,0.0
0.0,0.0,0.0
0.0,0.0,0.0
0.0,0.0,0.0
0.0,0.0,0.0
0.0,0.0,0.0
0.0,0.0,0.0
0.0,0.0,0.0
0.0,0.0,0.0
0.0,0.0,0.0
0.0,0.0,0.0
0.0,0.0,0.0
0.0,0.0,0.0
0.0,0.0,0.0
0.0,0.0,0.0
0.0,0.0,0.0
0.0,0.0,0.0
0.0,0.0,0.0
0.0,0.0,0.0
0.0,0.0,0.0
0.0,0.0,0.0
0.0,0.0,0.0
0.0,0.0,0.0
0.0,0.0,0.0
0.0,0.0,0.0
0.0,0.0,0.0
0.0,0.0,0.0
0.0014814814814814816,0.0,0.0029629629629629637
0.0014814814814814816,0.0,0.0029629629629629637
0.0014814814814814816,0.0,0.0029629629629629637
0.0014814814814814816,0.0,0.0029629629629629637
0.0014814814814814816,0.0,0.0029629629629629637
0.0014814814814814816,0.0,0.0029629629629629637
0.0044444444444444444,0.0,0.008888888888888889
0.005614035087719299,0.0,0.008607424324198408
0.005614035087719299,0.0,0.008607424324198408
0.005614035087719299,0.0,0.008607424324198408
0.00709551656920078,0.0,0.008138349032758787
0.011228070175438596,0.0,0.013660587285639715
0.015048732943469787,0.0,0.01700019658468509
0.01801169590643275,0.0,0.022323084260293523
0.0191812865497076,0.0,0.022723928553258582
0.02331384015594542,0.0,0.0284791519041503
0.027446393762183236,0.0002176278563656148,0.027892659399581788
0.030226576542366018,0.000670628988868446,0.029266787484651256
0.030226576542366018,0.0008882568452340609,0.029266787484651256
0.035765380012203966,0.0013369796337076988,0.02512359939420755
0.0428878361001773,0.0017835022021593344,0.02286611332392779
0.04704732922518766,0.002003524204359554,0.022951999009735862
0.05130899348685192,0.002003524204359554,0.02494971416615815
0.053960065611608266,0.002003524204359554,0.027245262625945458
0.06045874002316833,0.0022300247706109697,0.024696093867133274
0.06459667105765109,0.0026652804833421995,0.0215270366303835
0.07005486548136276,0.0026652804833421995,0.018297639123154897
0.0795703818934309,0.002887502705564422,0.017585817500564954
0.08498007470784238,0.0035540472762162776,0.01696553550981008
0.09150568863817503,0.004218197701033528,0.016401339094682565
0.09267527928144988,0.00488046392765619,0.014986005853968365
0.10216385617474548,0.005100485929856411,0.016498577492902587
0.10364533765622694,0.005553487062359241,0.018150494968610816
0.11589253523917771,0.005995731286781683,0.021712456143585687
0.1272335314077601,0.006213359143147299,0.03395681738398987
0.13139302453277044,0.006877509567964549,0.03638185912173574
0.1368512189564821,0.007986104437226244,0.03863380681308936
0.1423630829075475,0.007986104437226244,0.041140660013545834
0.15351592146510476,0.009307732796996947,0.04358336622989491
0.15647888442806773,0.009534233363248362,0.04387214670773456
0.16817753195248658,0.010409533080380031,0.0402324748600092
0.17667929838528748,0.010636033646631448,0.04360536346287515
0.18359741219995301,0.011524800439505526,0.049391149412132435
0.19030580631306585,0.01284862901929823,0.051732957344741266
0.19849568190766012,0.013510895245920893,0.05408725036075842
0.20265517503267047,0.014170961252521552,0.055794326991210834
0.20837675868528863,0.014617483820973188,0.06084884213471654
0.21500454375227518,0.015052739533704418,0.060783231071926264
0.22290409059919042,0.015492589612292254,0.05737626475961282
0.2255551627239467,0.016600868459726536,0.055400443716501026
0.23257544767526622,0.01682736902597795,0.05957773138532383
0.23681554984640285,0.0174915194507952,0.0641030388808399
0.24074376117933288,0.01858205287845788,0.0677349741973316
0.24500542544099715,0.01968844752769757,0.06653456321266088
0.24882608820902835,0.020570735756520457,0.06361443893293757
0.2516868800353374,0.021012979980942897,0.06609102143377323
0.2544670628155202,0.0223456812706214,0.06544496680725463
0.25594854429700165,0.023229853697638875,0.06528496138389868
0.2573278546418292,0.023229853697638875,0.06775706321845594
0.26387503066268947,0.023665109410370106,0.06458513907073189
0.26959661431530757,0.024336054421065963,0.06918153931761974
0.27336360755598504,0.025206565846528424,0.06673450951810209
0.27583189949796116,0.02564660985092886,0.0648746333681028
0.2799913926229715,0.026090738273545893,0.06689462779161748
0.28677501835396574,0.026965844064864956,0.06347831571812816
0.29241599296045756,0.028065760150053454,0.06530843149320882
0.2962635952472613,0.02894326008720713,0.06583773374236192
0.30032091723561777,0.02938311016579496,0.07048971556048828
0.30959977442736064,0.029603132167995184,0.06885250642396677
0.31225084655211693,0.03004537639241763,0.06713898612395079
0.3145900278386667,0.030265398394617848,0.06430943035824178
0.31588872913736793,0.030714121183091487,0.06404045523669954
0.31737021061884946,0.03204733242041,0.0638267598847137
0.3211908733868806,0.033362482216129516,0.06059776494787387
0.3211908733868806,0.03446667664534721,0.06059776494787387
0.32563531783132504,0.03446667664534721,0.05978053261942512
0.329665700300909,0.03468430450171282,0.06074924983750412
0.33262866326387197,0.03534197636247887,0.060494054091073925
0.34071636772181235,0.03667247743213538,0.06603507480590165
0.3457066211331184,0.037334549732945435,0.06180749386266159
0.3457066211331184,0.037556771955167656,0.06180749386266159
0.3481749130750945,0.038653783946881536,0.05990767276411064
0.3538158876815864,0.039759668648481204,0.0613782230460882
0.3564938993251153,0.0408658693719083,0.06340366318165691
0.3579753808065968,0.04174336930906197,0.06327776467873553
0.36093834376955974,0.042407519733879226,0.06292065459152867
0.36093834376955974,0.04329149823508409,0.06292065459152867
0.3634066357115359,0.04373594267952853,0.06096603341852901
0.3661868184917187,0.04417818690395097,0.06050084283851825
0.36748551979042,0.045071232040854246,0.060082236763129654
0.36748551979042,0.04618171110831053,0.060082236763129654
0.3700344207785224,0.04683698882324198,0.061180521009457714
0.37271243242205127,0.047716372958590235,0.06335962826338344
0.3754926152022341,0.04882257368201733,0.06307725613255773
0.379522997671818,0.04970246776500561,0.06358488972526576
0.379522997671818,0.05035774547993706,0.06358488972526576
0.38199128961379414,0.050575373336302666,0.061923432368867694
0.38199128961379414,0.05145526741929095,0.061923432368867694
0.3834727710952756,0.051895117497878784,0.06189350649581504
0.3834727710952756,0.052117339720101005,0.06189350649581504
0.3846423617385505,0.05278796870896946,0.06053325524035975
0.38742254451873326,0.05301019093119168,0.05959928458538035
0.39020272729891603,0.05410072435885436,0.058849211957625484
0.39267101924089226,0.055213597572145244,0.057270753785794805
0.39396972053959356,0.05654189842177974,0.05726024844596964
0.3968305123659026,0.057859442363333846,0.05919543209799681
0.39812921366460385,0.05895916452270975,0.05923646146213744
0.3996106951460853,0.06006316502611484,0.05879997419471715
0.40099000549091296,0.06115829281963413,0.06124945266641694
0.40332918677746266,0.06293292231190765,0.05832788693708271
0.4073595692470466,0.06469239445605679,0.05908423741334085
0.41170184255483716,0.06733533515377078,0.061164648538398994
0.41521061448466173,0.06867250871329109,0.05728388927225382
0.4235026612159098,0.06956775407021636,0.05734156365350801
0.4249841426973913,0.07001427663866801,0.05661491573106568
0.43013044628289643,0.07089825513987287,0.0573833478077422
0.43673129183111037,0.0724421057218658,0.05329915387982427
0.4391995837730865,0.07398426603147674,0.051926433905007195
0.44346124803475073,0.07575002281386448,0.050747216148929714
0.44346124803475073,0.07751597352206481,0.050747216148929714
0.4477013502058874,0.07971957408883097,0.05535889744137767
0.44908066055071494,0.0812655027948311,0.05795840688328626
0.45438280480022775,0.08390895344018509,0.054496120881779554
0.45586428628170916,0.08634773335727589,0.05410371034628706
0.4621801805104891,0.08855812850992065,0.053803138614251504
0.4679233262536348,0.09011104572761197,0.05220792558058031
0.47444894018396744,0.0927612909588446,0.05592311116907391
0.48081850394010106,0.09453403625292356,0.054748369997035126
0.48635730740993893,0.09718875375399796,0.0589932025821074
0.4889062083980414,0.10138783178470531,0.060647751021641945
0.49038768987952286,0.1051441556433502,0.06017502733725701
0.49579738269393436,0.10866082788182871,0.06419466176414361
0.4985775654741172,0.11262194456475164,0.06364378914766905
0.5106366054460428,0.11837952057793628,0.06221239930779364
0.5147691590522807,0.1234618732363959,0.059848512843997705
0.5214506136466209,0.1303371825843384,0.059219496456132566
0.5295868197138615,0.13606483175289952,0.06374999582674185
0.5394409569727174,0.1422225604908974,0.06435342264060462
0.5467703916705732,0.1524188661549558,0.059588797695724935
0.5548527187002686,0.160132892655409,0.05502184981546984
0.5819766239003988,0.17599354142421958,0.0775788972930908
0.5909166507351625,0.1852434435960451,0.07325708602556251
0.6063822915002588,0.1953838746629245,0.07212526274992237
0.6251764555938785,0.20691355199376335,0.0714668541489702
0.6319064117975189,0.2175025621895208,0.0681298671369511
0.6446914045825117,0.23268656313021677,0.06097569100404617
0.6607271574966674,0.25032879161292704,0.058479305544583186
0.6796452643276599,0.2699686475133834,0.055337666660709654
0.7314193529801515,0.31106408187144735,0.044962465592835864
0.7674624038326398,0.3706088016368333,0.05458961140423106
0.8119725820996239,0.49656922895759303,0.09224599936579059
0.8970222491093635,0.6580031598468155,0.0872315120106058
0.9401169590643275,0.778659161011341,0.07994184131319913
0.9840155945419102,0.9149257465091433,0.029133008486969827
1.0,1.0,0.0
1.0,1.0,0.0
1.0,1.0,0.0
1.0,1.0,0.0
1.0,1.0,0.0
