tp_ave_seq,fp_ave_seq,std_tp
0.0,0.0,0.0
0.0,0.0,0.0
0.0,0.0,0.0
0.0,0.0,0.0
0.0,0.0,0.0
0.0,0.0,0.0
0.0,0.0,0.0
0.0,0.0,0.0
0.0,0.0,0.0
0.0,0.0,0.0
0.0,0.0,0.0
0.0,0.0,0.0
0.0,0.0,0.0
0.0,0.0,0.0
0.0,0.0,0.0
0.0,0.0,0.0
0.0,0.0,0.0
0.0,0.0,0.0
0.0,0.0,0.0
0.0007092198581560283,0.0,0.0014184397163120568
0.0056737588652482265,0.0002325581395348837,0.011347517730496455
0.02127659574468085,0.0006976744186046512,0.0425531914893617
0.03687943262411347,0.0011627906976744186,0.07375886524822695
0.0496306146572104,0.0011627906976744186,0.09753438947183501
0.0658983451536643,0.0011627906976744186,0.12496806985062729
0.08342198581560284,0.0018620990142149119,0.13773765876739813
0.10155141843971631,0.0025630412286912476,0.14519752970405989
0.1204048463356974,0.003730733620173193,0.15951174507156549
0.13228427895981087,0.004197483797178802,0.17053856242003554
0.16707628659756318,0.0046584332042640415,0.17047096137194592
0.2248465630114566,0.006489894470941254,0.19068060011972343
0.2502220858337879,0.006950843878026493,0.2060386636944931
0.2782873522458629,0.008816945509936088,0.22407369912919003
0.30110628296053826,0.010409856166081036,0.22069431527976976
0.36237249997426635,0.011533474522242635,0.19004501753508865
0.41910951562376697,0.013579943397485101,0.15015384296909098
0.46218485024721473,0.01607052649858086,0.10708362529177941
0.4984247139274037,0.018110853507390223,0.06819484676298902
0.5220146832871844,0.019021761390117624,0.05328354690141628
0.5334861153142767,0.02015755756357819,0.05210593599814808
0.5553530552724852,0.021306824355760843,0.040599579790523234
0.5718644549437805,0.022677432324018854,0.03032924667595401
0.585568264384262,0.02427316376395553,0.02451312676792329
0.593643574818063,0.02541188663677506,0.022768676664961848
0.6011132651905835,0.02632764358451244,0.026784811361398726
0.6092779232587744,0.026784416970684094,0.025894236325836317
0.614500455485903,0.0277034325653641,0.024873363069920326
0.6213067322703613,0.028159532907439354,0.025921768554979404
0.6258345584274327,0.028843683420552248,0.027860525539154503
0.6333190242136649,0.029525248330818897,0.030547221347731263
0.6378473261004574,0.029981348672894155,0.033518770310259266
0.6460574812916241,0.03043975595700165,0.037327764330709445
0.6512943132027436,0.031120071545713678,0.035998540798185034
0.6558366531479137,0.031354263583184404,0.03867962925640216
0.6624171384505588,0.03158231375422203,0.03448204744783389
0.6684541844657863,0.03204162926337143,0.03632211106024171
0.6729512889135931,0.03250387147187978,0.03605239231625807
0.679772341111763,0.033420921221040276,0.037362226534724645
0.6834089113972694,0.033648971392077905,0.036755777429547595
0.6862765125391581,0.03433633707226493,0.03534551249367871
0.6914387722295993,0.035014067058130725,0.037265187479300535
0.6937332166740438,0.03570143273831775,0.037070054366493715
0.6966610903526199,0.03570143273831775,0.03702706061976467
0.6981850381029828,0.036169816813259204,0.03838193386180286
0.7004489749422709,0.036169816813259204,0.03837701403445587
0.7033911007833329,0.03708303163801884,0.03757285640540121
0.7070894236344859,0.037541438922126344,0.039660766542881636
0.7085533604737739,0.03821662678501439,0.03979138089682682
0.7100172973130622,0.038675034069121886,0.04000214078937547
0.712386528082293,0.038675034069121886,0.03983112670001665
0.7131865280822929,0.03957697930162445,0.039775120480786866
0.7146504649215809,0.03981117133909518,0.03995044504278371
0.716159684779737,0.040035386585731955,0.038885506622613954
0.7169144017608691,0.04026214395534647,0.040155106142354194
0.7197524520753344,0.04118279344796232,0.041004068916780094
0.7212161272890096,0.04163505886563672,0.04095782896479949
0.7226197915916102,0.04208986640628886,0.03987028411134042
0.7248234558942107,0.042765054269176914,0.038695862043440034
0.7294110788582486,0.042765054269176914,0.03978698060811324
0.7301055233026931,0.0432160268854282,0.03980695136378646
0.7323546847282697,0.0432160268854282,0.04101527486559085
0.7330491291727141,0.0436753423945776,0.041102299735059904
0.7345128043863893,0.04389955764121437,0.041209153003239345
0.7374564102564103,0.04436179984972273,0.04263900237270931
0.7381656301145663,0.044812772465974,0.04146909102878288
0.7381656301145663,0.044812772465974,0.04146909102878288
0.7381656301145663,0.044812772465974,0.04146909102878288
0.7388748499727222,0.044812772465974,0.040315139099656803
0.7403385251863975,0.044812772465974,0.040465250702803504
0.7403385251863975,0.0452650378836484,0.040465250702803504
0.7403385251863975,0.04618439457484114,0.040465250702803504
0.741742189488998,0.04618439457484114,0.039549898639095075
0.7446552877538626,0.04664280185894863,0.040958675322608024
0.7446552877538626,0.04687699389641936,0.040958675322608024
0.7454245185230933,0.04687699389641936,0.040871152455283555
0.7461792355042254,0.04732542438969291,0.04202974581876282
0.7476884553623815,0.0482486160052865,0.040755194797003916
0.7506763399520324,0.048476666176324124,0.041987718142766264
0.7514763399520324,0.048476666176324124,0.04181442730581313
0.7522455707212632,0.04870342354593864,0.041744757069855455
0.7544344596101521,0.04961049650426518,0.04195453665058108
0.7559729211486136,0.049837253873879696,0.04190472658397968
0.7559729211486136,0.05075430362304019,0.04190472658397968
0.756667365593058,0.05143461921175221,0.042115935854819146
0.757467365593058,0.05165883445838898,0.04198147529540081
0.757467365593058,0.05165883445838898,0.04198147529540081
0.7582220825741901,0.052335315122700156,0.043097595615343126
0.7589165270186345,0.052335315122700156,0.043322596716075176
0.7596712439997667,0.05256950716017088,0.04444450955756521
0.7604259609808988,0.053726549716722485,0.04558879528101391
0.7620259609808988,0.05440303038103365,0.04540501271925072
0.7620259609808988,0.05485529579870805,0.04540501271925072
0.7627351808390548,0.05508205316832256,0.044255455136304994
0.7634296252834993,0.05554046045243005,0.044458343272677316
0.7642296252834992,0.05600270266093841,0.04442540811402426
0.7672625312664053,0.05646331097151093,0.04449942254690904
0.7687262064800805,0.05691682571073995,0.04472095756736606
0.7702646680185421,0.05691682571073995,0.04484399627748187
0.7702646680185421,0.057611626058783186,0.04484399627748187
0.7723923275930101,0.05806389147645759,0.041156745179406026
0.7739162753433729,0.05806389147645759,0.04232696522513809
0.774670992324505,0.0582906488460721,0.043410664943771195
0.775380212182661,0.059193886879997784,0.04223268234155728
0.7761349291637931,0.05942644501953267,0.04335896175746671
0.7761349291637931,0.06011577654523921,0.04335896175746671
0.7761349291637931,0.06079479933252811,0.04335896175746671
0.7761349291637931,0.06124831407175715,0.04335896175746671
0.7761349291637931,0.061482506109227876,0.04335896175746671
0.7768293736082375,0.06194474831773622,0.04351844865049333
0.7768293736082375,0.06240152170390788,0.04351844865049333
0.7776293736082376,0.06240152170390788,0.04338534747091977
0.7792293736082375,0.06308505245969405,0.043295662365023184
0.7800293736082374,0.06308505245969405,0.04333944371877545
0.7808293736082376,0.06377150991483918,0.043442149855638185
0.7815840905893696,0.06423211822541168,0.04450945201748464
0.7823533213586004,0.06468438364308607,0.04452195584551033
0.7823533213586004,0.06515113382009169,0.04452195584551033
0.7823533213586004,0.06559956431336524,0.04452195584551033
0.7852664196234649,0.06652692280094336,0.04560000410200457
0.7860356503926956,0.06720954533168762,0.045614971727362
0.7860356503926956,0.06766564567376288,0.045614971727362
0.7868048811619264,0.06812174601583812,0.045681775853001684
0.7875141010200825,0.06834850338545265,0.04448355806688748
0.7875141010200825,0.06903496084059778,0.04448355806688748
0.7883141010200825,0.06926751898013266,0.04452105543063886
0.7890688180012145,0.06949556915117029,0.0456265880969595
0.789763262445659,0.06971978439780706,0.04568722662694406
0.790517979426791,0.07017588473988232,0.04680269656031431
0.7912872101960218,0.07063649305045483,0.046857365201794454
0.7919964300541779,0.0713254926285777,0.04567545272254108
0.7927964300541779,0.0722425423777382,0.045703530425147694
0.7958000943567785,0.07270094966184569,0.04474967362599588
0.7980637695704536,0.0731676998388513,0.04498385468113618
0.7988330003396843,0.07362864924593654,0.04504323325344616
0.8003114509670712,0.07455054806010701,0.043907540100531516
0.8003114509670712,0.0747831061996419,0.043907540100531516
0.8026499125055327,0.0750098635692564,0.04441227309739477
0.8033591323636887,0.07616177839998403,0.04315155600216487
0.8041591323636886,0.07662238671055654,0.04334099876128916
0.8057591323636887,0.07732169502709704,0.04389274370624676
0.8081283631329195,0.07800584554020992,0.04483188025678889
0.8103172520218085,0.07892520223140265,0.04515920929404749
0.8103172520218085,0.0793819756175743,0.04515920929404749
0.8117356917381204,0.08006229120628634,0.042554673448980736
0.8117356917381204,0.08188905280338929,0.042554673448980736
0.8133049225073512,0.08440864890301596,0.0431850681219004
0.8161577482355282,0.085083836765904,0.04264460565840766
0.8175614125381288,0.08599705159066365,0.04134991108630323
0.8175614125381288,0.0869054173504133,0.04134991108630323
0.8182706323962847,0.08850125470591721,0.040042733511333854
0.8203835165570412,0.08987671173918518,0.03747388832983661
0.8218927364151973,0.09124473410459698,0.036630534916915404
0.8226474533963295,0.09215631503142077,0.03752146654899497
0.8255910592663505,0.0937556462148128,0.03896335882063933
0.8263910592663504,0.0967133640692954,0.039453233527300804
0.8270855037107946,0.0985410865202378,0.03953866670180556
0.8301639543381814,0.1008291386209387,0.03929205954512994
0.8325639543381815,0.102432977772828,0.04135358463875611
0.8349024158766432,0.10426554013985131,0.04201697284194578
0.8365024158766431,0.10724450437742492,0.04367125228334483
0.83798086650403,0.10952990843958088,0.042396217243782224
0.8441232539707049,0.11437723777122784,0.04425551977167623
0.8449232539707049,0.11848562113488341,0.04528259957100627
0.8500997658236319,0.12416719675396155,0.04634215878300207
0.852318158018439,0.13078659814340018,0.04675374721967256
0.855305828503982,0.1371891754741898,0.04527374273113231
0.858369503717657,0.14655401295889864,0.04724786920769626
0.8635768323228581,0.15910262927379715,0.047919456061818924
0.8672751551740111,0.17734337610826534,0.04958335821767296
0.875380806630365,0.2053470164745977,0.05128108646938636
0.8814486218763617,0.2549517258056483,0.054663457323021886
0.8957712330200689,0.33359777991961315,0.05880160293823307
0.9114690578389896,0.42968190512934906,0.057778191356938985
0.9417456218454813,0.540468875202716,0.05543662202293671
0.9690141946906298,0.7580815740861502,0.03989440950878702
0.9846153846153847,0.8795918367346939,0.03076923076923075
0.9915384615384616,0.9240362811791384,0.016923076923076905
1.0,1.0,0.0
1.0,1.0,0.0
1.0,1.0,0.0
1.0,1.0,0.0
1.0,1.0,0.0
