tp_ave_seq,fp_ave_seq,std_tp
0.0,0.0,0.0
0.0,0.0,0.0
0.0,0.0,0.0
0.0,0.0,0.0
0.0,0.0,0.0
0.0,0.0,0.0
0.0,0.0,0.0
0.0,0.0,0.0
0.0,0.0,0.0
0.0,0.0,0.0
0.0,0.0,0.0
0.0,0.0,0.0
0.0,0.0,0.0
0.0,0.0,0.0
0.000970873786407767,0.0,0.001941747572815534
0.0048543689320388345,0.0,0.009708737864077669
0.007766990291262136,0.0,0.015533980582524271
0.008737864077669903,0.0002178649237472767,0.017475728155339806
0.012548770528990108,0.0002178649237472767,0.020742894152025525
0.0175894707059474,0.0006555100672747732,0.025361530056155827
0.026317846404289524,0.0008733749910220499,0.030238887140373805
0.035932049115369985,0.001752495870142929,0.04104033472230167
0.03902093429369281,0.0021894313559383495,0.04210714399770262
0.0449092773271225,0.002627076499465846,0.04593791721057212
0.05416833429187371,0.002627076499465846,0.0437630645378156
0.06863000736421264,0.0032754697989469785,0.04497239130462739
0.0754715581880139,0.004154590678067857,0.04829501670163923
0.08469004034295953,0.005012999285167564,0.04897215434793906
0.09486076793319369,0.00523086420891484,0.051904905258070615
0.10497514452669658,0.006102819884472739,0.051390135197458525
0.1161960839159012,0.006958603537807426,0.050107418732935845
0.1283592013145754,0.007610778993585104,0.05377035080604163
0.13511142490205708,0.009355895983001768,0.05863399632139737
0.1433910471551002,0.010228561316291743,0.057496419195963114
0.152839753472337,0.010445716582306943,0.05714845703524258
0.161342001317454,0.011101226649581717,0.05212800540905109
0.16733590928478287,0.011321006869361935,0.05356847517395071
0.17373630523350242,0.011742503181269206,0.052106198365616266
0.18164975195931435,0.012177523371031684,0.046622132097708054
0.19289691826985544,0.012397303590811905,0.047739327471335725
0.20534757318263513,0.013268549608637728,0.05093212225190826
0.21382968617611428,0.014569709587745477,0.05101121594764297
0.22321587122485914,0.015442374921035451,0.04921822520043556
0.22724940326825321,0.016317665208090443,0.04944609009489099
0.23263835062075938,0.01652708929186008,0.04723882723849179
0.23780467238119168,0.017181889701402775,0.04928821247712318
0.2444582013059718,0.017828367704850967,0.048281174726326065
0.2529360338368008,0.01825889608058482,0.048222926179804046
0.25392125551167766,0.01869583156638024,0.047211316943037575
0.26261164620876165,0.019772105097227224,0.04695227839275916
0.27053970317868875,0.020192277336950493,0.04810635581588701
0.2757017444764709,0.02083222979645398,0.04769557579542074
0.2834169809244969,0.021682930411911105,0.045185363679582626
0.2874767398892275,0.02273534711949528,0.04711728566059386
0.29057997295601945,0.02359898038895867,0.04779750701312049
0.2937195003699668,0.024456797772209438,0.04709150306721414
0.3021872654749769,0.024673953038224637,0.051674555261553214
0.3081668255538367,0.025094125277947903,0.054295242072758786
0.31244921011064114,0.025521414285464818,0.052593308550519295
0.31837812795387643,0.02573216244141845,0.057852169208824585
0.32168963872427314,0.025951942661198667,0.05600410023952493
0.32940487517229916,0.02745157936421653,0.05402995575535951
0.3389085041878106,0.02789113980377697,0.055532902670721626
0.3389085041878106,0.02875931332303832,0.055532902670721626
0.3439171904802626,0.028976468589053523,0.057998478345163626
0.34705671789420994,0.029837525340521233,0.05762362622612297
0.35031330596633203,0.030264104690306066,0.0552778108365195
0.3522837493160857,0.030264104690306066,0.05307155112811277
0.3541892025417458,0.0304735287740757,0.054502161601556624
0.3576989235899284,0.03219616187448774,0.054830155307190015
0.36057525060199624,0.03284647047000181,0.056220957528734274
0.36371477801594365,0.033492238815717924,0.05595643828215051
0.3646856518023514,0.0339137351276252,0.05608051330357727
0.3699651370669001,0.03434875531738767,0.05847191429620769
0.37419687938808005,0.03519754063681185,0.059572833168438886
0.3753803113407428,0.035617712876535125,0.060524493815528296
0.3796264015503919,0.03670566661557669,0.060203159659338756
0.3825314243393979,0.03692282188159189,0.059033644164158475
0.38481713862511213,0.03713357003754553,0.05651450003023398
0.38908517529344755,0.037350725303560726,0.056719473564504234
0.3921984757860584,0.03799200183524822,0.05301575059880052
0.39524678615457565,0.038431562274808664,0.053243214061131396
0.39623200782945245,0.03951223237640412,0.0519667955849825
0.3985177221151668,0.03951223237640412,0.04977395322680802
0.40160660729348957,0.040164407832181795,0.05210470372003725
0.40590333973876314,0.040381563098196994,0.04938682430669994
0.4111608785446256,0.04059231125415063,0.05156000530901822
0.4132746094738905,0.04080173533792027,0.050601705245578214
0.4175206996835395,0.04122190757764353,0.05045401716789036
0.41866355682639667,0.042086132070955865,0.04945178360951542
0.42081786256546716,0.042086132070955865,0.05074600552111473
0.42196071970832427,0.04273249164052092,0.04980515015861128
0.4229459413832012,0.04316169594407078,0.04839582396084734
0.4240887985260583,0.043596716133833244,0.047494723150652327
0.4281991997264134,0.043596716133833244,0.047554864181475275
0.43130243279320535,0.04445644881311696,0.04841858030883365
0.4343507431617225,0.044676229032897176,0.04855235963781292
0.4354936003045797,0.045111249222659654,0.04765478892342296
0.438556258561566,0.04553274553456692,0.046376348394198734
0.438556258561566,0.04617007304030539,0.046376348394198734
0.4395414802364429,0.04658892120784466,0.04492765724678446
0.44341737681185667,0.04743832094172077,0.04330137854066517
0.44558603043939626,0.04828710626114495,0.04317939463575857
0.44672888758225343,0.04893155053467706,0.04217284901914922
0.44864868869638264,0.04893155053467706,0.041970116293279305
0.45277343778520673,0.050213322313947636,0.040708115362596636
0.45488716871447166,0.05065096745747514,0.039583662156134874
0.45488716871447166,0.05107887087944398,0.039583662156134874
0.45582174815372395,0.05151460072693853,0.040677796323497474
0.45675632759297635,0.05151460072693853,0.041826874466149785
0.45789918473583346,0.052581842193958936,0.04079420108408073
0.4600129156650984,0.05302140263351938,0.03984673140604685
0.4652298796611552,0.05323215078947301,0.03984656193294117
0.46755616875667505,0.053875885405273036,0.04018008490516408
0.4694759698708042,0.05473370278852381,0.03988955043788498
0.4694759698708042,0.05495085805453901,0.03988955043788498
0.4694759698708042,0.0556056584640817,0.03988955043788498
0.47468865340421085,0.056683870481564626,0.036823105671578954
0.4799824865572287,0.05776919926684117,0.03788425187562528
0.4852644406773791,0.05884287103452612,0.0340974103587065
0.486249662352256,0.05992819981980267,0.03277527889211441
0.488155115577916,0.06058562518311038,0.033745062601131304
0.48912598936432383,0.06143573457471857,0.03386218378936882
0.4939727597261454,0.062074386152641034,0.0327530782646478
0.49698477574750727,0.06292376269591417,0.03362815835525009
0.4981276328903643,0.06335237577561507,0.03252801110007459
0.5010326556793705,0.0635617998593847,0.03114065962051693
0.5040809660478877,0.06461929960484644,0.031400036159899565
0.5069716409484245,0.06526445353611063,0.03164399499123004
0.5101111683623719,0.0657001833836052,0.031503764570230644
0.5110457478016243,0.06635689908918083,0.03275911807425658
0.5143066163363964,0.06701432445248853,0.033637103097224015
0.5143066163363964,0.06701432445248853,0.033637103097224015
0.5164203472656614,0.067650327886043,0.03270686952135349
0.5187872111709868,0.06829872118552413,0.03459023695518677
0.5206926643966469,0.06871889342524742,0.03593068938506751
0.5235689914087148,0.06979325166006145,0.03771359816263532
0.5265246564333455,0.07043190323798393,0.034026108117916405
0.5326661324428356,0.0708533995498912,0.03965888515841903
0.5369122226524846,0.07107317976967141,0.03933824997298553
0.5398248440117079,0.07215325864741792,0.04026052164222364
0.5408100656865847,0.07323605772220962,0.039137702086747404
0.5441115090311625,0.07388182606792573,0.04209328100335104
0.5450967307060394,0.07474474967965704,0.041036013625355604
0.5470165318201686,0.07560055652359471,0.041181025084606165
0.5470165318201686,0.07710983970489108,0.041181025084606165
0.549093968402278,0.07776464011443376,0.040877150830518454
0.5520065897615013,0.07842015018170855,0.04193119552413101
0.5520065897615013,0.07905747768744702,0.04193119552413101
0.553977033111255,0.07971490305075472,0.03997403558114736
0.5570396913682414,0.08187137389323136,0.038642818434470934
0.5608143034724062,0.08315446974468595,0.0428543362135776
0.5638769617293924,0.08423726881947764,0.04180505919474989
0.5669658469077155,0.08574917695453903,0.043992045910494874
0.5698928161554078,0.08660436938402476,0.04395785751753621
0.5758604972014,0.08852810416211193,0.04275698402688592
0.5758604972014,0.08917387250782804,0.04275698402688592
0.581077461197457,0.09025849163537251,0.042496488622236255
0.5841907616900677,0.09198377288015255,0.03958432777803906
0.5861612050398215,0.09370188892136963,0.03864361238049039
0.5882892838575554,0.09544523429380283,0.03651013246201378
0.5956343266713462,0.09631016844484723,0.03412659409675553
0.596605200457754,0.09848207846121201,0.03436047478582621
0.600624384612679,0.09977491603422525,0.0347834975975471
0.6066545869271633,0.10150672282295,0.03634679144645452
0.607625460713571,0.10301205697829734,0.03691663965162469
0.6128280768211588,0.10514393814917611,0.03761297996938435
0.616875956753022,0.10664884795032699,0.036380987133180345
0.6199242671215393,0.1092403389825661,0.0366371402470572
0.6239721470534023,0.112030684285401,0.0357223830246755
0.6300529916035111,0.1150331018163735,0.03619259827047752
0.6403838235173273,0.11821210340610042,0.033526089415894286
0.6515254248939693,0.1221087034433963,0.035995425009195246
0.6547862934287415,0.12492139401087979,0.03503968073559202
0.6569000243580063,0.12837973449019624,0.03426704265832431
0.6641499529723088,0.1331160393473204,0.03430868703315237
0.673871927117244,0.13786660298519818,0.02847742354668504
0.6804949486580374,0.14301196790709692,0.023555003834756474
0.6939771870186682,0.14754407539737852,0.023022435353766243
0.7013484567537954,0.15574848727423926,0.022567381573195003
0.7105989527932464,0.1613515231445576,0.022552056190365845
0.7189267484263124,0.1688932601768855,0.02495811334055381
0.7347718325852648,0.17726307025661636,0.03153418757439766
0.7454225992062835,0.18891156425834477,0.029547221108583915
0.756918618030235,0.20509691967731603,0.03060964132041287
0.7737995660996886,0.21981264389648306,0.037582557819014775
0.7942886675243803,0.24728245331892648,0.039784359869439206
0.8065573498569536,0.26822697708527554,0.04447909048076303
0.8261911316528938,0.2982877101894038,0.04321567416082467
0.8516769621351081,0.3539240041000125,0.04339722104460629
0.8751579447295237,0.42241458543079363,0.04777725893322999
0.8981901738786403,0.499830770887265,0.04592227726818528
0.9163121490423606,0.6121969145660772,0.04695682917805605
0.9474974514070178,0.7243930725294332,0.03589710829779256
0.9828984575502833,0.8532591570686645,0.018115922114377254
0.9964497041420118,0.9596091557435056,0.007100591715976324
1.0,0.9981151832460732,0.0
1.0,1.0,0.0
1.0,1.0,0.0
1.0,1.0,0.0
1.0,1.0,0.0
1.0,1.0,0.0
