tp_ave_seq,fp_ave_seq,std_tp
0.0,0.0,0.0
0.0,0.0,0.0
0.0,0.0,0.0
0.0,0.0,0.0
0.0,0.0,0.0
0.0,0.0,0.0
0.0,0.0,0.0
0.0,0.0,0.0
0.0,0.0,0.0
0.0,0.0,0.0
0.0,0.0,0.0
0.0,0.0,0.0
0.0,0.0,0.0
0.0,0.0,0.0
0.0,0.0,0.0
0.0,0.0,0.0
0.0,0.0,0.0
0.0,0.0,0.0
0.0,0.0,0.0
0.0,0.0,0.0
0.0,0.0,0.0
0.0,0.0,0.0
0.0,0.0,0.0
0.0,0.0,0.0
0.0,0.0,0.0
0.0,0.0,0.0
0.0,0.0,0.0
0.0,0.0,0.0
0.0,0.0,0.0
0.0,0.0,0.0
0.0,0.0,0.0
0.0,0.0,0.0
0.0,0.0,0.0
0.0,0.0,0.0
0.0,0.0,0.0
0.0,0.0,0.0
0.0,0.0,0.0
0.0,0.0,0.0
0.0,0.0,0.0
0.0,0.0,0.0
0.0,0.0,0.0
0.0,0.0,0.0
0.0,0.0,0.0
0.0,0.0,0.0
0.0,0.0,0.0
0.0,0.0,0.0
0.0,0.0,0.0
0.0,0.0,0.0
0.0,0.0,0.0
0.0,0.0,0.0
0.0,0.0,0.0
0.0,0.0,0.0
0.0,0.0,0.0
0.0,0.0,0.0
0.0,0.0,0.0
0.0,0.0,0.0
0.0,0.0,0.0
0.0,0.0,0.0
0.0,0.0,0.0
0.0,0.0,0.0
0.0,0.0,0.0
0.0024691358024691358,0.0,0.0049382716049382715
0.0024691358024691358,0.0,0.0049382716049382715
0.0024691358024691358,0.0,0.0049382716049382715
0.0024691358024691358,0.0,0.0049382716049382715
0.0024691358024691358,0.0,0.0049382716049382715
0.0024691358024691358,0.0,0.0049382716049382715
0.0024691358024691358,0.0,0.0049382716049382715
0.0024691358024691358,0.0,0.0049382716049382715
0.0024691358024691358,0.0,0.0049382716049382715
0.0024691358024691358,0.0,0.0049382716049382715
0.0024691358024691358,0.0,0.0049382716049382715
0.0024691358024691358,0.0,0.0049382716049382715
0.0024691358024691358,0.0,0.0049382716049382715
0.0024691358024691358,0.0,0.0049382716049382715
0.0024691358024691358,0.0,0.0049382716049382715
0.0024691358024691358,0.0,0.0049382716049382715
0.0024691358024691358,0.0,0.0049382716049382715
0.0073772959951821735,0.0,0.006023787827508642
0.0073772959951821735,0.00019940179461615153,0.006023787827508642
0.0073772959951821735,0.00019940179461615153,0.006023787827508642
0.0073772959951821735,0.00019940179461615153,0.006023787827508642
0.0073772959951821735,0.00039940179461615154,0.006023787827508642
0.0073772959951821735,0.00039940179461615154,0.006023787827508642
0.012497974403531814,0.00039940179461615154,0.0006215436652719779
0.01734806258695333,0.0005994017946161516,0.005666912119425529
0.01734806258695333,0.0005994017946161516,0.005666912119425529
0.01978708697719723,0.0005994017946161516,0.005547337838102444
0.01978708697719723,0.0007988035892323031,0.005547337838102444
0.02463717516061875,0.0007988035892323031,0.0069630595583260475
0.02463717516061875,0.0007988035892323031,0.0069630595583260475
0.02737690118801601,0.0007988035892323031,0.004309450107308637
0.02737690118801601,0.0007988035892323031,0.004309450107308637
0.02975785356896839,0.0007988035892323031,0.008997162234077389
0.034635902349456196,0.0007988035892323031,0.011124901991014862
0.03737562837685345,0.0007988035892323031,0.01068288570265767
0.042496306785203095,0.0007988035892323031,0.014931210554300604
0.042496306785203095,0.0007988035892323031,0.014931210554300604
0.042496306785203095,0.0007988035892323031,0.014931210554300604
0.04523603281260036,0.000998803589232303,0.017898405406912905
0.04523603281260036,0.000998803589232303,0.017898405406912905
0.047616985193552744,0.000998803589232303,0.02027475486978324
0.050086120996021874,0.000998803589232303,0.01795102330789388
0.05255525679849101,0.000998803589232303,0.01487345041842106
0.0602031430186013,0.000998803589232303,0.015898787667231754
0.06511130321131434,0.0013966275259286432,0.013352017742934843
0.0675804390137835,0.0019918761977245174,0.011179931524129423
0.07275918943142465,0.0019918761977245174,0.01651599145534913
0.07519821382166854,0.0021914769961277106,0.018922718005536805
0.07766734962413768,0.0025904795891470564,0.01777464935393464
0.08278802803248733,0.0025904795891470564,0.020633368612490124
0.08278802803248733,0.0025904795891470564,0.020633368612490124
0.08278802803248733,0.00279008038755025,0.020633368612490124
0.08522705242273122,0.0029896811859534437,0.0228384416963421
0.08769618822520035,0.0031892819843566374,0.022156364983265914
0.0901653240276695,0.0035886837789727887,0.018057926347822967
0.0975727314350769,0.0037880855735889403,0.015691151572427457
0.10004186723754604,0.003987686371992134,0.018369947197639555
0.10004186723754604,0.004386688965011478,0.018369947197639555
0.10004186723754604,0.004386688965011478,0.018369947197639555
0.10004186723754604,0.004386688965011478,0.018369947197639555
0.10491991601803385,0.004586090759627631,0.02296539523780303
0.10730086839898623,0.004985093352646975,0.02114927574434716
0.10730086839898623,0.005382917289343316,0.02114927574434716
0.1121208451701825,0.00578251808774651,0.02357244810589952
0.11455986956042641,0.00578251808774651,0.027320057004058953
0.11455986956042641,0.0061819198823626605,0.027320057004058953
0.11455986956042641,0.0061819198823626605,0.027320057004058953
0.11455986956042641,0.006381520680765853,0.027320057004058953
0.11455986956042641,0.006581121479169047,0.027320057004058953
0.11455986956042641,0.0067805232737851995,0.027320057004058953
0.11702900536289555,0.0069805232737852,0.028543080621001207
0.12193716555560859,0.0073797248705915865,0.02900340765038839
0.1268453257483216,0.007776950601904078,0.030658807906537563
0.13169541393174314,0.00797635239652023,0.027253982379958044
0.13687416434938432,0.008176352396520231,0.030199558376431783
0.13687416434938432,0.008176352396520231,0.030199558376431783
0.13687416434938432,0.008573777131619765,0.030199558376431783
0.13687416434938432,0.008573777131619765,0.030199558376431783
0.13934330015185345,0.009172580720852067,0.0284459996891052
0.14172425253280582,0.009172580720852067,0.027114655350523452
0.14419338833527498,0.00956980645216456,0.0270249456321709
0.1469331143626722,0.009969008048970945,0.025412992871932577
0.1493721387529161,0.010168409843587098,0.03007794978844715
0.15181116314316,0.010966216025838745,0.03480138847881559
0.15181116314316,0.011563441757151238,0.03480138847881559
0.15181116314316,0.01176284355176739,0.03480138847881559
0.15428029894562917,0.011960667488463727,0.03489174979216788
0.15702002497302642,0.012954719749491908,0.033951391250255064
0.15945904936327032,0.013351945480804397,0.03848807844148255
0.16192818516573942,0.01395134727542055,0.03644077076633061
0.1646679111931367,0.01454699514881323,0.03600482328107258
0.16704886357408907,0.014746595947216423,0.034036346637956294
0.16951799937655823,0.015344801331064879,0.03391885712568547
0.17195702376680214,0.01574262526776122,0.03844017109700231
0.17439604815704604,0.01654043145001287,0.04303946281066478
0.17987550021184054,0.016939633046819256,0.04315978520239573
0.17987550021184054,0.017139633046819255,0.04315978520239573
0.18234463601430967,0.017538436636051556,0.04085962539298074
0.18478366040455357,0.018135861371151092,0.04531086749141329
0.18960363717574988,0.018535263165767247,0.04791286267535886
0.192072772978219,0.01913208969548293,0.04599250451821579
0.20171272652061162,0.019529315426795417,0.052554555719759775
0.20418186232308072,0.020127520810643878,0.05082142986033153
0.20665099812554985,0.020326922605260027,0.04952198695614038
0.21152904690603766,0.02072572619449233,0.059210820979107195
0.21152904690603766,0.021124728787511676,0.059210820979107195
0.21390999928699003,0.021324329585914868,0.05806596264846315
0.2188181594797031,0.021923332178934215,0.06138158903306727
0.22619545547488523,0.022322334771953563,0.06427319675858535
0.2286645912773544,0.0227201587086499,0.06287217583899493
0.2335426400578422,0.023317583443749432,0.07257785515778888
0.23902209211263675,0.023716586036768777,0.07021380831538353
0.24631120468630216,0.02391440997346512,0.07216323717807337
0.25360031725996757,0.024910439294009913,0.07453836901852098
0.2563400432873648,0.026106467420531985,0.07346684874204831
0.2612783148923031,0.026705869215148136,0.07096495757531422
0.26365926727325545,0.02770229654326702,0.06953363683876168
0.2743174697456911,0.03009197772922046,0.0725245326550265
0.27678660554816026,0.03128880425893614,0.07132951841830362
0.28190728395650994,0.032685031389245264,0.06979398879817662
0.2871161457863763,0.03447788604548302,0.06818302221617667
0.29714498438743897,0.037266970220075336,0.06986888167868657
0.30693334417579876,0.03946020751748793,0.06322926715752077
0.3169041107675699,0.041853443620877805,0.05933959579912487
0.33446469157015984,0.04404629827711556,0.05343290277719784
0.3466920757487636,0.04683695911560497,0.050558840264345595
0.36201795960120936,0.051022853259491,0.05259306670021721
0.3900242246605984,0.05460481103878849,0.05958420666017759
0.41770182748576784,0.0587873658294471,0.058267321060102184
0.4399881616776594,0.06436078285042761,0.04756714652495674
0.4668141300895505,0.07092431696187047,0.07965869191735131
0.4965078716888495,0.08285299735754267,0.06721368471876726
0.5680248033182659,0.11426548784618029,0.09617031359772589
0.7243721240213054,0.41849141791562366,0.17988509086538126
0.796111326192627,0.49025996620915696,0.16735130312945845
0.8903729513485612,0.6371203578884106,0.09784052247908329
0.9926829268292682,0.9459085816403086,0.014634146341463428
1.0,1.0,0.0
1.0,1.0,0.0
1.0,1.0,0.0
1.0,1.0,0.0
