tp_ave_seq,fp_ave_seq,std_tp
0.0,0.0,0.0
0.0,0.0,0.0
0.0,0.0,0.0
0.0,0.0,0.0
0.0,0.0,0.0
0.0,0.0,0.0
0.0,0.0,0.0
0.0,0.0,0.0
0.0,0.0,0.0
0.0,0.0,0.0
0.0,0.0,0.0
0.0,0.0,0.0
0.0,0.0,0.0
0.0,0.0,0.0
0.0,0.0,0.0
0.0,0.0,0.0
0.0,0.0,0.0
0.0,0.0,0.0
0.0,0.0,0.0
0.0,0.0,0.0
0.0,0.0,0.0
0.0,0.0,0.0
0.0,0.0,0.0
0.0,0.0,0.0
0.0,0.0,0.0
0.0,0.0,0.0
0.0,0.0,0.0
0.0,0.0,0.0
0.0,0.0,0.0
0.0,0.0,0.0
0.0,0.0,0.0
0.0,0.0,0.0
0.0,0.0,0.0
0.0,0.0,0.0
0.0,0.0,0.0
0.0,0.0,0.0
0.0,0.0,0.0
0.0,0.0,0.0
0.0,0.0,0.0
0.0,0.0,0.0
0.0,0.0,0.0
0.0,0.0,0.0
0.0,0.0,0.0
0.0,0.0,0.0
0.0015151515151515152,0.0,0.0030303030303030303
0.0015151515151515152,0.0,0.0030303030303030303
0.003077651515151515,0.0,0.0037700812949610575
0.009640879953379953,0.0,0.00901784461566012
0.011203379953379954,0.0,0.011584540740049986
0.014688956876456877,0.00020161290322580645,0.01446680705789391
0.022359411421911425,0.0004032258064516129,0.021427231818187776
0.025797639860139866,0.0008056419225288249,0.022633372875812966
0.03736159673659674,0.0008056419225288249,0.03196421807643506
0.043668414918414916,0.0010064451353802306,0.03545139066421266
0.04856424825174825,0.0012025235667527795,0.03495042554271901
0.06321532634032634,0.0016049396828299914,0.042124320567271764
0.0740202505827506,0.0018065525860557982,0.05161958612217303
0.0771452505827506,0.002209778392507411,0.05452925343595167
0.0939656177156177,0.003209804070337611,0.060373227841385366
0.10516826923076923,0.003612220186414823,0.0647357053621445
0.1120920745920746,0.0038138330896406295,0.06775184187311951
0.12642919580419582,0.0046162556058202435,0.07356607909821289
0.13812062937062938,0.00582030390285106,0.0695664250821438
0.15597683566433568,0.006422732896553669,0.07047320620032108
0.16889447358197357,0.006820545815681528,0.07533450828155693
0.1807942404817405,0.0072237716221331405,0.06833633502768653
0.18739486208236208,0.008615360707334305,0.0656568370046329
0.19707774864024863,0.00881616392018571,0.06640547732904456
0.20705905205905206,0.009216980010662512,0.06175112375870059
0.2153885003885004,0.009614671345260867,0.06262612091504247
0.23053685897435897,0.009810749776633416,0.06246966925114777
0.24250339937839938,0.010810276649560246,0.06047049082482806
0.24875825563325565,0.011804862506007954,0.06600143281489028
0.2553634906759907,0.01240116357248317,0.06429867373321278
0.2701039238539239,0.013004382901411787,0.06925449870616938
0.27968264374514373,0.0134076087078634,0.07123614910425845
0.2878931138306138,0.014403106484066622,0.06896627646518338
0.2965877525252525,0.015002316071420019,0.06809163296519093
0.30662660256410257,0.016003348319476494,0.06749228541214547
0.31348824786324786,0.017208996642107722,0.06447649572649573
0.32378812160062165,0.017797231936225365,0.06212794514236754
0.32872668997668997,0.018197454571328035,0.0609441386925765
0.342359897047397,0.018997683606533106,0.06008169346601466
0.3528066724941725,0.01939769000663551,0.05562807018863316
0.35770250582750585,0.019795381341233865,0.057774550010415995
0.36607930264180266,0.020596420066813337,0.057281655456669335
0.3774341977466978,0.021190904872687877,0.060030524477683714
0.3789493492618493,0.021990202632989043,0.06202029571574933
0.38602466977466976,0.02258603182861963,0.060687231811828786
0.39606351981351984,0.022978188691364726,0.059196012730420966
0.39798659673659675,0.02397277454781243,0.05799985161879915
0.4031815753690754,0.02557425854359724,0.05453472184294726
0.41029963092463095,0.02636169702496588,0.0504394093803153
0.41812160062160064,0.027565839972467466,0.056094599768924495
0.4232264957264958,0.028365475552298403,0.058104714645012906
0.4281798756798757,0.029365124009754735,0.0616991157666349
0.43151320901320905,0.02996214011613359,0.06321940229309793
0.43151320901320905,0.0307576443698598,0.06321940229309793
0.4383321192696192,0.03135466047623865,0.06496217826047541
0.4414097707847707,0.03195015185233947,0.06699923772122932
0.44333284770784775,0.03254936143969287,0.06658212824708737
0.4550009712509713,0.03452952363854145,0.07122846213173313
0.46200951825951825,0.03512801818599121,0.06584238419362225
0.46544774669774674,0.03552883427646801,0.0676865038789233
0.47228535353535356,0.03593125039254523,0.05548570637781062
0.4742084304584305,0.03692777409412311,0.055579713566962195
0.481283750971251,0.038130419245405396,0.05708315701671115
0.4829931526806527,0.039130641803087465,0.05394871961763585
0.4862223193473193,0.039331445015938875,0.05468550292696681
0.487931721056721,0.040121414797811825,0.05152492902815146
0.495853243978244,0.041513003883012996,0.05494172319900866
0.495853243978244,0.04270964269159738,0.05494172319900866
0.5014087995337996,0.04330906851395105,0.052785815822471105
0.5044864510489511,0.04390908779167885,0.05431084350498438
0.506409527972028,0.04450538885815407,0.054965166584984564
0.5083326048951049,0.04530401786775872,0.05587716127385026
0.5098477564102565,0.04550262759963559,0.057756021175302354
0.5148904914529915,0.04630364697006667,0.05604486019625511
0.5181196581196581,0.04690054149191602,0.05634715455356977
0.5213488247863248,0.04709661992328857,0.05692375693597121
0.5228639763014763,0.047496626323390974,0.05862873599390352
0.5262400446775446,0.04809583591074437,0.05671770981661378
0.5279067113442113,0.04849605854584704,0.057989353545139004
0.5294692113442113,0.04928602832772,0.05753030800484615
0.5331016899766899,0.04948463805959685,0.05490996866766651
0.5365872668997669,0.05028245737882712,0.05510567994604677
0.5399206002331003,0.05088188320118079,0.05776820314061598
0.541630001942502,0.052083934897088936,0.054710316769749905
0.5450682303807304,0.05268242944453868,0.05676685267606758
0.5466307303807303,0.05288323265739009,0.05625517891986993
0.5483401320901321,0.053283455292492767,0.05316933842365543
0.5498552836052836,0.05388507459582097,0.054663653106147785
0.5534877622377622,0.054871122809066475,0.052383086189811176
0.5551971639471639,0.05547214865702055,0.04940970908635525
0.5604963092463092,0.05626765291074677,0.048727556455568186
0.5638723776223775,0.05726164531182033,0.04736326324864213
0.5670969308469309,0.05826129376927667,0.046093544603202995
0.5705351592851592,0.058662109859753474,0.04856507681841404
0.5754263791763792,0.05965681730073068,0.04897371320300517
0.5788451825951826,0.060656249523186746,0.04425677426343461
0.580360334110334,0.06145566886801741,0.046034620757363726
0.5837985625485625,0.06265750432892529,0.04865989819066757
0.5870231157731157,0.06345601175400045,0.04850033120090413
0.5904419191919192,0.06503729570750241,0.04481683764736594
0.5956368978243978,0.06563278708360323,0.041861149647832
0.6004712995337995,0.06743266457626464,0.036080501515214726
0.6021379662004662,0.06763346778911604,0.03697158716920441
0.6087432012432012,0.06842284411561486,0.0357734157542388
0.6152870046620047,0.06922135154069001,0.0284318671773055
0.6168021561771562,0.07042180321099775,0.030452193202374758
0.6201782245532246,0.07082421932707497,0.03057468193236018
0.6249652777777778,0.07162523869750606,0.0293574935438455
0.6284035062160063,0.0726221396194578,0.031137271891077005
0.6284035062160063,0.07362305028298477,0.031137271891077005
0.6335557498057498,0.07461995120493652,0.030228509157337487
0.6366334013209013,0.07561685212688828,0.030444642608204335
0.6412262043512044,0.0768225004495195,0.03358799972154649
0.644815947940948,0.07821743052559939,0.034340137054536576
0.6498166763791764,0.07921154451120245,0.03523424922078392
0.6513791763791763,0.07941015424307932,0.03390061602637017
0.6513791763791763,0.0810058875320106,0.03390061602637017
0.6564840714840715,0.08260533903219446,0.03726401556894367
0.6598601398601399,0.08320535830992226,0.0360235539224953
0.6647987082362082,0.08440315709519619,0.033634300004791
0.6667217851592853,0.08519844511392213,0.0337774492161377
0.6699509518259518,0.0861977557518487,0.0336714651779274
0.6732228535353535,0.08838162968442687,0.03001507777285703
0.6833517871017871,0.09038058877980977,0.02437103773233426
0.6887130924630924,0.09297861652286817,0.02749019463381607
0.6903797591297591,0.09437686823467836,0.02836273853560736
0.6903797591297591,0.09496822828467447,0.02836273853560736
0.6936516608391609,0.0971616464306811,0.02456848505319354
0.6970277292152293,0.09816327213411172,0.02402903031791162
0.7039935411810413,0.10035010983719475,0.026319294447326617
0.7070238442113442,0.10294360967862615,0.029504612899344765
0.7137339743589743,0.10492837507442405,0.02816264647500306
0.7152491258741259,0.10793170740874217,0.03020288794682577
0.7205482711732711,0.11231473083903212,0.030588930779493706
0.725956925019425,0.11490906730489667,0.03031698322397624
0.7311045551670552,0.11789867781047443,0.03224390843465399
0.7343764568764569,0.12190391083921585,0.028651449036994927
0.7360431235431235,0.12610148473292887,0.029262900442904288
0.7360431235431235,0.13128585777426932,0.029262900442904288
0.7406832750582751,0.1366521618366045,0.02607499965428051
0.7471369949494949,0.14082946039271232,0.024970060075659394
0.753847125097125,0.14661838061340754,0.02449632592147209
0.7620770202020203,0.15498598451445983,0.02414366329774707
0.7670155885780885,0.1613528807759406,0.020869554688093626
0.7752828768453768,0.17352127226750005,0.021723182699679433
0.7925439491064491,0.1862748557904368,0.027241614141423134
0.8023310023310023,0.1972388286529546,0.029437615549336753
0.8191273310023309,0.21475089847544035,0.02795589159784685
0.8363068181818182,0.23922827134474894,0.03794278941684284
0.8586625874125874,0.26893079725137287,0.045439263987337844
0.8858061383061384,0.3252659095706234,0.045209418800958426
0.9201927933177932,0.47725547753820774,0.04192954698625475
0.9618444055944056,0.6510385898622196,0.03739164746323263
0.9860321969696969,0.8542160577795052,0.02118864535627458
1.0,1.0,0.0
1.0,1.0,0.0
1.0,1.0,0.0
1.0,1.0,0.0
