tp_ave_seq,fp_ave_seq,std_tp
0.0,0.0,0.0
0.0,0.0,0.0
0.0,0.0,0.0
0.0,0.0,0.0
0.0,0.0,0.0
0.0,0.0,0.0
0.0,0.0,0.0
0.0,0.0,0.0
0.0,0.0,0.0
0.0,0.0,0.0
0.0,0.0,0.0
0.0,0.0,0.0
0.0,0.0,0.0
0.0015151515151515152,0.0,0.0030303030303030303
0.0015151515151515152,0.0,0.0030303030303030303
0.006060606060606061,0.0004032258064516129,0.012121212121212121
0.007575757575757576,0.0004032258064516129,0.015151515151515152
0.01383061383061383,0.0004032258064516129,0.02362082362082362
0.01383061383061383,0.0004032258064516129,0.02362082362082362
0.017055167055167055,0.0004032258064516129,0.026406711777844597
0.020085470085470087,0.0004032258064516129,0.0323095011477535
0.028671328671328673,0.0010025300442757748,0.036376708546314716
0.04003108003108003,0.0012041429475015812,0.04613945729678732
0.04946775446775446,0.001805978485830056,0.056587606314495
0.05472416472416473,0.0024108171955074752,0.05431929907701271
0.06265030108780109,0.0030053020013820165,0.05762244397552161
0.07610795454545455,0.0030053020013820165,0.06099233358968335
0.08287951631701632,0.003206914904607823,0.06226329205245879
0.10327020202020203,0.003610140711059436,0.056249180690215936
0.1166710372960373,0.00460785132338559,0.054431859358975626
0.13040913947163948,0.005204745845234941,0.05598777535668319
0.15066773504273506,0.005798515611205845,0.05682517958255668
0.16176160644910645,0.006797232793758276,0.055489593163167296
0.17030472999222998,0.0075960586832148095,0.060702537465458756
0.17877161033411032,0.008793385597644102,0.05644375572773858
0.19213966588966586,0.009588889851370316,0.04986803074447157
0.20842317404817404,0.01019072538969879,0.04648391547687611
0.21513330419580418,0.01119717052507902,0.04789081608283785
0.21679997086247083,0.011398783428304827,0.046293475974059806
0.22887067793317795,0.012190946691152327,0.045379834081365214
0.2356422397047397,0.012590359635880594,0.04688812812642501
0.24307813714063714,0.012590359635880594,0.049253705957758624
0.24947503885003885,0.013386654224832817,0.04259895201650212
0.2510375388500389,0.013588267128058624,0.04098283136263134
0.2633452311577312,0.014590918756863903,0.03916519871070452
0.2667212995337995,0.014992525182566713,0.037760063204721736
0.2819170066045066,0.01639065530984741,0.03626043396525487
0.289885878010878,0.016790661709949813,0.03673710532768179
0.29952675796425793,0.01719226813565262,0.03640359951798869
0.30628423659673654,0.017991490600631415,0.033424222460639794
0.31656468531468535,0.017991490600631415,0.029601363518865758
0.3196423368298368,0.018193103503857222,0.02999634064113875
0.32474723193473193,0.018593109903959626,0.03255164011182114
0.32801913364413365,0.019193129181687425,0.030098156336237514
0.3349902874902875,0.019193129181687425,0.031605475810958836
0.3369133644133644,0.019393932394538828,0.03416990650116165
0.3466435994560994,0.01979715820099044,0.026594910229121145
0.3513310994560994,0.020793249432567794,0.026359252506360648
0.3513310994560994,0.020994052645419196,0.026359252506360648
0.3530405011655011,0.020994052645419196,0.02481425080710901
0.3577848193473193,0.02198563533051796,0.024174936152355803
0.36252913752913757,0.022583658007123093,0.024150354122012906
0.365606789044289,0.022784461219974496,0.026620486780947902
0.37578307109557113,0.023377421295571,0.02556445115365819
0.37749247280497283,0.023377421295571,0.024652863872956322
0.38546134421134426,0.023772109458820412,0.02479366448448149
0.3902530108780109,0.024370725590799676,0.025267164130751276
0.3968635878010878,0.024569335322676533,0.032168921027459746
0.4002396561771562,0.024569335322676533,0.028716443059630024
0.40517361111111105,0.024770138535527942,0.028110479323932618
0.408659188034188,0.025167829870126297,0.030480754251781064
0.41022168803418796,0.025368633082977703,0.03282982892356632
0.4150087412587412,0.0255678362702287,0.03524333736325451
0.4182332944832945,0.025963117888852243,0.0356302869570301
0.42490068958818955,0.026360930807980104,0.03552661313970868
0.42490068958818955,0.026561734020831507,0.03552661313970868
0.4281725912975912,0.026561734020831507,0.037667625223600516
0.4315913947163946,0.027757244674660127,0.03820970064557627
0.44142118298368294,0.028158060765136928,0.03666993317646796
0.44334425990675985,0.028357263952387923,0.03590156058975263
0.44849650349650344,0.02875748658749059,0.03490835343541945
0.45198208041958043,0.029356912409844255,0.037071381889704214
0.45582823426573427,0.029950803760344657,0.037855053556895134
0.4590100524475525,0.030351026395447327,0.03474956802468689
0.46057255244755246,0.030753442511524544,0.037010886932141204
0.46057255244755246,0.031554265002103746,0.037010886932141204
0.46228195415695417,0.0321511595239531,0.03721285022169648
0.46228195415695417,0.03234976925582996,0.03721285022169648
0.4642050310800311,0.03314839826543462,0.03786438673156094
0.4642050310800311,0.033350011168660425,0.03786438673156094
0.4642050310800311,0.03374529278728397,0.03786438673156094
0.466128108003108,0.034344502374637376,0.03888718480821886
0.46764325951825947,0.034344502374637376,0.03855252169304044
0.46764325951825947,0.03494691201319159,0.03855252169304044
0.4712330031080031,0.03593768500791595,0.03698350854916418
0.4744575563325563,0.03633549792704381,0.03676868470639919
0.4761242229992231,0.03692938927754422,0.03380285800765414
0.4761242229992231,0.03772430007589629,0.03380285800765414
0.47934877622377625,0.03852039778499664,0.03387363082625439
0.48278700466200475,0.03872120099784805,0.03519527982154566
0.4866331585081586,0.038920404185099046,0.03878468090416078
0.48986232517482514,0.038920404185099046,0.037111962233297734
0.48986232517482514,0.039519708422923204,0.037111962233297734
0.49334790209790214,0.0401110684729193,0.04062889210574281
0.49804487179487184,0.0401110684729193,0.03753811343890723
0.49804487179487184,0.04050575663616871,0.03753811343890723
0.49804487179487184,0.04090657272664551,0.03753811343890723
0.4996073717948718,0.041705795191624304,0.03902104062160943
0.5044985916860917,0.04210902099807592,0.03572790206739719
0.5079841686091686,0.04290511870717627,0.039162109583234406
0.5096508352758352,0.043702222986502885,0.036383012496383954
0.511317501942502,0.04489714018495737,0.03370457820292408
0.5162988053613053,0.045294831519555726,0.034443364152488054
0.5162988053613053,0.04588872287005614,0.034443364152488054
0.5234168609168609,0.046285604514280085,0.03986201889302192
0.5266414141414141,0.04688422064625935,0.039365744827248694
0.5281565656565655,0.04728663676233656,0.0390387849008208
0.5296717171717171,0.047686643162438966,0.038945565346673025
0.5347571872571872,0.04788272159381151,0.03642925572158547
0.5364665889665889,0.04788272159381151,0.03715728568999664
0.5416615675990675,0.048676409586937044,0.040794852191633285
0.5433709693084692,0.048877212799788454,0.041864418516457835
0.5465955225330225,0.049276625744516724,0.04276468706591194
0.5483049242424242,0.04947742895736813,0.04425834265214853
0.5513352272727273,0.04967350738874068,0.04395842507304697
0.5562264471639471,0.050272001936190434,0.042457218257140106
0.5578931138306138,0.050870834303169965,0.039280678066521676
0.5645558954933955,0.05127325041924717,0.04248928585926679
0.567994123931624,0.05147405363209858,0.04406790622957169
0.567994123931624,0.05187186655122644,0.04406790622957169
0.567994123931624,0.05267669878338087,0.04406790622957169
0.5744478438228438,0.05367494409508866,0.043091036719118785
0.5780803224553225,0.053874147282339656,0.04582775729526898
0.5797469891219891,0.05427356022706793,0.042699519090145154
0.584595473970474,0.054872986049421604,0.036999365643913124
0.5865185508935509,0.05527020551317532,0.03827771523496834
0.5914571192696193,0.056072628029354935,0.036746954956052985
0.5914571192696193,0.056668929095830156,0.036746954956052985
0.5914571192696193,0.056668929095830156,0.036746954956052985
0.5965620143745143,0.057471351612009766,0.035495611386178856
0.6016047494172494,0.05787457741846138,0.03171659493128417
0.603119900932401,0.058672491388162405,0.0320722267137719
0.6047865675990677,0.059464654651009904,0.029371287017244566
0.6063490675990677,0.060261542695336255,0.02852253126569016
0.6063490675990677,0.06144679409583276,0.02852253126569016
0.6080584693084694,0.06204287892730771,0.03072092762925383
0.6099815462315463,0.0626342389773038,0.03199575014340341
0.6114966977466978,0.06383055932150682,0.03231077170157942
0.6149155011655012,0.06483459474091223,0.03675713840563203
0.6202146464646464,0.0654253613355342,0.03786931719709086
0.6218813131313132,0.0668201504719362,0.03559077169845755
0.6250631313131313,0.06802060214224392,0.033520851339668714
0.6282449494949496,0.06881057192411688,0.03179746222598203
0.6316210178710178,0.06980941069119881,0.032662350755551746
0.6365743978243978,0.07120040632102584,0.03440843176497115
0.6400599747474747,0.0715980976556242,0.033691136418945694
0.6400599747474747,0.07339210285690256,0.033691136418945694
0.6417693764568764,0.07378679102015198,0.036002569677662216
0.6469216200466199,0.07538481244052857,0.03365679875341301
0.6486310217560216,0.07598583828848264,0.03605044213537994
0.6520692501942502,0.07659067699816006,0.037690117971818274
0.6556589937839938,0.0773869715871123,0.037577032182963446
0.6573256604506604,0.07878650486014152,0.03596067345123224
0.6607017288267288,0.07998179927896987,0.03676052757978389
0.6607017288267288,0.08177833578075257,0.03676052757978389
0.6639308954933956,0.08296983669300595,0.033397316930560694
0.6685710470085471,0.0851563172214108,0.029109164714060092
0.670133547008547,0.08694638797643635,0.02730134861043629
0.673258547008547,0.08873566839623585,0.02449485082920802
0.6748210470085471,0.09033738867271664,0.023592618183309867
0.6801823523698525,0.09233763690822891,0.02689076733498061
0.6834542540792541,0.09452241518165225,0.028084622632297607
0.6901643842268842,0.09690768578245594,0.03102181808946594
0.6920874611499611,0.09910341899396663,0.033110970012441836
0.6936499611499611,0.10029926746732501,0.03267035478183844
0.7051991064491064,0.10367249719244567,0.03436829327182147
0.7099434246309246,0.10566883033685351,0.03136468718487336
0.7165913947163947,0.11006752521725198,0.032796421901320066
0.720029623154623,0.11305095943433871,0.03320917456774445
0.7249254564879566,0.11544279043237035,0.028908803808484727
0.7313223581973582,0.11903507310070971,0.034265636823905994
0.7398887917637917,0.1236157549422769,0.039129180504547
0.7465088383838384,0.1288128632878271,0.0351953507950179
0.7565523018648019,0.13519495981911914,0.032963227120765715
0.7683199786324787,0.14178699066183884,0.032085132142878545
0.7751342754467755,0.15097748929652785,0.03237657708088064
0.7829088966588966,0.15913734547876396,0.028020709292381336
0.8012966200466201,0.173101624076558,0.031399267098641125
0.8111310217560218,0.19025419262870663,0.022473890394480733
0.819512432012432,0.21101059024216823,0.018040227944356012
0.8323203185703185,0.2383288259994864,0.013916870628824967
0.8680691530691531,0.28102365867461054,0.028306718971227073
0.892236790986791,0.34952028717781397,0.025135660565782623
0.9219451728826729,0.4677558808153742,0.022413396652780856
0.9611997377622379,0.7018932661147452,0.02629317840478631
0.9983333333333334,0.941330262532653,0.003333333333333322
1.0,1.0,0.0
1.0,1.0,0.0
1.0,1.0,0.0
1.0,1.0,0.0
1.0,1.0,0.0
1.0,1.0,0.0
