tp_ave_seq,fp_ave_seq,std_tp
0.0,0.0,0.0
0.0,0.0,0.0
0.0,0.0,0.0
0.0,0.0,0.0
0.0,0.0,0.0
0.0,0.0,0.0
0.0,0.0,0.0
0.0,0.0,0.0
0.0,0.0,0.0
0.0,0.0,0.0
0.0,0.0,0.0
0.0,0.0,0.0
0.0,0.0,0.0
0.0,0.0,0.0
0.0,0.0,0.0
0.0,0.0,0.0
0.0,0.0,0.0
0.0,0.0,0.0
0.0008,0.0,0.0016
0.010309219858156029,0.0002242152466367713,0.018895368478868458
0.03543829787234042,0.000456773386171655,0.04883844747752006
0.06180425531914894,0.0006809886328084263,0.0793210555884439
0.08826099290780143,0.00091354677234331,0.11151953739576191
0.1037900709219858,0.0016028782980498485,0.1287700037645556
0.11620992907801417,0.0018354364375847323,0.14275599515681156
0.1343469680593727,0.002062193807199245,0.1495561713882624
0.15797697145621675,0.0025273100862690124,0.16286469995328365
0.18572551750404018,0.002759868225803896,0.16020408187229304
0.22597434301948555,0.0034401403346474334,0.14489627697960042
0.27523420982202595,0.004141082549123769,0.11975694345443402
0.3210553167471272,0.005055590175306523,0.09479275238820076
0.3408580735090771,0.006206831961937743,0.08517194651698501
0.37351866685881135,0.0071336233209866925,0.0762460514285418
0.3973303979797356,0.008967819585945854,0.06326898025161598
0.4180381817277241,0.011240607967651934,0.05441795754035686
0.43644935116848,0.012393431023421452,0.048006143181524887
0.4566893196704719,0.014459853480331828,0.04856944970498426
0.473669491365497,0.015381752294502301,0.04678965453421849
0.4928378621155819,0.015830182787775843,0.04568665076551433
0.5085934983032936,0.016737255746102384,0.04455787136607628
0.5204414897048176,0.018338893871526662,0.04553360323872309
0.5315345024995969,0.018563109118163435,0.04451372107396611
0.5410584986292534,0.01879115928920106,0.04491088648428386
0.5476536643026005,0.019945275146393698,0.04441587312865697
0.560103839977766,0.02062429793368261,0.041011420449770186
0.5653994168751093,0.02130586284394926,0.03917212668050645
0.5735492995295886,0.022453836834708796,0.0413862224408881
0.5779405867962272,0.02290226732798234,0.04004743596076404
0.5816081879381156,0.023595774874602467,0.03993479189424722
0.5861650416713846,0.023595774874602467,0.039654079918138616
0.5928347795654098,0.024050582415254602,0.03761517673063112
0.599429469509036,0.024957655373581144,0.035394202456296195
0.6017079201364227,0.024957655373581144,0.034513633824508755
0.6061302382594433,0.026086401455566715,0.03506819914875681
0.6090431224201999,0.026086401455566715,0.03362567073441342
0.6150184158697808,0.026788977567978895,0.03173747870856469
0.6211302482097946,0.02747380112518818,0.034459270716266144
0.6300494091550093,0.02793475053227341,0.03487384983739709
0.6345157443720472,0.029304738743204706,0.03471277104864575
0.6404167272265627,0.029760839085279968,0.037394134842063005
0.6419259470847186,0.029760839085279968,0.03699131113874905
0.6440988421565499,0.030215646625932107,0.03541077703252453
0.6456988421565499,0.03066661924218339,0.03626357449488684
0.6479465235531674,0.031346934830895415,0.03479662741616939
0.6487012405342995,0.0320372272104414,0.03605827119334828
0.6532593601924191,0.03272459289062842,0.03628095595657353
0.6556140771735512,0.032948808137265195,0.038688150139773364
0.6594312034435077,0.033176858308302824,0.040186107022100646
0.6616043601409518,0.03340490847934045,0.039689301641999346
0.6645624797990715,0.03363295865037808,0.038918379720977093
0.6668556583186651,0.03409227415952747,0.0397693985160455
0.6697835319972414,0.03409227415952747,0.04047972752257659
0.6726360960998055,0.0343203243305651,0.03872016517423301
0.675503697241694,0.0343203243305651,0.037774119046314544
0.6769981416861384,0.035222269563067676,0.03768646637024472
0.6776925861305829,0.0354503197341053,0.03726337834260466
0.6792618168998137,0.035678369905142934,0.03745146169057412
0.6822656953065223,0.03613063532281733,0.03992534922338931
0.6822656953065223,0.03635868549385496,0.03992534922338931
0.6836693596091227,0.03658290074049173,0.03864263868889671
0.6852240765902549,0.03703133123376527,0.04031455235538776
0.6867185210346992,0.03703133123376527,0.04042877439388728
0.6888916777321434,0.03725938140480291,0.03990226613877568
0.6919100699269507,0.038167703684684064,0.040862141735128525
0.6934793006961815,0.038864137930663144,0.04102414579118256
0.6941885205543376,0.03954930258438515,0.040146617636040126
0.6948977404124935,0.03978349462185588,0.03930070253558121
0.6970706354843248,0.03978349462185588,0.037689179048148815
0.6977798553424808,0.04001025199147039,0.036867875981125335
0.6985345723236129,0.0404708603020429,0.038120302711844856
0.6992290167680574,0.040697617671657416,0.03768913069888544
0.6992290167680574,0.041381768184770296,0.03768913069888544
0.7022169013577082,0.04183528292399933,0.039102764300275955
0.7022169013577082,0.04298849055615006,0.039102764300275955
0.7022169013577082,0.043215247925764574,0.039102764300275955
0.7029861321269391,0.04366751334343898,0.03878548418289515
0.7037408491080711,0.04412361368551423,0.04009314633996093
0.7044500689662272,0.044585855894022586,0.03932969623195161
0.7051445134106716,0.04481841403355748,0.03886829894653973
0.7066229640380584,0.045279363440642706,0.03779891322854906
0.7080866392517337,0.045279363440642706,0.03706422955450092
0.7111503144654089,0.04550357868727948,0.03699851858864144
0.7111503144654089,0.04573033605689399,0.03699851858864144
0.7119050314465409,0.0466502598766159,0.038280669547569916
0.7119050314465409,0.04687701724623041,0.038280669547569916
0.7140326910210091,0.047109575385765295,0.035930679400133676
0.7140326910210091,0.047794740039487305,0.035930679400133676
0.715541910879165,0.04825698224799566,0.03556265695987043
0.7170203615065519,0.049855928855006476,0.034566932035347504
0.7184988121339387,0.05098467493699205,0.033639537243359184
0.7199624873476138,0.051904031628184785,0.03278973420050449
0.72067170720577,0.052138223665655514,0.03212104138774793
0.721426424186902,0.05237078180519039,0.03346049382085313
0.721426424186902,0.05328979739987041,0.03346049382085313
0.722135644045058,0.05328979739987041,0.03285045965501918
0.722844863903214,0.053523989437341137,0.032291247960002385
0.723644863903214,0.054212647918951265,0.03255661088886888
0.7243995808843462,0.0544406980899889,0.03389667318473875
0.7258780315117329,0.05511334382989921,0.033103844752253385
0.7265724759561772,0.055341394000936836,0.0323931051158591
0.7281271929373094,0.055796201541588986,0.03400115043533362
0.7295911297765976,0.055796201541588986,0.03483989991473568
0.7318550666158855,0.056030393579059715,0.03598431043906862
0.7347679032551373,0.056030393579059715,0.03563347246109236
0.7354771231132933,0.056711958489326364,0.03514993554790011
0.7377407983269686,0.05694000866036399,0.034354927325441875
0.7377407983269686,0.05808707442608162,0.034354927325441875
0.7384500181851246,0.058775732907691766,0.03386513984250192
0.7384500181851246,0.058775732907691766,0.03386513984250192
0.7398991796107011,0.059230540448343916,0.034587009914967666
0.742797288357746,0.05968894773245141,0.03309144512910981
0.7435520053388782,0.060382455279071524,0.03448712548940305
0.7451212361081089,0.060382455279071524,0.03427936090561391
0.7451212361081089,0.060616647316542246,0.03427936090561391
0.7474904668773397,0.06107725562711477,0.03452585677457111
0.7474904668773397,0.06199430537627526,0.03452585677457111
0.7482596976465704,0.06244273586954881,0.034185913345933336
0.7482596976465704,0.06335815172077346,0.034185913345933336
0.7505836453969332,0.06427102544902037,0.03558041966601142
0.7513836453969333,0.064499075620058,0.03600545001766259
0.7520928652550893,0.06495968393063051,0.0354074483125608
0.7536022992173534,0.06495968393063051,0.03796843603951081
0.7544022992173535,0.06563487179351857,0.03838747786112885
0.7566209530377737,0.0663235302751287,0.04041320702597944
0.7566209530377737,0.06723185255500988,0.04041320702597944
0.758704286371107,0.06815470307409073,0.03844899456404294
0.7601534477966835,0.06884950342213397,0.03921533320874212
0.7601534477966835,0.06976271824689362,0.03921533320874212
0.7609226785659142,0.07044370687970204,0.038817999103123314
0.7609226785659142,0.07091209095464349,0.038817999103123314
0.7616773955470463,0.07159111374193242,0.040170485422909324
0.7631866154052023,0.072748156298484,0.039884371269927964
0.7654357768307788,0.07297620646952163,0.04099568578503783
0.7661302212752232,0.07413392207016962,0.040460153633897704
0.7691031163470546,0.07435813731680639,0.03922976903153224
0.7691031163470546,0.07503845290551843,0.03922976903153224
0.7691031163470546,0.0759500338323422,0.03922976903153224
0.7697975607914991,0.076854564667691,0.03872859527510489
0.7712160005078111,0.07708261483872864,0.03750359091106259
0.7719104449522554,0.07754193034787804,0.037004548564597575
0.7719104449522554,0.07821841101218921,0.037004548564597575
0.7748540508222764,0.07913996872984694,0.03782802967485014
0.7762429397111653,0.07959837601395445,0.03713868481961329
0.7762429397111653,0.08029317636199768,0.03713868481961329
0.7762429397111653,0.08142062964256014,0.03713868481961329
0.7792305626752034,0.08347222624362657,0.03703244921185185
0.7800305626752033,0.0850757334479322,0.037341577287898026
0.7800305626752033,0.08622443311158567,0.037341577287898026
0.7830326994273401,0.08737274819885794,0.03565317579955709
0.7860510916221475,0.08874657133419009,0.03659575823650873
0.78887319564106,0.09055304740204147,0.033823986386979005
0.7926313152991795,0.0928417192600691,0.03347033347371943
0.7941405351573356,0.09377071164558304,0.033020226393471214
0.7955294240462246,0.09468358537382997,0.032592090426284394
0.7955294240462246,0.09538452758830629,0.032592090426284394
0.7955294240462246,0.0981244507233992,0.032592090426284394
0.7970986548154553,0.10111497302094508,0.032523085114609815
0.7970986548154553,0.10156594563719634,0.032523085114609815
0.8007807697454424,0.10521361477471221,0.030514508326059855
0.8021992094617545,0.10818580823959693,0.02881551107540792
0.805126559889105,0.11137407490822641,0.027350470196521023
0.8095938994053806,0.11410018632808452,0.026633412299442997
0.8118123391216928,0.11707914141672907,0.025366417769090596
0.8162799402635814,0.12188217573299216,0.025959540056509356
0.8184235461336022,0.12828646359829834,0.02677351330419416
0.8213508965609527,0.13237057711286576,0.02534887194694697
0.8274329639694352,0.14086254296710238,0.02720446684466962
0.8318697958805548,0.15159357538601084,0.026265425322013786
0.8376647949712984,0.16302166246619723,0.02259901048701883
0.8399579734908921,0.1792338970503855,0.022171233809561312
0.8473221558293618,0.1999977651368814,0.02025481347294176
0.8503097787933998,0.22367305588601702,0.020513532751592792
0.8703230221961455,0.27190440035988084,0.035671499997845246
0.8978035720045154,0.33157768036659924,0.044071117208514234
0.9265226003355671,0.447177964993557,0.05454304835468985
0.96060147299509,0.7046545926586991,0.054328310137211004
0.9794326241134751,0.8753488372093023,0.041134751773049635
0.9957446808510639,0.9311627906976744,0.008510638297872354
1.0,1.0,0.0
1.0,1.0,0.0
1.0,1.0,0.0
1.0,1.0,0.0
