tp_ave_seq,fp_ave_seq,std_tp
0.0,0.0,0.0
0.0,0.0,0.0
0.0,0.0,0.0
0.0,0.0,0.0
0.0,0.0,0.0
0.0,0.0,0.0
0.0,0.0,0.0
0.0,0.0,0.0
0.0,0.0,0.0
0.0,0.0,0.0
0.0,0.0,0.0
0.0,0.0,0.0
0.0,0.0,0.0
0.0,0.0,0.0
0.0,0.0,0.0
0.0,0.0,0.0
0.0,0.0,0.0
0.0,0.0,0.0
0.0,0.0,0.0
0.0,0.0,0.0
0.0,0.0,0.0
0.0,0.0,0.0
0.0,0.0,0.0
0.0,0.0,0.0
0.0,0.0,0.0
0.0,0.0,0.0
0.0,0.0,0.0
0.0,0.0,0.0
0.0,0.0,0.0
0.0,0.0,0.0
0.0,0.0,0.0
0.0,0.0,0.0
0.0,0.0,0.0
0.0,0.0,0.0
0.0,0.0,0.0
0.0,0.0,0.0
0.0,0.0,0.0
0.0,0.0,0.0
0.0,0.0,0.0
0.0,0.0,0.0
0.0,0.0,0.0
0.0,0.0,0.0
0.0,0.0,0.0
0.0,0.0,0.0
0.0,0.0,0.0
0.003125,0.0,0.006250000000000001
0.003125,0.0,0.006250000000000001
0.006396901709401709,0.0,0.009140743995473285
0.008319978632478634,0.00019860973187686197,0.008587353031405046
0.011738782051282051,0.00019860973187686197,0.011047526449282676
0.02037198912198912,0.00040022263510266847,0.013854870423591868
0.026868444055944057,0.00040022263510266847,0.01793226289741777
0.031508595571095574,0.00040022263510266847,0.020026197756770663
0.042450951825951835,0.0005988323669795304,0.02672389105118535
0.050723581973581976,0.0008004452702053369,0.03127760657636545
0.06197916666666666,0.0012028613862825489,0.035442490440374556
0.06890297202797202,0.001401471118159411,0.037247123031397926
0.07789675602175603,0.001999965665609172,0.039682063083866695
0.08884858197358197,0.00280007311628474,0.042992557253025844
0.09187888500388501,0.003202489232361951,0.046616101848856374
0.10006143162393162,0.0036057150388135646,0.048483727916870674
0.10612203768453768,0.004202609560662917,0.057488536582006915
0.12414845571095572,0.004404222463888723,0.05578062355544434
0.13551282051282051,0.004603425651139718,0.060126154904633994
0.147024087024087,0.005805158882666489,0.06448955423662969
0.15337364024864025,0.006408378211595106,0.06568098196511302
0.16972392191142188,0.007611711468722288,0.0648521777477576
0.17675189393939394,0.008208605990571638,0.0652976842765191
0.19301209207459205,0.008805500512420992,0.06870062303787589
0.199935168997669,0.0094071198157492,0.0662712337416706
0.2160763888888889,0.010011958525426617,0.06508883388371581
0.22490384615384618,0.011012078853727581,0.059059268584919555
0.22984241452991455,0.01220417322135511,0.05669826826066318
0.24124951437451436,0.013411440924735141,0.06183471853111242
0.25139787296037297,0.014209354894436166,0.06381739787954908
0.25821216977466976,0.014408558081687159,0.063736670975538
0.26144133644133644,0.01520153103490906,0.06303017420053071
0.2733605283605284,0.015598750498662783,0.0651364408898753
0.2767365967365968,0.016597589265744717,0.06304800504168433
0.28350815850815847,0.01719701508809838,0.06551682116365933
0.29507138694638696,0.017593896732322332,0.06736012379025749
0.2985569638694639,0.018601961248451364,0.06634388053288576
0.306692162004662,0.018999652583049722,0.07414449405001834
0.3101303904428904,0.019200455795901128,0.07656101064277206
0.3101303904428904,0.02000309454708101,0.07656101064277206
0.3198700951825952,0.02060793325675843,0.08077982526068912
0.3233556721056721,0.021411975153686848,0.07969936997261719
0.32835640054390053,0.021608053585059395,0.08131335667883398
0.33344187062937064,0.022805502084018187,0.0771124529852487
0.34384591103341106,0.023200783702641732,0.07841181949725706
0.3470704642579643,0.023402396605867536,0.0786645080729821
0.35025228243978246,0.023598475037240087,0.0817985264996854
0.3550439491064491,0.02439457274634043,0.0803653526798751
0.3586336926961927,0.024792979120842423,0.08103065276182042
0.3617586926961927,0.025989892920419578,0.0791698521070711
0.3617586926961927,0.026785397174145787,0.0791698521070711
0.3617586926961927,0.027783107786471938,0.0791698521070711
0.3634680944055944,0.028185523902549154,0.07674742707928994
0.3735542929292929,0.02838632711540056,0.07413530497481478
0.37860236985236984,0.028587130328251963,0.07226703740177448
0.3816800213675213,0.02977419798934915,0.07397796508002057
0.38864583333333336,0.0301710796335731,0.0727670149986332
0.39182765151515153,0.031169796816125528,0.07595327009793457
0.3949526515151515,0.03217323878015681,0.07454062343179124
0.40492934149184145,0.03237404199300822,0.07137567654310228
0.4098205613830614,0.03277173332760658,0.07254204685601254
0.41345304001554,0.03297253654045798,0.06975224862270808
0.41345304001554,0.03317333975330938,0.06975224862270808
0.41693861693861695,0.03357174612781137,0.06830383205712935
0.4205283605283605,0.034570584894893314,0.06908352906808796
0.4256759906759907,0.03516760100127216,0.06888981127535733
0.42734265734265725,0.03536680418852316,0.06995393337976819
0.43238539238539236,0.03536680418852316,0.07024674842694886
0.4357614607614607,0.036161836571404746,0.0695693341804216
0.44050577894327886,0.03715282580112937,0.0718727802991187
0.4452928321678321,0.03755364189160617,0.07062502516933421
0.44721590909090914,0.03815285147895957,0.07012304382570377
0.4523681526806527,0.038552264423687845,0.07004499166221083
0.4523681526806527,0.03894695258693725,0.07004499166221083
0.45559270590520595,0.03914556231881411,0.06989117799791093
0.4635615773115774,0.03994820106999399,0.07226545421938634
0.4686096542346543,0.040345892404592354,0.06945638179766142
0.47027632090132093,0.041345324627048416,0.07087501606879142
0.47183882090132095,0.041345324627048416,0.06986973164350078
0.47183882090132095,0.04213841916479982,0.06986973164350078
0.47532439782439784,0.042340032068025626,0.06849822199036203
0.47870046620046625,0.04294024822560529,0.06755097356750121
0.48062354312354316,0.043343474032056906,0.06717082118812492
0.48062354312354316,0.04414439117310688,0.06717082118812492
0.48218604312354313,0.04534441037341408,0.06623385668844883
0.48718604312354313,0.04574382331814235,0.07128625398530361
0.493639763014763,0.04693126819961339,0.07156198385124043
0.4970779914529914,0.048110863543727136,0.07281224638712179
0.4970779914529914,0.04850555170697655,0.07281224638712179
0.49900106837606834,0.0493041807165812,0.07248234351010847
0.5005635683760683,0.05009715366980311,0.07155482535819754
0.5059054487179487,0.05069796328275691,0.06629459047005054
0.5078285256410257,0.05129345465885773,0.06623482739994269
0.5097516025641026,0.05168814282210714,0.06639817613929803
0.511266754079254,0.052286637369556896,0.0681239713522755
0.5148564976689977,0.05368201996133302,0.07002459716049621
0.5184462412587412,0.05468605538073844,0.07214568906311845
0.5203693181818181,0.055677166194992564,0.07277894793220704
0.5220787198912198,0.05607738883009524,0.07022826420228222
0.5268703865578865,0.05687761786530031,0.06943769319018811
0.53046013014763,0.057861134778041515,0.07187778495349247
0.5340926087801087,0.058465163797344524,0.07006660589762177
0.5356077602952602,0.06026310344487575,0.07134902351423404
0.5371702602952603,0.060660916364003614,0.07011371009304838
0.5406084887334887,0.06166194861206008,0.0723587966697124
0.5456939588189588,0.062260443159509835,0.06880115412943404
0.5506279137529138,0.0638546517181631,0.06534370103672828
0.5552207167832168,0.06405385490541408,0.06694516544743657
0.5552207167832168,0.06505488715347056,0.06694516544743657
0.5584025349650349,0.06585971938562499,0.07017584446374037
0.5599650349650349,0.06685855815270692,0.0687567653902752
0.5635975135975136,0.06786340326248673,0.06690382211628199
0.5635975135975136,0.06886212044503917,0.06690382211628199
0.5635975135975136,0.07026303750866854,0.06690382211628199
0.5688966588966589,0.07066304390877094,0.06684490132246135
0.5722299922299923,0.07165682007484425,0.07030123119001452
0.5756060606060606,0.07286246839747547,0.06999004421213119
0.5843006993006993,0.07426441138647952,0.07653559254509236
0.5912245046620046,0.07545911234993372,0.07787039535651227
0.5944063228438228,0.07665183606741367,0.08087640197536156
0.5961157245532245,0.07844918225957076,0.07865172052116842
0.6008600427350428,0.07965022738525263,0.08004230509579198
0.6027831196581197,0.08103869171457534,0.08094066803812189
0.6060076728826729,0.08243340555565497,0.07996664082436404
0.6109889763014763,0.08442048601695694,0.07390828286908119
0.617248445998446,0.08642958278114246,0.07664166242481113
0.618810945998446,0.08762669346057146,0.07493306947198655
0.6222965229215229,0.0892230202048769,0.07404099179958112
0.6257820998445999,0.09022266866233322,0.07339121099208713
0.6329001554001554,0.09162173006451782,0.07174317548335318
0.6360251554001554,0.09362207295050087,0.06889226921204032
0.6379482323232323,0.09522009437087746,0.07028816901776593
0.6462208624708625,0.09941454350871204,0.06772833949039517
0.6510079156954156,0.10242285626035334,0.06499163616039427
0.658230137917638,0.10501679896651414,0.0668851595703954
0.6616683663558662,0.10840630186657516,0.06981501563107444
0.6719488150738151,0.11219673486273211,0.06395063218826522
0.67668851981352,0.11458322826876235,0.0637255642197701
0.6818407634032635,0.11838309147272866,0.06516808796165668
0.6880956196581197,0.12536530262276652,0.0665118654011654
0.7015204933954934,0.1319608644478538,0.06544011155817687
0.7083775252525253,0.13853762179749643,0.06408341568592762
0.7151490870240871,0.14607418508092557,0.0689623292235586
0.7234217171717172,0.15519907216483955,0.06678019603397721
0.7382995823620824,0.16613774098273376,0.06226714096761993
0.7499055458430458,0.17869736983837242,0.06187120094153192
0.7563165306915307,0.19602005718390628,0.06369035803390652
0.7804586732711732,0.2193877203233882,0.07369944253007031
0.8000087412587412,0.26873491535949673,0.0844342086682143
0.8301002816627816,0.4031370252514311,0.0976492910803319
0.8497030400155401,0.44553355969305597,0.08537557200505329
0.8929426476301476,0.5693045819296584,0.059728239175466304
0.9866666666666667,0.9145418326693229,0.02666666666666666
1.0,1.0,0.0
1.0,1.0,0.0
1.0,1.0,0.0
1.0,1.0,0.0
