tp_ave_seq,fp_ave_seq,std_tp
0.0,0.0,0.0
0.0,0.0,0.0
0.0,0.0,0.0
0.0,0.0,0.0
0.0,0.0,0.0
0.0,0.0,0.0
0.0,0.0,0.0
0.0,0.0,0.0
0.0,0.0,0.0
0.0,0.0,0.0
0.0,0.0,0.0
0.0,0.0,0.0
0.0,0.0,0.0
0.0,0.0,0.0
0.0,0.0,0.0
0.0,0.0,0.0
0.0,0.0,0.0
0.0,0.0,0.0
0.0,0.0,0.0
0.0,0.0,0.0
0.0,0.0,0.0
0.0,0.0,0.0
0.001941747572815534,0.0,0.003883495145631068
0.002912621359223301,0.0,0.005825242718446602
0.010228968396075946,0.00021978021978021978,0.010125594686240837
0.011163547835328283,0.00043764514352749654,0.009779378449082774
0.012306404978185425,0.0006483932994811319,0.010073058168174656
0.016153605776661063,0.0006483932994811319,0.015029809463884915
0.018957344094418075,0.0008662582232284086,0.015664210331554476
0.026282252056571014,0.0008662582232284086,0.01746711972487526
0.03315581676487754,0.0010860384430086284,0.02072729488320007
0.038530416228914656,0.0010860384430086284,0.02156329153255426
0.04488016994200968,0.002183024245876784,0.023666673946519577
0.0540742367826673,0.0023924483296464175,0.030139403987615863
0.06162177033689412,0.0023924483296464175,0.03158645140013127
0.07075520571817032,0.0026103132533936944,0.031402587107830386
0.077633050889127,0.0028300934731739142,0.036184626770635824
0.08745195084059902,0.0037001822884682087,0.03842996325214177
0.09492840220103364,0.004137827431995705,0.03456558067427229
0.10575447028606888,0.0045747629177911265,0.03721354057088142
0.11084392288954018,0.004794543137571346,0.04070150855057042
0.11683783085686901,0.00545005320484612,0.04028279305293563
0.12197792569596481,0.00545005320484612,0.041345763072661704
0.12723546450182724,0.00566720847086132,0.04182837387616114
0.13057320219356044,0.00609449747837823,0.04299205707802574
0.13251494976637596,0.00609449747837823,0.04275062647546869
0.1355632601348932,0.006312362402125507,0.043786580001323516
0.14169617521908312,0.00695813074784162,0.04517155346258175
0.15033164321789244,0.007395775891369116,0.048881499470307684
0.15677261397641756,0.007605199975138749,0.05009167404782
0.16324949577350625,0.008034404278688604,0.05212448197639452
0.16615451856251226,0.008034404278688604,0.049375801270860574
0.16832317219005183,0.008243828362458235,0.04814792000115608
0.17119949920211971,0.008670407712243072,0.04915632717999162
0.17932148598718256,0.009311684243930562,0.04661216165590997
0.18634092808354774,0.010169501627181327,0.050108351058839255
0.19036011223847274,0.010386656893196528,0.051165895980987405
0.1927269761437982,0.010386656893196528,0.05294934026958059
0.19468307160508277,0.01123735750865365,0.051062961371430585
0.19900603097169287,0.011446781592423285,0.05132913602598051
0.1999912526465697,0.01209576611575336,0.04950021928330266
0.20210926403848478,0.012950248887507029,0.05141649962239451
0.20523444356396303,0.013384559419537432,0.052646340313683024
0.2113716391108031,0.013384559419537432,0.055408805951404565
0.2145255144132195,0.013602424343284708,0.05301552845501527
0.2157089463658822,0.013602424343284708,0.05433903524266023
0.21976870533061282,0.01381317249923834,0.05650886308914141
0.22070328476986517,0.01402392065519198,0.057152025653554
0.22586960653029747,0.014234668811145611,0.0597638004254368
0.2309508815170603,0.014662572233114452,0.05984397557629678
0.23719364199779958,0.015093100608848307,0.059903683951476015
0.23932172081553355,0.015093100608848307,0.05782887016677354
0.2402563002547859,0.015310965532595583,0.0584437379885858
0.2445243369231213,0.0161655435476294,0.05997455609247147
0.24876614667012023,0.01638340847137668,0.058016176831009736
0.2508841580620353,0.016821053614904175,0.05987750539324186
0.2555773110628805,0.017668514862144352,0.06399505961368251
0.25868054412967245,0.01787926301809799,0.06425192323885705
0.2617794967338142,0.01809904323787821,0.062472269601152514
0.26482780710233145,0.019183662365422686,0.06290637764428736
0.26975962423782246,0.020055618040980584,0.06253697305068767
0.2728485094161453,0.020490638230743062,0.06462930622299759
0.275947462020287,0.020700062314512695,0.06285288483410793
0.2783143259256125,0.02090948639828233,0.06572089725406267
0.28178347216398947,0.02133677540579924,0.06701766257698258
0.28370327327811873,0.02155655562557946,0.06573041792609002
0.2846378527173711,0.02176597970934909,0.06623921375415547
0.2846378527173711,0.02176597970934909,0.06623921375415547
0.28867566522341526,0.02219388313131793,0.06712460771299429
0.2938520544096665,0.02263081861711335,0.06577524913234728
0.297280625838238,0.023049666784652617,0.06600595153145203
0.2982514996246457,0.023266822050667817,0.06594595994465999
0.2992223734110535,0.02369735042640167,0.0659431148471626
0.3020624060759659,0.02369735042640167,0.06712055547725863
0.306872882090632,0.02369735042640167,0.06482975056311074
0.30974920910269993,0.02455649188183644,0.06574834667077864
0.3119035148417704,0.024776272101616658,0.0670802947376704
0.3148448319779319,0.024987020257570294,0.06363700725317875
0.3160282639305946,0.025204885181317572,0.06485678860160919
0.3160282639305946,0.025204885181317572,0.06485678860160919
0.3179337171562547,0.02542275010506485,0.06573439995979562
0.3179337171562547,0.025857060637095253,0.06573439995979562
0.3198535182703839,0.026293996122890673,0.06461697998840173
0.3231143868051561,0.02693132362862914,0.06634964689563384
0.32600506170569304,0.027568036719915683,0.065474646274043
0.328133140523427,0.02799856509564954,0.06350040043208685
0.3333501045194838,0.028216430019396815,0.06363400226723434
0.33865828556097066,0.028216430019396815,0.06272472328489986
0.3417572381651125,0.028863499246693947,0.06092270190515186
0.343911543904183,0.028863499246693947,0.062454773100213926
0.34484612334343534,0.02907292333046358,0.06306732021726924
0.34785813936479715,0.029292703550243798,0.06420676941099603
0.34900099650765426,0.029721316629944712,0.06405655044054889
0.3521142970002652,0.030380657289285372,0.06035311446827988
0.3521142970002652,0.031457545234584286,0.06035311446827988
0.3532977289529279,0.031885448656553114,0.06160399079001966
0.3532977289529279,0.031885448656553114,0.06160399079001966
0.354440586095785,0.0325240770438726,0.06155869718205686
0.3563460393214451,0.03273482519982624,0.062322761456574574
0.3602075880083898,0.033379269473358356,0.061529405362412436
0.36117846179479757,0.03403669483666606,0.06177381927804502
0.3621130412340499,0.03425647505644629,0.062484320178097054
0.36309826290892677,0.03446589914021592,0.06066284328547735
0.36733000523010667,0.03512069954975862,0.06260686410306142
0.37066774292183996,0.03512069954975862,0.06519575609325257
0.3737666955259817,0.035993364883048586,0.0634947858759929
0.37475191720085854,0.036631402046519136,0.06167437466379942
0.3767223605506122,0.03685118226629936,0.05806294589153455
0.3788766662896827,0.03771673083179569,0.059624750444706824
0.38192497665819997,0.03815175102155817,0.060313925385787046
0.3829101983330768,0.038579654443527005,0.058506022543254634
0.3862116416776546,0.0400910665980196,0.061668318824600256
0.3894825776382457,0.04094888398127036,0.05948311483865147
0.39159630856751065,0.0420063837267321,0.059631791756807155
0.3925671823539184,0.04243691210246596,0.05992595726187122
0.3948528966396327,0.04265477702621323,0.05994791080537855
0.3948528966396327,0.043509969455698974,0.05994791080537855
0.39696662756889756,0.04372783437944626,0.06038869447217912
0.4043378973040249,0.04394569930319354,0.06209896499187999
0.4043378973040249,0.04459276853049067,0.06209896499187999
0.4095405134116126,0.04523009603622913,0.0645606787031412
0.4115109567613663,0.04674259539513946,0.06079166627759113
0.41663527541353645,0.04695975066115467,0.05464974058851574
0.4196835857820537,0.04782397515446699,0.05538004332902342
0.4196835857820537,0.04826353559402743,0.05538004332902342
0.42158903900771383,0.04913170911328878,0.05614105821620107
0.42588577145298745,0.05062564836397715,0.05372880063590318
0.4310520932134197,0.05214287640468237,0.05612499472028589
0.43300818867470425,0.05300901619402765,0.05465023215472067
0.43516249441377475,0.05365549419747584,0.05636064907737398
0.43728050580568983,0.054304478720805904,0.05799752808431254
0.4415891172838308,0.054513902804575534,0.06160900019086028
0.44375777091137036,0.054934075044298813,0.0612886786641633
0.44754673090400426,0.0557925068420015,0.06042601207662962
0.4494665320181334,0.056438866411566556,0.059079320395934526
0.4525511367338061,0.056865445761351385,0.05962105164423657
0.45642703330921985,0.057931363156187785,0.05694788610577328
0.45953026637601174,0.05880140353571275,0.05698968330690643
0.46160770295812126,0.06031983721471883,0.057089461880117695
0.46866759891134624,0.06117573930193665,0.05461180653417753
0.4724565589039801,0.06287257709244995,0.05494236501525052
0.4772163926830217,0.06416612432319527,0.05600088315178276
0.48031962574981363,0.06459473740289619,0.05630674195689915
0.4823970623319231,0.06650873045942468,0.05683939326168671
0.48647116918512284,0.06782287152830804,0.057333820623087686
0.48936184408565975,0.06891460742364616,0.05683729753797941
0.4924245023426462,0.07042273340241101,0.05571803772135899
0.49858611320377416,0.07171557097542425,0.05270362923558575
0.5037524349642064,0.07364703693575698,0.055526072564687716
0.5058704463561216,0.07515691134090227,0.05753422685678902
0.5099808475564765,0.07706582135955323,0.057034329390876125
0.5150038817373976,0.07901416899984123,0.056957154853805786
0.5232285812921662,0.08183128138323954,0.056312079869901735
0.5305855031388245,0.0842075324454964,0.059173153897024454
0.5348129649973543,0.08635877862560935,0.058981504870126
0.5377542821335157,0.08828182693656741,0.05578256436065178
0.5441141032724296,0.08999677523593987,0.0554957482928516
0.550712709498935,0.09213444910242825,0.05904595518650243
0.5598461448802112,0.09579237670067554,0.05811757414593117
0.5658501202733591,0.09902254455600348,0.05374774364142744
0.5718803225878434,0.10245951154133603,0.05298878060100206
0.5884500178283404,0.10696506725647596,0.04999817723628025
0.5971783935266826,0.112317374561124,0.055111980056383604
0.6095708858356824,0.1185597716670969,0.04662681708130909
0.6192684446663297,0.12566166458458725,0.047919135567448534
0.6329531737673965,0.13293564974680339,0.05375541359966331
0.6454907652629561,0.1432140629793051,0.05766419590101683
0.6621183180007032,0.15284763077468128,0.05109595133348397
0.6869879544994653,0.17196979092896528,0.05169659980709037
0.70324199549541,0.19373577269287773,0.04444441979274979
0.7319649364466616,0.22384981469780518,0.045124831003282725
0.7764551727957052,0.2894964370686716,0.05845388198037771
0.8136108952674309,0.36881452189782826,0.054273975673140455
0.8601533818343926,0.5171251073509829,0.0586624143787553
0.9190359147175095,0.7129856386768969,0.05391011639800512
0.979560116945196,0.896922404666855,0.021645697202659502
1.0,0.9904451682953311,0.0
1.0,1.0,0.0
1.0,1.0,0.0
1.0,1.0,0.0
1.0,1.0,0.0
1.0,1.0,0.0
