tp_ave_seq,fp_ave_seq,std_tp
0.0,0.0,0.0
0.0,0.0,0.0
0.0,0.0,0.0
0.0,0.0,0.0
0.0,0.0,0.0
0.0,0.0,0.0
0.0,0.0,0.0
0.0,0.0,0.0
0.0,0.0,0.0
0.0,0.0,0.0
0.0,0.0,0.0
0.0,0.0,0.0
0.0,0.0,0.0
0.0,0.0,0.0
0.0,0.0,0.0
0.0,0.0,0.0
0.0,0.0,0.0
0.0,0.0,0.0
0.0,0.0,0.0
0.0,0.0,0.0
0.0,0.0,0.0
0.0,0.0,0.0
0.0015625,0.0,0.0031250000000000006
0.0032719017094017095,0.0,0.004013970786458417
0.0032719017094017095,0.00019920318725099602,0.004013970786458417
0.0066479700854700854,0.00019920318725099602,0.006351495726495727
0.0081631216006216,0.000395281618623545,0.005420227903307508
0.00987252331002331,0.000591360049996094,0.008461682065996796
0.01143502331002331,0.000591360049996094,0.008656102791798915
0.012950174825174826,0.000591360049996094,0.008509765410888987
0.019854555167055168,0.000591360049996094,0.012617860013017712
0.021521221833721835,0.000591360049996094,0.011485531317276951
0.028639277389277386,0.0007929729532219005,0.01299859236744817
0.03545357420357421,0.0009921761404728965,0.013357530815504387
0.03867812742812743,0.0011937890436987029,0.015455905707600812
0.04231060606060606,0.0011937890436987029,0.018960218961422307
0.04916763791763792,0.001389867475071252,0.02496677117069598
0.05416836635586636,0.0015914803782970583,0.024147357833181858
0.06042783605283606,0.0017930932815228649,0.02046164157324879
0.06209450271950272,0.0017930932815228649,0.01842484404053954
0.07031978438228438,0.0025907910162236217,0.02087217560420795
0.07653190559440559,0.0029860726348471672,0.021637375376287533
0.0831325271950272,0.0029860726348471672,0.02577786867156265
0.08655133061383062,0.003381354253470712,0.030999984214307285
0.08806648212898213,0.003381354253470712,0.032082717688003685
0.0897331487956488,0.004184586460024726,0.030680635413461697
0.09509445415695417,0.004582277794623082,0.031175241486935616
0.09676112082362083,0.004982284194725484,0.029803481361169386
0.0984277874902875,0.00518389709795129,0.028754504741772425
0.10176112082362083,0.00518389709795129,0.027760336687608148
0.11256143162393162,0.005580778742175245,0.0394348189870887
0.11448450854700853,0.005779981929426241,0.0388174155501222
0.11953258547008547,0.005779981929426241,0.033784261366290355
0.12280448717948718,0.0061777948485541,0.03304188725361698
0.1247275641025641,0.006777220670907763,0.03283323383779316
0.12795673076923078,0.00737883997423597,0.02942161485250694
0.13118589743589743,0.007782065780687584,0.026164449208169162
0.13467147435897436,0.008178947424911539,0.023713882404371556
0.13774912587412586,0.008379750637762945,0.02387574742269468
0.14097367909867908,0.008578953825013941,0.027410957480152764
0.14915622571872572,0.008778157012264937,0.028604640575467452
0.1588437257187257,0.008979769915490743,0.020444364178212247
0.16530205905205902,0.00918138281871655,0.017544812069733663
0.16530205905205902,0.009576664437340095,0.017544812069733663
0.1685266122766123,0.009576664437340095,0.020236822180276438
0.1685266122766123,0.009976887072442764,0.020236822180276438
0.1685266122766123,0.010177690285294168,0.020236822180276438
0.17215909090909093,0.010572971903917714,0.018553743521341846
0.17538364413364413,0.010975388019994925,0.021980130502329755
0.17689879564879565,0.010975388019994925,0.02456898119486442
0.1805312742812743,0.010975388019994925,0.023936312202232187
0.18604409479409478,0.011373079354593283,0.02128117052465139
0.18952967171717172,0.011572282541844277,0.019116461305335418
0.19452967171717173,0.011572282541844277,0.017892522898313393
0.19604482323232325,0.011572282541844277,0.02013925647721022
0.19989097707847708,0.011572282541844277,0.02088095036460962
0.19989097707847708,0.012372511577049347,0.02088095036460962
0.19989097707847708,0.01276779319567289,0.02088095036460962
0.2035234557109557,0.012966996382923887,0.022122457157127778
0.2035234557109557,0.013166199570174883,0.022122457157127778
0.20675262237762237,0.01336781247340069,0.019235674526258312
0.21180069930069928,0.01336781247340069,0.015787701716060566
0.2133631993006993,0.013964235124405412,0.013530612150254563
0.21680142773892772,0.014165038337256816,0.017615957392079114
0.21846809440559442,0.014366651240482623,0.017123261505877802
0.22180142773892775,0.014568264143708428,0.018045526060040555
0.22180142773892775,0.014568264143708428,0.018045526060040555
0.22861572455322454,0.014767467330959428,0.020739397885014218
0.22861572455322454,0.015162748949582971,0.020739397885014218
0.23032512626262625,0.015562971584685637,0.019766946445542388
0.23032512626262625,0.01596066291928399,0.019766946445542388
0.23224820318570316,0.01636088555438666,0.021936218053411494
0.23537320318570315,0.016763301670463873,0.01701211384796644
0.23703986985236983,0.016763301670463873,0.017930458451765646
0.23703986985236983,0.016961911402340733,0.017930458451765646
0.24219211344211344,0.01735659956559015,0.0196977714895146
0.24563034188034188,0.01775901568166736,0.022601959711576147
0.24729700854700853,0.017960628584893168,0.023755062592174477
0.25073523698523703,0.018558651261498298,0.026683044776045068
0.2526583139083139,0.018558651261498298,0.029527596201738924
0.2576590423465423,0.0187594544743497,0.03118770671985755
0.2576590423465423,0.0187594544743497,0.03118770671985755
0.2591741938616938,0.0187594544743497,0.03169479846827683
0.2625075271950272,0.01915886741907797,0.03315048284850383
0.2671476787101787,0.01975655227615333,0.03072527556363137
0.2733597999223,0.020153433920377283,0.03458602420034131
0.27834110334110335,0.02054871553900083,0.028194959006365518
0.2815229215229215,0.02154662303117886,0.030486609469391385
0.28344599844599844,0.021944435950306717,0.03232456869958728
0.28344599844599844,0.022143639137557715,0.03232456869958728
0.2865709984459984,0.022748477847235132,0.029578755067224308
0.2865709984459984,0.022947087579111992,0.029578755067224308
0.28984290015540015,0.023540047654708497,0.02576826993785364
0.2934326437451437,0.023943273461160108,0.028687772746443466
0.29499514374514374,0.024338555079783657,0.027753722380034183
0.30010003885003883,0.024537164811660517,0.03166439276627186
0.30202311577311575,0.025533810097767905,0.034023145772192634
0.30202311577311575,0.025533810097767905,0.034023145772192634
0.30514811577311574,0.025734613310619308,0.03266198056845139
0.30666326728826726,0.02593322304249617,0.033398858947792195
0.31145032051282046,0.02652871441859699,0.0309372125664863
0.3146794871794872,0.026926527337724847,0.031129303406468835
0.3177571386946387,0.027527336950678653,0.03213974101690175
0.32275786713286714,0.0279226185693022,0.035178022747800526
0.32468094405594405,0.028322624969404603,0.03713829515567238
0.3261960955710956,0.028523428182256005,0.038217388022328984
0.3261960955710956,0.02891870980087955,0.038217388022328984
0.3261960955710956,0.029318716200981955,0.038217388022328984
0.3277585955710956,0.03011975492656142,0.038423458961805886
0.3277585955710956,0.030521361352264232,0.038423458961805886
0.32927374708624707,0.030722164565115638,0.03963973515546082
0.3329062257187257,0.030922967777967048,0.03848372515005845
0.33461562742812745,0.031716062315718455,0.03550184754187084
0.3379489607614608,0.03211847843179566,0.03522387600018633
0.34672906954156957,0.03211847843179566,0.035067311083923774
0.34843847125097127,0.03251316659504507,0.032396055693891576
0.34843847125097127,0.03290532345779017,0.032396055693891576
0.3500009712509713,0.03350221797963952,0.03194064048140612
0.3584865481740482,0.03350221797963952,0.03422184873392459
0.3615641996891997,0.03429772223336573,0.03467381051649712
0.3615641996891997,0.03469241039661514,0.03467381051649712
0.36479336635586634,0.035094826512692356,0.03504437918898262
0.3680179195804196,0.0354901081313159,0.03258480071515084
0.37327432983682984,0.03588538974993945,0.03595183128155738
0.37690680846930846,0.03608459293719044,0.03525329505537622
0.37690680846930846,0.03688250690689147,0.03525329505537622
0.38210178710178705,0.03728031982601933,0.03465414449763709
0.38381118881118875,0.03787480463189387,0.03188491256323486
0.38381118881118875,0.03846928943776841,0.03188491256323486
0.3888119172494172,0.03907090874109662,0.034670174043963706
0.3888119172494172,0.03907090874109662,0.034670174043963706
0.3953083721833721,0.039667924847475465,0.02931539632945327
0.39687087218337214,0.040269760385803946,0.02923221765244444
0.3985802738927739,0.040468370117680806,0.026597546780399647
0.40242642773892773,0.04186940876583969,0.033210929667904794
0.40242642773892773,0.04246861835319308,0.033210929667904794
0.4074271561771562,0.04246861835319308,0.03650016814261063
0.4090938228438229,0.04286549999741703,0.0359282398749924
0.41076048951048955,0.04406583008319528,0.03566001666871963
0.41721882284382283,0.045461550494501166,0.035915717997874866
0.42378205128205126,0.046251398691844615,0.03921191100287057
0.42883012820512817,0.0486477113022961,0.043408855918917605
0.43075320512820514,0.04963755302211655,0.04621547034501592
0.43782852564102565,0.05103606036977112,0.05262387402538116
0.43953792735042735,0.051433279833524845,0.050113605334965804
0.44468555749805755,0.05183350246862752,0.05020407133072217
0.4463522241647242,0.05223190884312952,0.04993715192194689
0.45301961926961926,0.05262879048735345,0.052778554951568586
0.4599854312354312,0.053625786059775984,0.053582843102279704
0.4686800699300699,0.05562130951380939,0.05977738648231339
0.4703894716394716,0.056415072802257306,0.05742493811853702
0.47513378982128984,0.057610111585241285,0.05706826004969014
0.4815401612276612,0.059396982289066,0.05379899236235423
0.4849589646464646,0.06118185639176803,0.04894111869723594
0.49126116938616937,0.06258151124932676,0.0451378324647656
0.4963893745143745,0.06556883362345922,0.03856323483390455
0.5047707847707847,0.06656885930128942,0.041970151350502014
0.5147100815850816,0.06856412711947849,0.04239097026834843
0.5228258547008547,0.07016505706073324,0.036594070057384236
0.5342368395493395,0.07215725887903633,0.04078327817205432
0.5508957362082363,0.07474192196803256,0.04157020555780931
0.5608491161616161,0.07672693053288951,0.0485622037696579
0.5680713383838384,0.07951829606017889,0.05283475846982592
0.5812966200466201,0.08311115282874403,0.056650685816565974
0.597821726884227,0.08850181519352548,0.05182923888795071
0.6089629467754467,0.09268172034545999,0.0474550123760758
0.6236560314685314,0.10065501399418406,0.05169253529672617
0.645500437062937,0.11001835195213557,0.046793670922282725
0.6671925990675991,0.12097248218253923,0.04710185192056814
0.6862298465423465,0.13431996814125252,0.05225747088619725
0.7170626942501943,0.1532103640580797,0.05636227296271694
0.7490219502719503,0.17948078197201614,0.06475472332050099
0.7921692890442891,0.2234681692210468,0.06949346665586152
0.8325575466200466,0.3032512239530509,0.0778933848320826
0.8820296717171716,0.4842478002658318,0.07613599937146434
0.9521197552447551,0.7439521355434873,0.052902409962894886
0.9872960372960373,0.8819591488611973,0.016033162041042083
0.9984848484848484,0.9939516129032258,0.0030303030303030277
1.0,1.0,0.0
1.0,1.0,0.0
1.0,1.0,0.0
1.0,1.0,0.0
