tp_ave_seq,fp_ave_seq,std_tp
0.0,0.0,0.0
0.0,0.0,0.0
0.0,0.0,0.0
0.0,0.0,0.0
0.0,0.0,0.0
0.0,0.0,0.0
0.0,0.0,0.0
0.0007692307692307692,0.0,0.0015384615384615385
0.008432296781232952,0.0,0.013200617615983878
0.027711832340013794,0.0,0.04038474757982679
0.055097762028773666,0.00022805017103762827,0.06443916715329662
0.08301536317066224,0.0006803155887120278,0.07920956399133797
0.1191593749463882,0.0013629381194562966,0.09118244655736357
0.151458760426424,0.0027209836940341207,0.09395463228744379
0.19033767443137173,0.004314514107505787,0.0924248115196052
0.2303929337066431,0.005454145205367211,0.0911516756368843
0.2733587593970773,0.006354841116315152,0.08744277987993677
0.30487210693539474,0.007266422043138948,0.07904315210183858
0.33466306652667555,0.008644753146968354,0.07209059192471647
0.35072035670293394,0.009550533303871778,0.07239026723485673
0.3734791529849338,0.0102440408504919,0.06497560450487913
0.4018674050513472,0.010923063637780813,0.0631643252550033
0.4192542155177442,0.012067202704139492,0.05480260910797362
0.4423007224298071,0.012533952881145102,0.04443222564746404
0.4532286920091818,0.01299005322322036,0.03998893647385693
0.4680633495970108,0.013674876780429644,0.035929718644943494
0.482976229297265,0.015041649824286796,0.02983627110362664
0.4970266190765388,0.016665783654356725,0.029257505109988716
0.5079543745518053,0.017120591195008864,0.026242733664731517
0.521915464218194,0.018272506025736483,0.025612385259288033
0.5307758326556801,0.01941084432217479,0.02753666357919501
0.5373400625156546,0.019637601691789304,0.024407597041204078
0.5440103236609057,0.020088574308040587,0.020305529290896077
0.5549687533239319,0.020994354464944014,0.02482845997907673
0.561774816004282,0.021670835129255182,0.025128959396737913
0.5707685016486702,0.02258764969747018,0.024749666496909538
0.5752963753272464,0.02327794207701616,0.024426716861023087
0.5827825827680504,0.024427891062224268,0.026477760120716287
0.5864354084962273,0.024887206571373662,0.027417117685921588
0.5924121819747672,0.025345613855481158,0.029202603810801094
0.5953998524603101,0.02626079452576031,0.02749353012293249
0.6028710703832945,0.026715602066412453,0.030750116092435217
0.6072023467388583,0.027174009350519952,0.029189409779057613
0.6118647560276826,0.02763332485966935,0.029966251107664675
0.6155923680806459,0.028088132400321486,0.030059303213953316
0.6201799910446839,0.029012564188540653,0.032048218894677134
0.6231986448651041,0.0294693375747123,0.032390098958451075
0.6254025232718127,0.030844794607980296,0.03327954431943479
0.6269264710221756,0.03130703681648865,0.03328780639167265
0.6298996277196196,0.03130703681648865,0.03240206643517694
0.6328580090033522,0.03198605960377757,0.03297395343138086
0.6357561177503972,0.03290958316695483,0.03342012203531374
0.6387440023400481,0.034062790799105555,0.03266933482484306
0.6395440023400482,0.03451376341535685,0.03370244848899894
0.6439205617144798,0.03474181358639448,0.03254639592332021
0.6439205617144798,0.03474181358639448,0.03254639592332021
0.6469684572152055,0.03496602883303125,0.03235609368022069
0.6484924049655683,0.0354221291751065,0.03242211758657456
0.6484924049655683,0.03611309459874888,0.03242211758657456
0.6500018389278324,0.03679341018746092,0.03362086020049286
0.6500018389278324,0.03771496790511866,0.03362086020049286
0.6516018389278324,0.037941725274733176,0.03552740288920682
0.6531710696970633,0.038632690698375556,0.03612311368146711
0.656882687932969,0.03932005637856258,0.03369267787632864
0.6599158555414878,0.03932005637856258,0.03386550922137349
0.6622398032918506,0.03977846366267008,0.03521944502547799
0.6637637510422134,0.04024070587117843,0.03560645409664537
0.6681100644371016,0.0404649211178152,0.03266956327555233
0.6702829595089329,0.0404649211178152,0.031058178854547806
0.6717923934711971,0.040933305192756654,0.03269758148354872
0.6717923934711971,0.04116586333229154,0.03269758148354872
0.6724868379156416,0.04116586333229154,0.03246993564028577
0.6731960577737975,0.04139007857892831,0.031427599220963186
0.6739507747549297,0.041614293825565085,0.032321372301295406
0.6761691669497369,0.04207270110967258,0.03266911093156688
0.6761691669497369,0.04275172389696149,0.03266911093156688
0.6776783868078929,0.04275172389696149,0.03244733315385282
0.6784476175771237,0.0434368885506835,0.0320993090025592
0.6791420620215682,0.04366493872172113,0.03187369164322479
0.6798967790027003,0.04366493872172113,0.03279216655382301
0.6813752296300871,0.04389169609133564,0.03142009089545175
0.6834733383771321,0.04458813033731472,0.029960565034534026
0.6872757367548816,0.04481234558395149,0.02995978919563895
0.6888141982933431,0.04549136837124041,0.029583814600629373
0.6910018687788859,0.04549136837124041,0.027271340943976225
0.691711088637042,0.045715583617877184,0.026192944671625
0.694789753368537,0.04663263336703767,0.028758937585143734
0.6955897533685369,0.04686068353807531,0.029495302772416725
0.6970534285822121,0.04708744090768981,0.029024949611500886
0.6992573069889207,0.047767713016533354,0.030564800831346956
0.7000120239700529,0.04822612030064085,0.03158186580254181
0.7030159023767616,0.048680927841292986,0.03394916462681418
0.705265063802338,0.049143170049801344,0.0353088428656089
0.70601978078347,0.04937736208727207,0.03638182484306253
0.7067744977646022,0.05006636166539493,0.037484887022467814
0.707543728533833,0.05006636166539493,0.03729804492163032
0.708252948391989,0.05006636166539493,0.03626368384318006
0.7110455015834785,0.05006636166539493,0.034429526890437205
0.7125239522108652,0.05006636166539493,0.033146318227617245
0.7125239522108652,0.05052476894950243,0.033146318227617245
0.7133239522108651,0.05075281912054006,0.033651152855572235
0.7155568581937711,0.05143313470925209,0.03310469560344021
0.7155568581937711,0.051889908095423744,0.03310469560344021
0.7155568581937711,0.051889908095423744,0.03310469560344021
0.7155568581937711,0.052346008437499,0.03310469560344021
0.7170060196193477,0.05280081597815114,0.03398126580749201
0.7170060196193477,0.053714030802910775,0.03398126580749201
0.7170060196193477,0.05439559571317744,0.03398126580749201
0.7177607366004798,0.05462235308279194,0.03508582269907723
0.7192246734397678,0.0553039179930586,0.03514680539379985
0.7192246734397678,0.0553039179930586,0.03514680539379985
0.7213830547235004,0.0553039179930586,0.035082609551372906
0.7228469915627884,0.0553039179930586,0.0352975719921506
0.7243106667764636,0.0553039179930586,0.03487711316088095
0.7243106667764636,0.055984233581770626,0.03487711316088095
0.7266051112209081,0.056446475790278984,0.03537258825292301
0.7280235509372202,0.05690128333093112,0.033306898029308855
0.7302874877765083,0.05736189164150364,0.03393525893307251
0.7332606444739524,0.057816699182155776,0.03375599515529733
0.7355098058995291,0.058044749353193405,0.035161737016391144
0.7370337536498919,0.05827150672280792,0.035983632459333344
0.7385429735080479,0.05827150672280792,0.03555282048150797
0.7392374179524922,0.05872377214048232,0.03525995386294215
0.7415466378106482,0.05872377214048232,0.0354540444147259
0.743025088438035,0.05917728687971134,0.03413211852691293
0.7437943192072658,0.059628259495962635,0.033714668823371485
0.7445635499764965,0.05986245153343336,0.03336300346813296
0.7445635499764965,0.06008666678007013,0.03336300346813296
0.7452727698346526,0.06077312423521526,0.032479366054468516
0.7452727698346526,0.06167636226914093,0.032479366054468516
0.7452727698346526,0.061903119638755444,0.032479366054468516
0.7460274868157846,0.062354092255006724,0.033676383013066136
0.7490458790105919,0.06257830750164349,0.03465999573208459
0.7490458790105919,0.06304342378071326,0.03465999573208459
0.7498151097798227,0.06350403209128577,0.03437268403027958
0.7498151097798227,0.06396243937539328,0.03437268403027958
0.7505095542242672,0.06396243937539328,0.0339813482160199
0.7549005798652928,0.06441470479306768,0.03246093338246404
0.7549005798652928,0.06464726293260256,0.03246093338246404
0.7570734749371241,0.0655613859824041,0.031033199611251432
0.7593679193815686,0.06601815936857575,0.031719463217813645
0.7615863590978806,0.06715592138755583,0.030086708921185774
0.7631555898671113,0.06784457986916596,0.03054275635476483
0.7631555898671113,0.06807713800870084,0.03054275635476483
0.7638500343115557,0.06875616079598976,0.030274037152302567
0.7646500343115558,0.0692045912892633,0.030947007457919208
0.7660684740278679,0.06966299857337081,0.028786040733687564
0.7660684740278679,0.07012811485244057,0.028786040733687564
0.7660684740278679,0.07035233009907735,0.028786040733687564
0.7690868662226752,0.07173449612730762,0.029982759982119904
0.7705360276482517,0.07219544553439286,0.030713415555614788
0.7705360276482517,0.07286809127430317,0.030713415555614788
0.7728452475064077,0.074001345324786,0.031111533175470663
0.7742489118090081,0.07515546118197862,0.029808092790866405
0.7742489118090081,0.07583194184628979,0.029808092790866405
0.7742489118090081,0.07674735769751444,0.029808092790866405
0.7756525761116086,0.07697157294415122,0.0285487163829975
0.7779312408431036,0.07788511971649452,0.03016870773450513
0.778625685287548,0.07855776545640483,0.02995662202213044
0.7815237940345929,0.07924805783595082,0.02932703855887513
0.7837874692482681,0.08039383080024534,0.02959477038341588
0.7852511444619433,0.08200438809602596,0.029208881325396164
0.7882095257456759,0.08385330430126184,0.029674575634844415
0.7895984146345647,0.08544448429283277,0.02980360038631905
0.792526026687528,0.08613635794151706,0.029220326670520103
0.7947444664038401,0.08681667353022908,0.027640427542349112
0.797022917031227,0.08796024546805858,0.026823765743449548
0.7977921478004577,0.08979923751125804,0.026398401493129865
0.7993160955508205,0.0907146533624827,0.02689409335487968
0.800765256976397,0.09139818411826886,0.027786191244210872
0.8036473719063844,0.0941451138649683,0.025162914647305346
0.8044166026756152,0.09573677519955859,0.02486148580700346
0.8066657641011916,0.09803355476953883,0.02643873187278525
0.8080546529900806,0.10054802314334155,0.026707372418966542
0.8140302080652744,0.10327639802536337,0.024845701848583902
0.816323386584868,0.10581667337955189,0.02534898505579585
0.819976212313045,0.1088013949071774,0.025682104340707772
0.8236595456463783,0.11154414863296322,0.027276967235193
0.8266927132548971,0.11450948370744998,0.027157416452973426
0.8318237279848478,0.11886155455639087,0.02667181637418723
0.8371057953933306,0.12506764598658054,0.028788819406537464
0.8393241875881378,0.13014775034084974,0.029603110364114393
0.8439425797829451,0.13814802495709558,0.03228189772400545
0.8482588190991844,0.14800364545475336,0.033662017599737436
0.8551106405281235,0.15555307672012614,0.03420856665189204
0.8617961106135936,0.1705235043729843,0.0369269912754491
0.8668818898461813,0.18314891660051025,0.0344604517662167
0.8758023167162469,0.20636822507849345,0.03558302467678518
0.8824563224188274,0.22464021843669765,0.030390022662929592
0.8914510123624535,0.25799017701377097,0.03403339624414067
0.9019539178649978,0.29405090848732607,0.033781254344908924
0.923809137510422,0.35784245753378147,0.04078967840985738
0.9451475383174298,0.4533155182616273,0.03323825039117442
0.9612966076164792,0.5771237724448018,0.03018529373450987
0.9787263593380615,0.7232547889476088,0.02029838656511678
0.9917184942716858,0.8425455737021995,0.011974992760835494
0.9976923076923077,0.9392146829503183,0.004615384615384599
1.0,0.9920634920634921,0.0
1.0,1.0,0.0
1.0,1.0,0.0
1.0,1.0,0.0
1.0,1.0,0.0
