tp_ave_seq,fp_ave_seq,std_tp
0.0,0.0,0.0
0.0,0.0,0.0
0.0,0.0,0.0
0.0,0.0,0.0
0.0,0.0,0.0
0.0,0.0,0.0
0.0,0.0,0.0
0.0,0.0,0.0
0.0,0.0,0.0
0.0,0.0,0.0
0.0,0.0,0.0
0.0,0.0,0.0
0.0,0.0,0.0
0.0,0.0,0.0
0.0,0.0,0.0
0.0,0.0,0.0
0.0,0.0,0.0
0.0034722222222222225,0.0,0.006944444444444445
0.022916666666666665,0.000234192037470726,0.04583333333333333
0.04750685373326883,0.0009306262834498063,0.08745923202146988
0.0846146383390462,0.0011573836530643189,0.09869396571470175
0.14616555068331463,0.0018447493332513433,0.10951039258207257
0.19843850254077072,0.00322562256005849,0.12334435221893846
0.24005690142633135,0.00415495604208518,0.13425373038467073
0.280167845268608,0.005076513759742931,0.14028811131733082
0.3288262159157583,0.005997163252358783,0.1200153987195497
0.3732882975292249,0.00691037807711842,0.08588423751486779
0.4085432171200939,0.008057443842836059,0.07153149559698754
0.4420785959368255,0.009220628265820745,0.06039229560034495
0.466242559710685,0.010358058337217157,0.06150685283639355
0.491264840262552,0.011515773937865148,0.06029414402186033
0.5067944708643424,0.013106142471032357,0.05744329027346956
0.5239228830627867,0.014707001636793008,0.052095961936372406
0.5399049765480516,0.015854067402510646,0.051050684158017494
0.5542596712266725,0.01744663696214287,0.05038653695371542
0.5677216478467784,0.01814594527868336,0.05589151225293171
0.5777279246312365,0.018608187487191716,0.05704173957142249
0.5857720851475569,0.01929464494233684,0.05397176546326822
0.5961564013354057,0.02019659017483941,0.056845079328572384
0.6030535057832127,0.02042080542147618,0.056559781779426964
0.6112485048739565,0.02064885559251381,0.05250669310780024
0.6141616031388212,0.02087690576355144,0.05390522650907414
0.6171185043935947,0.022014335834947846,0.05116988913837969
0.6207860580139786,0.022697193546637618,0.053652739508797884
0.6230499948532666,0.022925243717675244,0.05378577835896312
0.6275468376754607,0.023834858798979525,0.05358465383802481
0.6290560575336167,0.024983173886251785,0.052535216481932046
0.632874711354037,0.02543160437952533,0.054063826875277
0.6351531619814238,0.0256558196261621,0.05283870927999462
0.6373716016977358,0.02679905046747888,0.0509113640889768
0.640390255518156,0.027483874024688167,0.0525773245800504
0.6483729250944426,0.027718066062158892,0.0461728918854499
0.6521605955799854,0.027946116233196518,0.04426599090660705
0.6565521444722369,0.028402216575271776,0.04460061034061968
0.6618342118807192,0.028630266746309408,0.045194100396549794
0.6655618239336827,0.029549282340989413,0.045263983553106055
0.6692589283814896,0.030008597850138808,0.0457261737016266
0.6692589283814896,0.030467913359288206,0.0457261737016266
0.6715828761318525,0.03114947826955486,0.04682975059648102
0.6738920959900085,0.03161172047806322,0.0463413480290533
0.6778468129711406,0.03206652801871536,0.04897161577537047
0.6792652526874525,0.032755186500325495,0.04726216587762424
0.6822531372771035,0.03297940174696227,0.04855479572027999
0.6851662355419682,0.034128101410615744,0.050095950452272026
0.6866153969675446,0.03458161614984477,0.051144004575022065
0.6881098414119892,0.03527190852939076,0.05117808027069835
0.6888645583931212,0.03618027428914041,0.05249942126537967
0.691143009020508,0.03618027428914041,0.05152308245757195
0.691943009020508,0.03640832446017804,0.051870600647157976
0.6941614012153152,0.03686763996932743,0.0523975562465584
0.6973306319845461,0.03710183200679816,0.05312113132291484
0.7011783133811637,0.03733602404426888,0.052395433269529626
0.7034419885948389,0.03778445453754243,0.052181616081160426
0.704905925434127,0.03801864657501315,0.0525043039142147
0.7071696006478023,0.03918346489593369,0.05229345124834123
0.7100972127007654,0.03963697963516271,0.05186096781863716
0.7137192691981732,0.03963697963516271,0.0511401658270044
0.7151377089144852,0.03963697963516271,0.049392130999131825
0.7158469287726412,0.039863737004777224,0.048556683785373776
0.7173106039863165,0.040316002422451626,0.047794345556391615
0.7187142682889169,0.040316002422451626,0.04662190086225093
0.7223365864119377,0.041237560140109375,0.047241340758634634
0.7237402507145381,0.04168599063338292,0.046170030444337117
0.7237402507145381,0.04191404080442055,0.046170030444337117
0.726018701341925,0.04191404080442055,0.04525832688420872
0.7274678627675015,0.04236630622209495,0.04625425015667653
0.7281770826256576,0.04236630622209495,0.045500709682955574
0.729580746928258,0.04373629443302624,0.044481239529326574
0.7311046946786208,0.04419306781919789,0.045258413441411446
0.7325231343949329,0.044653676129770406,0.043861922398856334
0.733323134394933,0.0455704906979854,0.04417229019975535
0.733323134394933,0.046259149179595546,0.04417229019975535
0.7347722958205093,0.04648336442623231,0.04519067533925832
0.7347722958205093,0.04671012179584682,0.04519067533925832
0.7362667402649539,0.04694431383331755,0.04523343504572927
0.7362667402649539,0.04694431383331755,0.04523343504572927
0.7362667402649539,0.04762333662060646,0.04523343504572927
0.7370667402649538,0.04762333662060646,0.04560917519109815
0.7384556291538427,0.04784755186724323,0.04513350282135969
0.7391648490119987,0.04807430923685775,0.044412005461069284
0.7391648490119987,0.04898392431816202,0.044412005461069284
0.7398740688701547,0.04943235481143556,0.04372463062942941
0.7405832887283108,0.049664912950970454,0.043073011976684956
0.742138005709443,0.04989296312200808,0.044748759237311475
0.742138005709443,0.05035357143258059,0.044748759237311475
0.7436019425487311,0.05058612957211548,0.045439385737697
0.7450803931761179,0.050812886941729994,0.044126485812509546
0.7450803931761179,0.05172993669089049,0.044126485812509546
0.7457748376205622,0.051956694060505,0.04384234065048642
0.7471785019231627,0.052408959478179404,0.043013821626343714
0.7485673908120516,0.05263317472481617,0.04263234788633551
0.7509366215812824,0.05285738997145294,0.0425234624427774
0.7517366215812824,0.05354092072723911,0.042947715464180955
0.7517366215812824,0.05399932801134662,0.042947715464180955
0.7532150722086692,0.05446157021985496,0.04153018144153463
0.755403961097558,0.05492995429479641,0.04161009181524397
0.7568076254001586,0.05539219650330477,0.04082374498680536
0.7568076254001586,0.05584896988947642,0.04082374498680536
0.757502069844603,0.056083161926947143,0.040731463659134534
0.7582112897027591,0.05744830107286847,0.0400957414273615
0.7605205095609151,0.0576824931103392,0.040472251497377376
0.7619241738635155,0.0576824931103392,0.03979387601409352
0.76261861830796,0.058827593030537306,0.03973116270273129
0.76261861830796,0.0597446427796978,0.03973116270273129
0.7633130627524045,0.060432349556397556,0.03971694897506758
0.7640222826105605,0.06088586429562658,0.03915226207726715
0.7647315024687165,0.061576156675172564,0.03863142707826782
0.7647315024687165,0.06248519547901861,0.03863142707826782
0.7662407223268725,0.06316421826630753,0.03865945521052595
0.7662407223268725,0.06385901861435077,0.03865945521052595
0.7662407223268725,0.06477674140760765,0.03865945521052595
0.7684736283097784,0.0652251719008812,0.03649975491828175
0.7698625171986674,0.06590999545809048,0.03656306651425035
0.7706172341797994,0.06613675282770501,0.037666996524623006
0.7706172341797994,0.06659352621387665,0.037666996524623006
0.7706172341797994,0.06751288290506938,0.037666996524623006
0.7706172341797994,0.06820768325311262,0.037666996524623006
0.7714172341797995,0.06911542925553557,0.038151999325045635
0.7738172341797994,0.06934347942657319,0.03995763166699505
0.7745264540379554,0.06980279493572258,0.03939880922808016
0.7752956848071861,0.07003084510676022,0.03833487639444311
0.7760504017883182,0.07048311052443462,0.03935736922029746
0.7767596216464744,0.07070732577107139,0.03881389785297462
0.7767596216464744,0.07093988391060627,0.03881389785297462
0.7774540660909188,0.07185275763885318,0.03879483540061165
0.7781632859490749,0.07231499984736153,0.03828308142294365
0.7796417365764616,0.07254305001839917,0.036697422811789324
0.7796417365764616,0.07345333814379985,0.036697422811789324
0.7811964535575937,0.07414363052334583,0.03836668057278947
0.7819656843268245,0.07460423883391834,0.037294390188943226
0.7842443490583194,0.07529774638053846,0.03844784510518946
0.7842443490583194,0.07621479612969896,0.03844784510518946
0.7849387935027639,0.07713764664877983,0.038356022429047155
0.7849387935027639,0.07874402792364685,0.038356022429047155
0.7863276823916527,0.07964726595757254,0.038323019940259086
0.7863276823916527,0.08034370020355162,0.038323019940259086
0.7871276823916526,0.081034665627194,0.038888167422943064
0.7871276823916526,0.08172332410880415,0.038888167422943064
0.7879276823916527,0.08218556631731248,0.039510065473094394
0.7879276823916527,0.08333004648018391,0.039510065473094394
0.7901608500001716,0.0844671354550676,0.038948500941945415
0.792364514302772,0.0849277437656401,0.0389984155499372
0.7945228955865046,0.08538869317272534,0.03950206345893214
0.7966812768702372,0.08652448934618591,0.04007718598207467
0.7966812768702372,0.08675253951722353,0.04007718598207467
0.7966812768702372,0.08720097001049706,0.04007718598207467
0.7981904967283932,0.08857479314582922,0.04018430091441728
0.7988997165865491,0.0894780311797549,0.03976341571305307
0.800423664336912,0.09038256201510371,0.03966151856132819
0.8011181087813565,0.09244053566354875,0.03965409981200462
0.8011181087813565,0.09358760142926638,0.03965409981200462
0.8011181087813565,0.0947201824356528,0.03965409981200462
0.803365790177974,0.09633169143634382,0.0369595213850649
0.8041350209472048,0.09725454195542468,0.03586463256831128
0.8041350209472048,0.10068317685889741,0.03586463256831128
0.8049350209472049,0.10524304668056375,0.03642822855622335
0.8049350209472049,0.10729742058555344,0.03642822855622335
0.8063986961608801,0.11027182422583226,0.035322576372725796
0.8071679269301107,0.11325923727187122,0.034279999419138084
0.8086771467882666,0.11553174699276329,0.03435042979496822
0.8094463775574976,0.11872514138721675,0.033313628394005604
0.8108648172738097,0.12125437318116464,0.03232293534351131
0.8144869212927223,0.12605251495254927,0.03173758130749219
0.8183203030053491,0.13200577691483445,0.0343564618054849
0.8212934121812886,0.1372638974325637,0.03534980692087193
0.8242810351453265,0.14503153134351843,0.034336330267661135
0.8272246410153474,0.1537409844935993,0.03574139087093443
0.8310107839504266,0.16311385561546152,0.031471898523738336
0.8362168466307768,0.1756789440528225,0.03011697609779084
0.8392047312204276,0.19259022183564709,0.03136208928921013
0.8472328979196904,0.21519315676972384,0.02851798337361648
0.8607112965650702,0.2458192601439831,0.04310658438530904
0.8748977495050558,0.28350603199350494,0.04403402455151361
0.8958112052963317,0.3582777719639011,0.04222083893575112
0.9290664393526097,0.5100086220561757,0.04513992100046354
0.9658475177304965,0.7081775175155569,0.04070987532523932
0.9834156028368796,0.8569246011054332,0.027563442911610156
0.9985815602836879,0.9711627906976744,0.002836879432624118
1.0,1.0,0.0
1.0,1.0,0.0
1.0,1.0,0.0
1.0,1.0,0.0
