tp_ave_seq,fp_ave_seq,std_tp
0.0,0.0,0.0
0.0,0.0,0.0
0.0,0.0,0.0
0.0,0.0,0.0
0.0,0.0,0.0
0.0,0.0,0.0
0.0,0.0,0.0
0.0,0.0,0.0
0.0,0.0,0.0
0.0,0.0,0.0
0.0,0.0,0.0
0.0,0.0,0.0
0.0,0.0,0.0
0.0,0.0,0.0
0.0,0.0,0.0
0.0016666666666666666,0.0,0.003333333333333333
0.0016666666666666666,0.0,0.003333333333333333
0.0016666666666666666,0.00019920318725099602,0.003333333333333333
0.005085470085470086,0.00019920318725099602,0.0068167416689198
0.005085470085470086,0.00019920318725099602,0.0068167416689198
0.010066773504273504,0.00019920318725099602,0.012590485601476407
0.016714743589743588,0.00019920318725099602,0.018734214262244055
0.023258547008547008,0.00019920318725099602,0.0253961688433614
0.029802350427350428,0.00019920318725099602,0.032678061319694356
0.034949980574980576,0.0005992095873533977,0.03273102315353951
0.03807498057498058,0.0005992095873533977,0.03442257613956153
0.04271513209013209,0.0009960912315773523,0.03583188204796974
0.04942987567987568,0.0013963138666800207,0.03643104257463122
0.05953549922299921,0.0015949235985568827,0.03143390441067185
0.07158750971250973,0.0021888149490572897,0.03614253599310581
0.09168924825174825,0.0025866278681851477,0.02711205364147038
0.10642968142968143,0.0029843192027835036,0.02070860132745351
0.1136946386946387,0.0035837450251371672,0.02523410959613867
0.11989729020979023,0.004384567515716372,0.027505813037373723
0.12882891414141412,0.004781449159940327,0.029977100550369607
0.1392188714063714,0.004781449159940327,0.037774518421081885
0.1492149864024864,0.005179140494538681,0.03347870585280752
0.15921571484071484,0.0053752189259112316,0.027794749940918066
0.1672940947940948,0.006380873726065453,0.02688175765998137
0.17562354312354314,0.0071761617447914,0.02459357699318165
0.17910912004662005,0.007979393951345415,0.026919819290563043
0.19077724358974357,0.00818100685457122,0.02749264459190503
0.19708406177156176,0.009180317492497784,0.026594737984968263
0.2034950466200466,0.00998042494317335,0.022582852246573012
0.21121284965034964,0.0107748638706808,0.027646379875984756
0.2179229797979798,0.011174870270783201,0.029932900925315486
0.22322212509712508,0.01157428321551147,0.02840242387518036
0.2298421717171717,0.011972096134639326,0.025710335591725735
0.2375126262626263,0.01296818736621668,0.029761266117595782
0.2425607031857032,0.013766694791291837,0.03534057266016433
0.2540151515151515,0.014768415145193208,0.03774302548766521
0.2591200466200466,0.015766916092745376,0.03649102998727677
0.26855672105672107,0.015968528995971183,0.03551889825366075
0.2719755244755245,0.01656461382744613,0.03329279325223338
0.2771231546231546,0.017157573903042633,0.034217703847188044
0.28571362665112665,0.017759193206370844,0.03582387119623144
0.29079909673659676,0.017759193206370844,0.03139291509750924
0.29787441724941727,0.018755284437948196,0.03265179921908709
0.29787441724941727,0.019557706954127806,0.03265179921908709
0.30114631895881894,0.019756910141378804,0.033506549152398785
0.30306939588189585,0.020360939160681824,0.03516565245087893
0.3076621989121989,0.020360939160681824,0.037709939902116914
0.3076621989121989,0.02115344024305909,0.037709939902116914
0.3076621989121989,0.02175274448088325,0.037709939902116914
0.30958527583527584,0.022147432644132665,0.039343296956306305
0.31644230769230763,0.02254512397873102,0.04060931586685779
0.32007478632478625,0.02314361852618078,0.04231271553534315
0.321784188034188,0.02413832596715799,0.04229587916748354
0.32505608974358974,0.02493614528638825,0.04340461074367553
0.3266185897435897,0.025136948499239652,0.044458501896277106
0.33159989316239313,0.0259243869806083,0.04659044624358616
0.3363915598290598,0.02631907514385771,0.04618518969002463
0.3410885295260296,0.02651515357523026,0.04317761250235984
0.3410885295260296,0.027114363162583654,0.04317761250235984
0.3442703477078477,0.028508145728759364,0.04032507901664117
0.3458328477078477,0.029106761860738628,0.04190849375259543
0.34927107614607616,0.030304587580071284,0.04336660342044612
0.3524528943278943,0.030704000524799557,0.04079324426124109
0.3594187062937063,0.031301685381874916,0.03560428715458758
0.361085372960373,0.031700091756376905,0.03244897907188005
0.361085372960373,0.031700091756376905,0.03244897907188005
0.3627947746697747,0.03210331756282852,0.03251780001462592
0.37126165501165503,0.03230493046605433,0.037438783409617135
0.3760960567210567,0.03270734658213154,0.04130448392033301
0.3760960567210567,0.0329059563140084,0.04130448392033301
0.3776112082362082,0.033106759526859805,0.04123643199657289
0.38396076146076147,0.0335075756173366,0.045479931016884606
0.3902675796425797,0.033907798252439274,0.0465282288431544
0.39193424630924634,0.034109411155665084,0.04362193296987081
0.393600912975913,0.03451101758136789,0.0407810276353733
0.3974470668220668,0.03490570574461731,0.041558499260012934
0.4024951437451437,0.035504915331970706,0.04667468514554658
0.4106208721833721,0.03610293800857583,0.05409903002298441
0.41218337218337214,0.03689703911655351,0.056492179869029054
0.4154125388500388,0.03729704551665592,0.05648761377902444
0.4186844405594405,0.038289756356510454,0.05872702970874365
0.4186844405594405,0.03888825090396022,0.05872702970874365
0.4202469405594405,0.03988467995506734,0.06133163043376075
0.42366574397824397,0.040085483167918746,0.06115562476680111
0.42366574397824397,0.04107647239764337,0.06115562476680111
0.4289648892773893,0.04127808530086918,0.05920410888831522
0.43063155594405594,0.04167277346411859,0.05679122771169437
0.4321940559440559,0.04227045832119395,0.05937194409126542
0.43724213286713287,0.04266514648444336,0.06499893972645748
0.43724213286713287,0.04326435607179676,0.06499893972645748
0.44213335275835275,0.04406286349687192,0.06194552259856461
0.4470719211344211,0.04446286989697432,0.06252559412966759
0.4504479895104895,0.04486228284170259,0.06065287663710164
0.4504479895104895,0.045863908545133204,0.06065287663710164
0.4504479895104895,0.04706896341239029,0.06065287663710164
0.4554960664335665,0.04746424503101383,0.06616477889843884
0.46579594017094017,0.04826147089486995,0.06644423860925856
0.4694284188034188,0.04886008702684922,0.06713417890605801
0.4728472222222222,0.049059290214100215,0.06794618890767322
0.4728472222222222,0.04925849340135121,0.06794618890767322
0.4744097222222222,0.04985479446782644,0.07039490938720476
0.47763888888888884,0.05085110193440404,0.07082406379898813
0.48233585858585853,0.05145272123773226,0.06631505384324439
0.48404526029526024,0.052449622159684,0.06674694404304359
0.48596833721833715,0.053443736145287093,0.06703976113809276
0.48767773892773886,0.05384154906441494,0.06759141630398735
0.4908595571095571,0.054633118871888306,0.06420523643407439
0.4956038752913753,0.05523333502946798,0.06346547861143448
0.4956038752913753,0.05583182957691775,0.06346547861143448
0.4956038752913753,0.057029871531250664,0.06346547861143448
0.5023140054390055,0.05782537578497689,0.06556783396873547
0.5040234071484072,0.05921949617068236,0.0661511095414485
0.5071010586635587,0.060016384215008725,0.06759787973369169
0.5105866355866355,0.0614105046007142,0.07029731763816306
0.5159479409479409,0.062401277595438565,0.07012874307790132
0.5176146076146076,0.06299736242691352,0.06781013298807062
0.5195376845376846,0.06339736882701592,0.06850684300510083
0.5214607614607615,0.06379425047123985,0.06940999020319634
0.5248368298368298,0.06459147633509599,0.06739594916011632
0.529581148018648,0.06578999016027356,0.06631883228289548
0.5327629662004661,0.06698812676507725,0.0629434049032374
0.53660912004662,0.06758834292265692,0.0649061475036678
0.5400279234654234,0.06778754610990792,0.06536227474509684
0.5447248931623931,0.06798674929715891,0.06062552340693436
0.5447248931623931,0.06858917829086152,0.06062552340693436
0.5481009615384614,0.06937855461736034,0.05866524908423261
0.5534622668997669,0.06957935783021174,0.05978510569464448
0.5570520104895105,0.07077659009417028,0.05889509598711714
0.5620333139083138,0.07197601583910333,0.06163949631711373
0.5672282925407925,0.07277843835528294,0.06555209880219873
0.5703532925407926,0.07357060161813045,0.06959667882875784
0.573791520979021,0.07456690908470807,0.06960465699321544
0.5771675893550894,0.07556701005786064,0.06772843948203684
0.5806058177933178,0.07675639278446186,0.06783312581102476
0.5822724844599845,0.07735660894204155,0.0654843680090051
0.5858622280497281,0.07835291640861916,0.06486135723028849
0.5922732128982129,0.07915314544382424,0.061039158678266044
0.5989359945609946,0.08055105933610467,0.06004359631872974
0.6022693278943279,0.08095106573620707,0.05568856002240349
0.6022693278943279,0.08195510115561248,0.05568856002240349
0.6055412296037296,0.08335222471266691,0.05788318798963075
0.608917297979798,0.08435347319572364,0.05621854131391855
0.6169483294483294,0.08575553776925719,0.055200153268731234
0.6201301476301476,0.08834558192364343,0.05160992230763766
0.6282031857031857,0.08974521742605378,0.04462092726906467
0.6317929292929293,0.09093760332400393,0.04405687487111583
0.6348232323232323,0.09312560858268683,0.04159276776725833
0.6348232323232323,0.09432178798721196,0.04159276776725833
0.6367463092463093,0.0969090846060936,0.04349575622714535
0.6383088092463092,0.09910863067932764,0.04538999579617228
0.6436701146076146,0.10149550130573175,0.04858642546516815
0.6472598581973583,0.10388559133848507,0.04873688507306932
0.6505317599067599,0.10629445891262432,0.0499101826154952
0.6505317599067599,0.10888430618715869,0.0499101826154952
0.6538650932400932,0.1114849868152509,0.045688962153533484
0.6618244949494949,0.11408532962381338,0.05297079600580321
0.6697979797979798,0.11648382324845404,0.052473265445785046
0.68013986013986,0.1198742767785673,0.04836688570408762
0.6934746503496503,0.12246963916980654,0.050242344379116025
0.7018987956487955,0.12505519482340988,0.05451347569143683
0.7116290306915307,0.1294573336146155,0.058948080254890386
0.7179358488733489,0.13662553181643047,0.06138823286340694
0.7209661519036519,0.14081836157351627,0.05793774863314625
0.7224813034188033,0.14761555145965005,0.056377874359866686
0.7324346833721833,0.15358962279823649,0.05223240372396485
0.7373259032634033,0.16377091447334557,0.04870243646093716
0.7457641317016318,0.17155710738281021,0.04767509338554286
0.7559739219114219,0.18274390533948526,0.04750932876365958
0.7739862567987569,0.19391120582699575,0.04568116151044278
0.7840872668997669,0.21186247386735038,0.04225318549327579
0.7994726107226107,0.23004076046595673,0.03927775284635949
0.8177459693084692,0.2527619023387314,0.044361565224255106
0.8290015540015541,0.28360831942298936,0.041143805276447565
0.8570245726495725,0.3289069999369692,0.05613523287664079
0.8735691045066044,0.3850777781275963,0.058318198728823344
0.8960251554001555,0.4744011735466727,0.053836188360276024
0.9137842365967366,0.5625084610035681,0.054299355937826935
0.9364182692307693,0.657012741026651,0.05227215525880918
0.959345134032634,0.7557270941513653,0.036757293879910564
0.9836829836829837,0.8624236238957067,0.021056577698156123
1.0,0.9575229905635757,0.0
1.0,0.9973838516900141,0.0
1.0,1.0,0.0
1.0,1.0,0.0
1.0,1.0,0.0
1.0,1.0,0.0
1.0,1.0,0.0
