tp_ave_seq,fp_ave_seq,std_tp
0.0,0.0,0.0
0.0,0.0,0.0
0.0,0.0,0.0
0.0,0.0,0.0
0.0,0.0,0.0
0.0,0.0,0.0
0.0,0.0,0.0
0.0,0.0,0.0
0.0,0.0,0.0
0.0,0.0,0.0
0.0,0.0,0.0
0.0,0.0,0.0
0.0,0.0,0.0
0.0,0.0,0.0
0.0,0.0,0.0
0.0,0.0,0.0
0.0,0.0,0.0
0.0,0.0,0.0
0.0,0.0,0.0
0.0,0.0,0.0
0.0,0.0,0.0
0.0,0.0,0.0
0.0,0.0,0.0
0.0,0.0,0.0
0.0,0.0,0.0
0.0,0.0,0.0
0.0,0.0,0.0
0.0,0.0,0.0
0.0,0.0,0.0
0.0,0.0,0.0
0.0,0.0,0.0
0.0,0.0,0.0
0.0,0.0,0.0
0.0,0.0,0.0
0.0,0.0,0.0
0.0,0.0,0.0
0.0,0.0,0.0
0.0,0.0,0.0
0.0,0.0,0.0
0.0,0.0,0.0
0.0,0.0,0.0
0.0,0.0,0.0
0.0,0.0,0.0
0.0,0.0,0.0
0.0,0.0,0.0
0.0,0.0,0.0
0.0,0.0,0.0
0.0,0.0,0.0
0.0,0.0,0.0
0.0,0.0,0.0
0.0,0.0,0.0
0.0,0.0,0.0
0.0,0.0,0.0
0.0,0.0,0.0
0.0,0.0,0.0
0.0,0.0,0.0
0.0,0.0,0.0
0.0,0.0,0.0
0.0,0.0,0.0
0.0,0.0,0.0
0.0,0.0,0.0
0.0,0.0,0.0
0.0,0.0,0.0
0.0,0.0,0.0
0.0,0.0,0.0
0.0,0.0,0.0
0.0,0.0,0.0
0.0011695906432748538,0.0,0.0023391812865497076
0.0011695906432748538,0.0,0.0023391812865497076
0.0023391812865497076,0.0,0.004678362573099415
0.0023391812865497076,0.0,0.004678362573099415
0.0023391812865497076,0.0,0.004678362573099415
0.0023391812865497076,0.00022650056625141563,0.004678362573099415
0.003820662768031189,0.00022650056625141563,0.004871890636043137
0.0066814545943402566,0.00022650056625141563,0.003765284703307152
0.008060764939167842,0.00022650056625141563,0.004730827453934218
0.009542246420649325,0.00022650056625141563,0.005405923024850512
0.009542246420649325,0.00022650056625141563,0.005405923024850512
0.009542246420649325,0.00022650056625141563,0.005405923024850512
0.011023727902130806,0.00022650056625141563,0.005628294976489325
0.011023727902130806,0.00022650056625141563,0.005628294976489325
0.012505209383612288,0.00022650056625141563,0.007189555200005182
0.01528539216379507,0.00022650056625141563,0.007725117197569282
0.016664702508622654,0.00022650056625141563,0.007948003856315373
0.017963403807323954,0.0006752233547250534,0.006595344919308173
0.019342714152151542,0.0009017239209764691,0.007656974345978652
0.020641415450852837,0.0009017239209764691,0.006990525135733608
0.021940116749554133,0.001119351777342084,0.007252491138750813
0.023109707392828988,0.001119351777342084,0.005840148263567655
0.024489017737656573,0.001119351777342084,0.007352977900010752
0.02578771903635787,0.0013458523435934996,0.008041762773257516
0.02578771903635787,0.0013458523435934996,0.008041762773257516
0.028567901816540654,0.0017835022021593344,0.010250912055881052
0.029866603115241953,0.00201000276841075,0.011782311303164697
0.03134808459672343,0.0022300247706109697,0.01299414249972752
0.0354054065850799,0.0022300247706109697,0.015899806752195916
0.03808341822860879,0.0026765473390626057,0.018494602825259835
0.04224291135361916,0.002896569341262826,0.01961491348036092
0.04510370317992822,0.002896569341262826,0.021407072364641958
0.04510370317992822,0.002896569341262826,0.021407072364641958
0.04510370317992822,0.0031141971976284405,0.021407072364641958
0.047964495006237284,0.0031141971976284405,0.021647026417855736
0.04913408564951214,0.003556441422050883,0.02007252203571773
0.05061556713099362,0.003556441422050883,0.02048750670515544
0.0534763589573027,0.003556441422050883,0.020964379072594883
0.0534763589573027,0.003776463424251103,0.020964379072594883
0.05633715078361177,0.003776463424251103,0.023446122377283465
0.06197812539010361,0.003776463424251103,0.02540586592508821
0.0634596068715851,0.00443633550503916,0.026269317099535602
0.0634596068715851,0.00465635750723938,0.026269317099535602
0.06611067899634142,0.004882858073490795,0.02570087155699691
0.06740938029504273,0.00510935863974221,0.026097777810733778
0.0702701721213518,0.005766836574695662,0.026565856227862297
0.07451027429248845,0.005766836574695662,0.03122512294915825
0.07729045707267124,0.005989058796917884,0.032559160815841544
0.07729045707267124,0.0062155593631693,0.032559160815841544
0.08015124889898029,0.0062155593631693,0.03550876169834659
0.08163273038046177,0.00665560336756974,0.03443546488062897
0.08163273038046177,0.006873231223935355,0.03443546488062897
0.08428380250521812,0.007093253226135576,0.03407892919499261
0.08852390467635476,0.007315475448357797,0.038906810056279974
0.08852390467635476,0.007541976014609214,0.038906810056279974
0.08982260597505606,0.0077684765808606285,0.03885634320535266
0.0940627081461927,0.007994977147112045,0.04142135399079196
0.09832437240785699,0.00821260500347766,0.04162922828483608
0.09980585388933846,0.00821260500347766,0.04295930692765994
0.09980585388933846,0.00843262700567788,0.04295930692765994
0.10276881685230141,0.008870276864243715,0.04607814836831034
0.10840979145879329,0.00909677743049513,0.04820542778238739
0.11137275442175625,0.00909677743049513,0.04918112883539642
0.11415293720193902,0.009976477587670804,0.05085124343526319
0.11662122914391518,0.010411733300402034,0.04899292374932816
0.11662122914391518,0.010411733300402034,0.04899292374932816
0.11662122914391518,0.010411733300402034,0.04899292374932816
0.11929924078744407,0.010411733300402034,0.050275453754415105
0.12067855113227166,0.010629361156767648,0.05160163922773135
0.12353934295858071,0.011516049825634537,0.05465283401437237
0.12502082444006218,0.011951305538365764,0.05637699675098448
0.12502082444006218,0.012828805475519433,0.05637699675098448
0.12767189656481853,0.012828805475519433,0.056503747309634984
0.1304520793450013,0.013484083190450885,0.05837379586664026
0.1319335608264828,0.013704105192651106,0.060367996324639205
0.13323226212518408,0.01436586147163375,0.060379482604433224
0.13323226212518408,0.014588083693855974,0.060379482604433224
0.13897540786832982,0.015023339406587202,0.06353108559974957
0.1419383708312928,0.015240967262952817,0.06788612257738832
0.1432370721299941,0.01634736191219251,0.06795335576475638
0.1432370721299941,0.017004839847145965,0.06795335576475638
0.14916299805592,0.01766011756207741,0.0738432030562203
0.14916299805592,0.018331062572773272,0.0738432030562203
0.15301060034272376,0.01943506307617836,0.07284894305817773
0.1541801909859986,0.02009921350099561,0.0712575297451068
0.1541801909859986,0.020972119072292676,0.0712575297451068
0.15833968411100896,0.021638469717131927,0.07426451703328003
0.16080797605298516,0.021864970283383342,0.07280928664723445
0.16358815883316793,0.022082598139748957,0.07529483769264243
0.16475774947644278,0.02296689266278124,0.07377394961923221
0.1701890043813819,0.024295315608430547,0.07726683166478163
0.17167048586286335,0.024961666253269805,0.07603912770109987
0.17296918716156467,0.02540391047769225,0.0762564954192701
0.17426788846026592,0.02695203940371436,0.07656141486558447
0.1787123329047104,0.027400762192188,0.07670769265762015
0.181309735502113,0.028071391181056442,0.07742515997056645
0.18507672874279044,0.02852011396953008,0.07689164330899936
0.18754502068476658,0.02939949810487834,0.07597909466177676
0.1916775742910044,0.031156382177380277,0.0791284877566594
0.19612201873544882,0.03181165989231173,0.0827844460858597
0.19750132908027643,0.03247373219312179,0.08278011482795254
0.20028151186045923,0.03356905391245367,0.08569724944030646
0.20719424824687982,0.03555954915891305,0.08853084475892277
0.21083213083213087,0.03666166546412354,0.08626658220910673
0.2176426960818975,0.03843849517641908,0.0902883995176272
0.2267924426182139,0.03910484582125833,0.08803793865033688
0.2281717529630415,0.039551368389709976,0.08787734852579382
0.232616197407486,0.04088186945936648,0.0879011270582292
0.23547698923379504,0.04198826410860617,0.08660040225192182
0.23815500087732394,0.04483360348476358,0.08690027238568739
0.24434178445067736,0.04614855935467048,0.08323642592796356
0.24434178445067736,0.04724148692816778,0.08323642592796356
0.26016781766328045,0.0503154049945838,0.08957248580066814
0.2687717552327353,0.0527280767296572,0.09593625546513533
0.2765421914242241,0.05492261066072496,0.09411584216561317
0.2816615554909566,0.05711066602774153,0.09509870314643132
0.2909940822100532,0.06241025869094154,0.09543084193138353
0.29642533711499236,0.06770545091409755,0.10023361261216966
0.3086404272611169,0.07144332547951823,0.10726013966326996
0.31802145558951367,0.0773783723138709,0.11428121750574667
0.33119641667736044,0.08640810882390063,0.1207217609962465
0.35024627050035395,0.09678829204338046,0.12301304754100582
0.3891547573217264,0.11736388781833558,0.15509969939626014
0.41298788594614366,0.1319476716045816,0.15257974451379858
0.4623589974588159,0.15916438138736094,0.158920916356145
0.5569959206619824,0.2858620164442761,0.20655293128221897
0.6447590239967735,0.38548694254891747,0.19498689447900566
0.9096296296296297,0.7477089307521962,0.10479845442268083
0.9812865497076023,0.9105322763306909,0.037426900584795315
1.0,1.0,0.0
1.0,1.0,0.0
1.0,1.0,0.0
1.0,1.0,0.0
1.0,1.0,0.0
1.0,1.0,0.0
