tp_ave_seq,fp_ave_seq,std_tp
0.0,0.0,0.0
0.0,0.0,0.0
0.0,0.0,0.0
0.0,0.0,0.0
0.0,0.0,0.0
0.0,0.0,0.0
0.0,0.0,0.0
0.0,0.0,0.0
0.0,0.0,0.0
0.0,0.0,0.0
0.0,0.0,0.0
0.0,0.0,0.0
0.0,0.0,0.0
0.0,0.0,0.0
0.0,0.0,0.0
0.0,0.0,0.0
0.0,0.0,0.0
0.0,0.0,0.0
0.0,0.0,0.0
0.0,0.0,0.0
0.0,0.0,0.0
0.0,0.0,0.0
0.006060606060606061,0.0,0.012121212121212121
0.006060606060606061,0.0,0.012121212121212121
0.006060606060606061,0.0,0.012121212121212121
0.006060606060606061,0.0,0.012121212121212121
0.020121212121212123,0.0,0.025490306769638624
0.020121212121212123,0.0,0.025490306769638624
0.028121212121212123,0.0,0.02416229180501905
0.028121212121212123,0.00022805017103762827,0.02416229180501905
0.04218181818181818,0.00022805017103762827,0.03838732573206297
0.0543030303030303,0.00022805017103762827,0.056943385284333396
0.0543030303030303,0.00022805017103762827,0.056943385284333396
0.0543030303030303,0.00022805017103762827,0.056943385284333396
0.06036363636363636,0.00022805017103762827,0.06758551363193566
0.06642424242424243,0.00022805017103762827,0.07865686076064775
0.08242424242424243,0.00022805017103762827,0.07131147163776785
0.09042424242424243,0.000688349365514038,0.07281852860609235
0.10382964782964783,0.000688349365514038,0.07130622690838222
0.11982964782964785,0.000688349365514038,0.07311654577016724
0.1258902538902539,0.0009195632383464079,0.08131198359666869
0.13129565929565928,0.0009195632383464079,0.07523111500600962
0.15335626535626534,0.0009195632383464079,0.09435177309285546
0.15335626535626534,0.0011476134093840362,0.09435177309285546
0.15335626535626534,0.0013777630066222411,0.09435177309285546
0.16482227682227682,0.001607912603860446,0.09733405527308299
0.1702276822276822,0.0018380622010986509,0.0931959318965242
0.1702276822276822,0.0018380622010986509,0.0931959318965242
0.1702276822276822,0.0022973262449686492,0.0931959318965242
0.18103849303849304,0.0022973262449686492,0.08837335750496549
0.18103849303849304,0.0022973262449686492,0.08837335750496549
0.18103849303849304,0.0022973262449686492,0.08837335750496549
0.18903849303849304,0.0022973262449686492,0.09491698703648652
0.20244389844389846,0.0022973262449686492,0.1022763450411509
0.21584930384930384,0.0022973262449686492,0.09962149050114574
0.21584930384930384,0.0022973262449686492,0.09962149050114574
0.21584930384930384,0.0022973262449686492,0.09962149050114574
0.22384930384930382,0.0022973262449686492,0.1088432474160938
0.22384930384930382,0.0022973262449686492,0.1088432474160938
0.22925470925470925,0.0025253764160062774,0.1090009461984826
0.22925470925470925,0.0025253764160062774,0.1090009461984826
0.23466011466011466,0.0025253764160062774,0.11022389621593986
0.23466011466011466,0.0027555260132444822,0.11022389621593986
0.24806552006552005,0.0027555260132444822,0.12176250351239512
0.24806552006552005,0.0029835761842821103,0.12176250351239512
0.2541261261261261,0.0032137257815203157,0.12505707032553567
0.2541261261261261,0.00344387537875852,0.12505707032553567
0.2541261261261261,0.00344387537875852,0.12505707032553567
0.2541261261261261,0.00344387537875852,0.12505707032553567
0.2595315315315315,0.00367508925159089,0.1273689908604358
0.2595315315315315,0.00367508925159089,0.1273689908604358
0.27293693693693694,0.00367508925159089,0.11703505926426012
0.27834234234234234,0.00367508925159089,0.12108592868888926
0.27834234234234234,0.00367508925159089,0.12108592868888926
0.28374774774774775,0.00367508925159089,0.12593707324170655
0.28980835380835385,0.00367508925159089,0.1288724470203456
0.29780835380835385,0.00367508925159089,0.11622036800870197
0.3038689598689599,0.00367508925159089,0.12021652546138605
0.3118689598689599,0.00367508925159089,0.10847169970137245
0.3118689598689599,0.00367508925159089,0.10847169970137245
0.31727436527436526,0.0039052388488290944,0.11355257849605216
0.31727436527436526,0.0039052388488290944,0.11355257849605216
0.31727436527436526,0.004133289019866723,0.11355257849605216
0.31727436527436526,0.004361339190904351,0.11355257849605216
0.31727436527436526,0.004361339190904351,0.11355257849605216
0.31727436527436526,0.004361339190904351,0.11355257849605216
0.31727436527436526,0.004361339190904351,0.11355257849605216
0.3226797706797707,0.004817439532979607,0.11939855020423716
0.3226797706797707,0.005045489704017236,0.11939855020423716
0.3306797706797707,0.005275639301255441,0.12549556749143537
0.3306797706797707,0.005506853174087811,0.12549556749143537
0.3306797706797707,0.005506853174087811,0.12549556749143537
0.3440851760851761,0.005506853174087811,0.12123061133514938
0.3501457821457822,0.005506853174087811,0.12429029912961657
0.3581457821457822,0.005506853174087811,0.11533319532292968
0.3581457821457822,0.005506853174087811,0.11533319532292968
0.3581457821457822,0.005506853174087811,0.11533319532292968
0.3581457821457822,0.005506853174087811,0.11533319532292968
0.3581457821457822,0.00573490334512544,0.11533319532292968
0.3661457821457822,0.00573490334512544,0.1080158017563381
0.3661457821457822,0.005962953516163068,0.1080158017563381
0.3661457821457822,0.006191003687200696,0.1080158017563381
0.3661457821457822,0.006419053858238324,0.1080158017563381
0.37220638820638824,0.006419053858238324,0.11188627679360634
0.37220638820638824,0.006419053858238324,0.11188627679360634
0.37220638820638824,0.006650267731070694,0.11188627679360634
0.3782669942669943,0.006881481603903064,0.1168910262038164
0.3782669942669943,0.007109531774940692,0.1168910262038164
0.3862669942669943,0.007109531774940692,0.11111813577769106
0.4003276003276003,0.007569830969417102,0.11308337382355871
0.40573300573300575,0.007797881140454729,0.11762725229996564
0.40573300573300575,0.007797881140454729,0.11762725229996564
0.4117936117936118,0.008025931311492358,0.12373107624835318
0.4117936117936118,0.008025931311492358,0.12373107624835318
0.4117936117936118,0.008025931311492358,0.12373107624835318
0.4117936117936118,0.008025931311492358,0.12373107624835318
0.4117936117936118,0.008025931311492358,0.12373107624835318
0.4117936117936118,0.008487294781562934,0.12373107624835318
0.4117936117936118,0.008487294781562934,0.12373107624835318
0.41719901719901725,0.008487294781562934,0.12855320872366843
0.41719901719901725,0.008717444378801138,0.12855320872366843
0.41719901719901725,0.008717444378801138,0.12855320872366843
0.41719901719901725,0.009176708422671136,0.12855320872366843
0.41719901719901725,0.009404758593708765,0.12855320872366843
0.41719901719901725,0.009632808764746393,0.12855320872366843
0.41719901719901725,0.009860858935784022,0.12855320872366843
0.42800982800982795,0.009860858935784022,0.14021506959890034
0.42800982800982795,0.010092072808616391,0.14021506959890034
0.4340704340704341,0.010322222405854595,0.14570779614891968
0.4340704340704341,0.010322222405854595,0.14570779614891968
0.4420704340704341,0.010322222405854595,0.14690689198757212
0.4420704340704341,0.010322222405854595,0.14690689198757212
0.4420704340704341,0.0105523720030928,0.14690689198757212
0.4420704340704341,0.0105523720030928,0.14690689198757212
0.4420704340704341,0.01078358587592517,0.14690689198757212
0.4420704340704341,0.011239686218000427,0.14690689198757212
0.4420704340704341,0.01169788598627626,0.14690689198757212
0.4420704340704341,0.01192909985910863,0.14690689198757212
0.4420704340704341,0.012160313731941,0.14690689198757212
0.45613104013104017,0.01239152760477337,0.14012463115707868
0.45613104013104017,0.012847627946848628,0.14012463115707868
0.4641310401310402,0.013306891990718625,0.13547256406671687
0.4641310401310402,0.013534942161756252,0.13547256406671687
0.4641310401310402,0.013534942161756252,0.13547256406671687
0.4641310401310402,0.013534942161756252,0.13547256406671687
0.4641310401310402,0.013534942161756252,0.13547256406671687
0.4641310401310402,0.013762992332793881,0.13547256406671687
0.4641310401310402,0.013762992332793881,0.13547256406671687
0.4641310401310402,0.01422329152727029,0.13547256406671687
0.4721310401310402,0.014679391869345549,0.13259984529671995
0.4721310401310402,0.014679391869345549,0.13259984529671995
0.4801310401310402,0.014679391869345549,0.11884705436239225
0.4881310401310402,0.015365641808659009,0.10572854717871033
0.4881310401310402,0.015596855681491379,0.10572854717871033
0.4881310401310402,0.01582490585252901,0.10572854717871033
0.4881310401310402,0.01605505544976721,0.10572854717871033
0.4881310401310402,0.01628626932259958,0.10572854717871033
0.4881310401310402,0.016975682963707786,0.10572854717871033
0.4881310401310402,0.01766299717861541,0.10572854717871033
0.4881310401310402,0.017893146775853616,0.10572854717871033
0.4881310401310402,0.018124360648685986,0.10572854717871033
0.5015364455364455,0.018352410819723615,0.09962817641549368
0.5075970515970515,0.018352410819723615,0.10648782484711163
0.5155970515970515,0.0190365613328365,0.09609424548388056
0.5155970515970515,0.019725974973944703,0.09609424548388056
0.5235970515970515,0.020414324339458743,0.09099753397517689
0.5235970515970515,0.020870424681533998,0.09099753397517689
0.5315970515970515,0.021098474852571623,0.08853811814134432
0.5475970515970515,0.021784724791885087,0.07701878155946768
0.5555970515970515,0.022927075073273805,0.06683068073386783
0.569002457002457,0.023844538885419635,0.07441070716705199
0.569002457002457,0.02475673956957015,0.07441070716705199
0.5744078624078625,0.026133467425585984,0.0807147253057115
0.5744078624078625,0.026594830895656556,0.0807147253057115
0.5744078624078625,0.02774244430504059,0.0807147253057115
0.5744078624078625,0.02934405863029931,0.0807147253057115
0.5744078624078625,0.03233606164437147,0.0807147253057115
0.5744078624078625,0.03463128846313955,0.0807147253057115
0.5878132678132678,0.038757273178785884,0.09113460043811115
0.5878132678132678,0.04196472980669222,0.09113460043811115
0.6018738738738738,0.04495569767015798,0.08645777301134729
0.6018738738738738,0.04977425972870726,0.08645777301134729
0.6258738738738738,0.054594921213457125,0.05734980878900732
0.6258738738738738,0.0596509954234405,0.05734980878900732
0.6258738738738738,0.0704589140130927,0.05734980878900732
0.6312792792792793,0.08377754216033491,0.06508806443432989
0.6420900900900901,0.10952152173146172,0.08265959739482102
0.697022113022113,0.15790332095321624,0.08209595865624238
0.7586437346437347,0.2681209317123023,0.10773836077768671
0.7995151515151516,0.39319574542482283,0.12664804850845873
0.8375757575757576,0.5518787896283097,0.11125397610542007
0.9117575757575758,0.7122555316600032,0.08917258676055333
0.9418181818181818,0.8071931590197254,0.07916924020755359
0.984,0.9304237035715175,0.03199999999999998
1.0,0.9826681870011402,0.0
1.0,1.0,0.0
1.0,1.0,0.0
1.0,1.0,0.0
1.0,1.0,0.0
1.0,1.0,0.0
1.0,1.0,0.0
1.0,1.0,0.0
