tp_ave_seq,fp_ave_seq,std_tp
0.0,0.0,0.0
0.0,0.0,0.0
0.0,0.0,0.0
0.0,0.0,0.0
0.0,0.0,0.0
0.0,0.0,0.0
0.0,0.0,0.0
0.0,0.0,0.0
0.0,0.0,0.0
0.0,0.0,0.0
0.0,0.0,0.0
0.0,0.0,0.0
0.0,0.0,0.0
0.0,0.0,0.0
0.0,0.0,0.0
0.0,0.0,0.0
0.0,0.0,0.0
0.0,0.0,0.0
0.0,0.0,0.0
0.0,0.0,0.0
0.0,0.0,0.0
0.0,0.0,0.0
0.0,0.0,0.0
0.0,0.0,0.0
0.0,0.0,0.0
0.0,0.0,0.0
0.0,0.0,0.0
0.0,0.0,0.0
0.0,0.0,0.0
0.0,0.0,0.0
0.0,0.0,0.0
0.0,0.0,0.0
0.0,0.0,0.0
0.0,0.0,0.0
0.0,0.0,0.0
0.0,0.0,0.0
0.0,0.0,0.0
0.0,0.0,0.0
0.0,0.0,0.0
0.0,0.0,0.0
0.0,0.0,0.0
0.0023809523809523807,0.0,0.0047619047619047615
0.0023809523809523807,0.0,0.0047619047619047615
0.0023809523809523807,0.0,0.0047619047619047615
0.0047619047619047615,0.0,0.009523809523809523
0.0047619047619047615,0.0,0.009523809523809523
0.0047619047619047615,0.0,0.009523809523809523
0.0047619047619047615,0.0,0.009523809523809523
0.007142857142857143,0.0,0.014285714285714285
0.012023809523809523,0.0,0.018444314673204107
0.014964985994397759,0.0,0.01743750350744662
0.019473597949818226,0.0,0.020652676204647783
0.026109869479706775,0.00019920318725099602,0.024837422593555255
0.030990821860659157,0.00019920318725099602,0.0282917396312536
0.03311848143512724,0.00039840637450199205,0.028678606881468064
0.035499433816079624,0.00039840637450199205,0.03292805144547197
0.035499433816079624,0.0012024467785423962,0.03292805144547197
0.04779376005721438,0.0014016499657933921,0.030915053215610003
0.054549079206150555,0.0018056903698337964,0.03393175806336563
0.06999025567673878,0.002005690369833796,0.04488137858044834
0.07744004410274749,0.002005690369833796,0.04420018250429099
0.09193086596340663,0.0024048935570847923,0.04379148125489967
0.094311818344359,0.003002967340056778,0.044864324587529
0.10844808987424756,0.003002967340056778,0.05796111680720034
0.11840908278204901,0.0032021705273077737,0.055734381678124036
0.12779864711842184,0.0038054141185991735,0.06198982022975088
0.1304653137850885,0.004004617305850169,0.05894093582879505
0.13509297335955658,0.004203820493101166,0.06356528559157003
0.13934829250849273,0.004400670886801954,0.06642189660399657
0.1444171285535491,0.004400670886801954,0.06480944633497719
0.15421145479468384,0.005801569978365543,0.07017308637759866
0.1640421956016449,0.006003590180385744,0.0691859434216667
0.17230550092377378,0.00620279336763674,0.06400865978895272
0.17950199654329815,0.0068060369589281414,0.06551696763213814
0.18934394183205194,0.007206273216448839,0.06047372152175561
0.1946660706835926,0.007206273216448839,0.05854214744799539
0.1992937302580607,0.007809516807740238,0.06320142658929424
0.20142138983252877,0.008210740197011436,0.06554543045520135
0.2091568925442518,0.009011630994752629,0.06190767985275041
0.2243923952559747,0.009011630994752629,0.06603969955086607
0.2286477144049109,0.00921365119677283,0.07112688743711104
0.23344204064604565,0.010013745181765017,0.07050536859367265
0.2384896596936647,0.010013745181765017,0.06674882900069913
0.24061731926813276,0.011011818964737002,0.06972814518113991
0.24725359079802134,0.011612709762478194,0.07561474625577348
0.249920257464688,0.011612709762478194,0.07266829990796082
0.2520479170391561,0.011812709762478193,0.07598984856753459
0.2589374813755289,0.012407966530680973,0.07900635865522006
0.261065140949997,0.013210877530442366,0.08238900121666261
0.263565140949997,0.01381031697521406,0.08371153932839395
0.27157515346564154,0.014605952273466047,0.08165706970765481
0.2740751534656416,0.014802802667166836,0.08305119665551237
0.2843106561773646,0.015398059435369616,0.08243535123718122
0.2893794922224209,0.01580007963738982,0.08376524165862617
0.29388810417784134,0.0161951460865911,0.08657833122741802
0.3014357232254604,0.016394349273842097,0.08417001031549327
0.3059443351808809,0.017195572663113293,0.0872566138896473
0.3107062399427856,0.017590639112314576,0.08732199701314071
0.31283389951725366,0.017987489506015364,0.0906774365657001
0.32050056618392037,0.01878758349100755,0.08996696886805987
0.3247558853328566,0.01898960369302775,0.09660220694290135
0.3247558853328566,0.019391623895047956,0.09660220694290135
0.3320502115739913,0.019391623895047956,0.09838885768756163
0.33705021157399123,0.01999768450110856,0.10166053905682057
0.33705021157399123,0.020396887688359556,0.10166053905682057
0.34193116395494366,0.02059890789037976,0.10331261469884903
0.34193116395494366,0.020795758284080545,0.10331261469884903
0.34193116395494366,0.021392844935302035,0.10331261469884903
0.34681211633589604,0.021392844935302035,0.10527900769201669
0.3542619047619048,0.022192284380073726,0.10519273963375671
0.3542619047619048,0.022392284380073728,0.10519273963375671
0.35692857142857143,0.022791154975794713,0.10204630801548793
0.35692857142857143,0.02299035816304571,0.10204630801548793
0.35692857142857143,0.023188574218546205,0.10204630801548793
0.35692857142857143,0.023990830678087105,0.10204630801548793
0.35692857142857143,0.024190830678087104,0.10204630801548793
0.35692857142857143,0.024994074269378507,0.10204630801548793
0.35692857142857143,0.02619416825437069,0.10204630801548793
0.3593095238095238,0.02659440451189139,0.10216234690293952
0.3619761904761905,0.027391072880413075,0.09914268560435276
0.36491736694677873,0.02758928893591357,0.0959436851052676
0.37023949579831933,0.028186139329614363,0.09315928009828386
0.372906162464986,0.028784355385114858,0.08990882259115822
0.37991477442040644,0.029181774627866346,0.09496743884138757
0.37991477442040644,0.029578625021567134,0.09496743884138757
0.37991477442040644,0.02977547541526792,0.09496743884138757
0.3904035699386138,0.03037571167278862,0.09090695683807112
0.39573690327194705,0.030776935062059817,0.08485407768629327
0.3981178556528994,0.031170635849461392,0.08524005182145405
0.4004988080338518,0.03156570229866268,0.08588870614335596
0.4080676440789081,0.032555456667016036,0.08700363751148539
0.4080676440789081,0.033548975429238515,0.08700363751148539
0.4080676440789081,0.03454526526771099,0.08700363751148539
0.41019530365337625,0.035353346075791804,0.08983028944149962
0.41551743250491685,0.03594841252499308,0.08720065317633194
0.4181840991715836,0.03634446610594487,0.08397535913004107
0.42112527564217184,0.03734315467648676,0.08080637807920829
0.42112527564217184,0.03734315467648676,0.08080637807920829
0.42112527564217184,0.03833249076214032,0.08080637807920829
0.4257529352166398,0.038932727019661016,0.08545735185534219
0.4257529352166398,0.03973296327718171,0.08545735185534219
0.4257529352166398,0.040129016858133505,0.08545735185534219
0.4257529352166398,0.040525070439085285,0.08545735185534219
0.4257529352166398,0.040925306696605976,0.08545735185534219
0.4281338875975922,0.04132417729232697,0.0859985201176183
0.4326424995530127,0.04152417729232697,0.08960329288756344
0.43769011860063173,0.042330237898387565,0.0872759637145504
0.44019011860063173,0.04272765714113906,0.08883210708578493
0.4490136480123964,0.04332474379236055,0.08002099192979066
0.4538079742535312,0.044319203747814326,0.07915119773004743
0.4567491507241194,0.045116054141515115,0.07667587922054057
0.46179676977173845,0.046111775130936894,0.07364158731061306
0.46179676977173845,0.047104451141891164,0.07364158731061306
0.46473794624232667,0.04790309377391385,0.07125218599640953
0.47284578937958166,0.048507134177954256,0.06653792626941435
0.47284578937958166,0.049513431041535556,0.06653792626941435
0.47284578937958166,0.05031070801175854,0.06653792626941435
0.47284578937958166,0.051902718839652806,0.06653792626941435
0.4807869658501698,0.05230093489515329,0.06823659391417584
0.4807869658501698,0.05329957752717599,0.06823659391417584
0.4925899040467251,0.05409878071442699,0.07179582281781947
0.49497085642767746,0.05549413146762194,0.07219835235138854
0.4974708564276774,0.0572819198662967,0.07424788077862465
0.5027929852792181,0.058082013851288895,0.07275719516358385
0.5079596519458847,0.05928446062983128,0.07080194394826488
0.5104596519458847,0.060079527079032566,0.07330154846334297
0.5154596519458847,0.06147548432597505,0.0790159508432631
0.5207929852792181,0.06267694397276694,0.0715941942107504
0.5250483044281543,0.06367741648780834,0.07579912713515614
0.5250483044281543,0.06487685593258004,0.07579912713515614
0.5277149710948208,0.066871029235023,0.07245170840521803
0.5302149710948209,0.06766628600322579,0.07548625832137022
0.5358228142320758,0.06986365695844095,0.06947760958677764
0.5383228142320757,0.07124984343779531,0.07278752752176923
0.545465671374933,0.07284636953378847,0.07276519136965974
0.5510735145121879,0.07523514506421372,0.0664101298388241
0.5510735145121879,0.0758311986451655,0.0664101298388241
0.5569558674533643,0.0772320517982099,0.06143971347972689
0.5644056558793731,0.08002740255140486,0.06154346506395056
0.57398310387985,0.08322702996616094,0.06429148549064312
0.5794242803504381,0.08602670331943621,0.06572820264692478
0.585032123487693,0.08921557283485364,0.060373852301580766
0.5927676261994159,0.09121397686033852,0.057318716770684515
0.605098367006377,0.09420900331582588,0.06125822266755209
0.6186950056618392,0.0971888988764042,0.05199495294409591
0.6186950056618392,0.10118067939158304,0.05199495294409591
0.6186950056618392,0.10558725821014092,0.05199495294409591
0.633724834614697,0.11177557546415244,0.048778809500161065
0.6430277728112521,0.11896430630282953,0.0481054995676553
0.6523519280052448,0.1243751617829485,0.0570293135433288
0.672703885809643,0.13334975331543794,0.0559976324994742
0.6935948507062399,0.1425275525234197,0.04897630768687127
0.7116312652720662,0.15670446874535598,0.040451425987431476
0.7301412777877109,0.1764629613323728,0.03852571686243062
0.7479932355921092,0.20375391764412232,0.04199363319149179
0.7977858036831755,0.2652471889596351,0.055735708791889216
0.9097472137791286,0.6724916187476422,0.06611174017605961
1.0,0.9965959595959596,0.0
1.0,1.0,0.0
1.0,1.0,0.0
1.0,1.0,0.0
1.0,1.0,0.0
