tp_ave_seq,fp_ave_seq,std_tp
0.0,0.0,0.0
0.0,0.0,0.0
0.0,0.0,0.0
0.0,0.0,0.0
0.0,0.0,0.0
0.0,0.0,0.0
0.0,0.0,0.0
0.0,0.0,0.0
0.0,0.0,0.0
0.0,0.0,0.0
0.0,0.0,0.0
0.0,0.0,0.0
0.0,0.0,0.0
0.0,0.0,0.0
0.0,0.0,0.0
0.0,0.0,0.0
0.0,0.0,0.0
0.0019230769230769232,0.0,0.0038461538461538464
0.0019230769230769232,0.0,0.0038461538461538464
0.0019230769230769232,0.0,0.0038461538461538464
0.0019230769230769232,0.0,0.0038461538461538464
0.0019230769230769232,0.0,0.0038461538461538464
0.0019230769230769232,0.0,0.0038461538461538464
0.0019230769230769232,0.0,0.0038461538461538464
0.0038461538461538464,0.000196078431372549,0.007692307692307693
0.0057692307692307696,0.000196078431372549,0.011538461538461539
0.0057692307692307696,0.000392156862745098,0.011538461538461539
0.0057692307692307696,0.000392156862745098,0.011538461538461539
0.007692307692307693,0.000392156862745098,0.015384615384615385
0.012693036130536132,0.000392156862745098,0.01802360652358761
0.014616113053613055,0.000392156862745098,0.02181135402482186
0.0200247668997669,0.000392156862745098,0.029030108660527805
0.0200247668997669,0.000392156862745098,0.029030108660527805
0.0200247668997669,0.000392156862745098,0.029030108660527805
0.025025495337995342,0.0005937697659709045,0.03205124976820794
0.026540646853146853,0.0007898481973434535,0.03172608069206265
0.026540646853146853,0.0007898481973434535,0.03172608069206265
0.028055798368298367,0.0007898481973434535,0.03168866127442778
0.029722465034965034,0.0009914611005692599,0.03036055066335592
0.03123761655011655,0.0009914611005692599,0.03054022039424032
0.03770614801864802,0.001187539531941809,0.0358570762082925
0.04119172494172494,0.001386149263818671,0.03852905575217515
0.044316724941724936,0.0015877621670444774,0.03822845610626252
0.047394376456876455,0.0017885653798958832,0.03915334726458805
0.048909527972027966,0.0017885653798958832,0.04006444291548588
0.050832604895104896,0.0019901782831216893,0.04287940822983845
0.050832604895104896,0.002391784708824501,0.04287940822983845
0.05234775641025641,0.002391784708824501,0.043856089672146575
0.05234775641025641,0.002391784708824501,0.043856089672146575
0.05557692307692308,0.0027933911345273117,0.04242195138412829
0.05880608974358974,0.0029925943217783075,0.04131856873971898
0.05880608974358974,0.003389475966002263,0.04131856873971898
0.06072916666666667,0.003988780203826424,0.04404119362722939
0.06391098484848486,0.003988780203826424,0.0436379460006132
0.06714015151515151,0.003988780203826424,0.04287211172461874
0.07168560606060606,0.004591209197529034,0.04622492681492309
0.07704691142191142,0.004792012410380439,0.052255883993045524
0.08027607808857809,0.004993625313606245,0.051300883932879626
0.08027607808857809,0.005189703744978795,0.051300883932879626
0.08527680652680653,0.005385782176351344,0.055105989908328185
0.08527680652680653,0.00558739507957715,0.055105989908328185
0.08683930652680652,0.00558739507957715,0.055433874827405825
0.08840180652680653,0.005783473510949699,0.05593469480549819
0.09032488344988346,0.005982676698200695,0.05826827619334423
0.09355405011655012,0.006184289601426502,0.0577579063797716
0.09355405011655012,0.006184289601426502,0.0577579063797716
0.09506920163170163,0.006184289601426502,0.05875310769331125
0.10137601981351982,0.006184289601426502,0.06022680685274904
0.10137601981351982,0.006382899333303363,0.06022680685274904
0.10481424825174826,0.006780590667901719,0.0633497180076334
0.11143429487179486,0.0071800036126299874,0.06682874659321086
0.11628277972027971,0.0071800036126299874,0.06658891098744606
0.12092293123543123,0.007582419728707199,0.06893333478193824
0.12092293123543123,0.0077810294605840605,0.06893333478193824
0.12243808275058274,0.007980232647835057,0.070324380146477
0.12395323426573426,0.007980232647835057,0.07181641674940746
0.12395323426573426,0.008179435835086051,0.07181641674940746
0.12551573426573426,0.008577127169684408,0.07241461641232488
0.12910547785547785,0.008577127169684408,0.07328335484076572
0.13254370629370632,0.008777930382535814,0.07640243985492619
0.13254370629370632,0.008777930382535814,0.07640243985492619
0.13410620629370631,0.008974008813908363,0.07694920797914545
0.13410620629370631,0.009370890458132317,0.07694920797914545
0.14239291958041958,0.009770896858234719,0.08020495806154669
0.14239291958041958,0.009770896858234719,0.08020495806154669
0.14395541958041957,0.009770896858234719,0.08068654386863805
0.14551791958041957,0.009770896858234719,0.08128550101510626
0.14551791958041957,0.010174122664686331,0.08128550101510626
0.14708041958041956,0.01037020109605888,0.08199925755205366
0.14708041958041956,0.010571813999284686,0.08199925755205366
0.1505659965034965,0.010967095617908231,0.08436026246352814
0.1505659965034965,0.010967095617908231,0.08436026246352814
0.1505659965034965,0.011365501992410225,0.08436026246352814
0.1568728146853147,0.011365501992410225,0.08675960488661427
0.1584353146853147,0.011365501992410225,0.08778352240990227
0.16181138306138304,0.011365501992410225,0.0840829226684167
0.16181138306138304,0.011365501992410225,0.0840829226684167
0.16181138306138304,0.01156630520526163,0.0840829226684167
0.16347804972804975,0.0119657181499899,0.08358302556827685
0.16347804972804975,0.012167331053215704,0.08358302556827685
0.16674995143745147,0.012564212697439658,0.08151858803949619
0.16831245143745147,0.012564212697439658,0.08271614132206032
0.16831245143745147,0.012765825600665465,0.08271614132206032
0.17190219502719503,0.012765825600665465,0.08352167766679203
0.17690292346542347,0.012765825600665465,0.08707737142660163
0.1788260003885004,0.013560398579487775,0.08855180329902929
0.1788260003885004,0.013762011482713582,0.08855180329902929
0.1788260003885004,0.013762011482713582,0.08855180329902929
0.1788260003885004,0.013762011482713582,0.08855180329902929
0.1803411519036519,0.013762011482713582,0.08955651683931008
0.1803411519036519,0.013762011482713582,0.08955651683931008
0.18190365190365193,0.013762011482713582,0.09068299273397806
0.18190365190365193,0.01455970921741434,0.09068299273397806
0.18190365190365193,0.014758318949291199,0.09068299273397806
0.18190365190365193,0.01556014801009668,0.09068299273397806
0.18346615190365193,0.01556014801009668,0.09190196887984396
0.18502865190365192,0.015760951222948086,0.09320981625769303
0.18654380341880344,0.015959560954824946,0.0941869344183626
0.1882104700854701,0.016547796248942596,0.0935974200935975
0.1882104700854701,0.017544697170894345,0.0935974200935975
0.1882104700854701,0.017544697170894345,0.0935974200935975
0.19295478826728826,0.017743306902771212,0.09542071988702823
0.19618395493395496,0.018143313302873616,0.09635695921260248
0.19769910644910646,0.01834411651572502,0.09736468605575545
0.2011846833721834,0.018741807850323373,0.0998032305338564
0.2027471833721834,0.019137089468946916,0.1012179264110662
0.2091535547785548,0.019336292656197913,0.09964660383130063
0.2091535547785548,0.019933977513273277,0.09964660383130063
0.21223120629370631,0.020130055944645824,0.10214398247418248
0.21389787296037296,0.020130055944645824,0.10172599482726118
0.21389787296037296,0.02073167524797403,0.10172599482726118
0.2154130244755245,0.02093328815119984,0.10286663866732156
0.21707969114219114,0.021534313999153915,0.1025353691942194
0.21859484265734266,0.021735926902379722,0.10373130786205595
0.21859484265734266,0.021735926902379722,0.10373130786205595
0.21859484265734266,0.022128083765124817,0.10373130786205595
0.22051791958041958,0.022525896684252675,0.10455978407305626
0.22526223776223775,0.022525896684252675,0.10673560151257343
0.22849140442890445,0.022525896684252675,0.10781625739466183
0.23349213286713288,0.022727509587478482,0.11105844285549346
0.2350072843822844,0.023127515987580883,0.11224881235891483
0.2365697843822844,0.023529122413283695,0.1135806073337004
0.23823645104895105,0.024321285676131194,0.11333720372271684
0.24292395104895106,0.025120705020961864,0.11768245284068778
0.24484702797202798,0.025523121137039074,0.11833053251151947
0.2479246794871795,0.02611608121263558,0.12091075976998829
0.25151442307692307,0.026312159644008126,0.1213194171599484
0.2583287198912199,0.02651076937588499,0.1196855768168987
0.26176694832944836,0.027108378937637977,0.12158490420134446
0.2632820998445998,0.028292699063230575,0.12269821996153
0.26520517676767674,0.02909039679793133,0.12360192887402262
0.2683301767676768,0.02968648162940628,0.12630870453607293
0.2683301767676768,0.030680972835383225,0.12630870453607293
0.2713604797979798,0.031081788925860027,0.128539174413387
0.2713604797979798,0.031081788925860027,0.128539174413387
0.2764653749028749,0.031081788925860027,0.1302206646030127
0.2818740287490288,0.031681093163684185,0.1334495219694336
0.2851031954156954,0.03287407251700849,0.13438021930072389
0.2851031954156954,0.03387117031881212,0.13438021930072389
0.28828501359751363,0.03446885517588748,0.1351589685819426
0.28984751359751365,0.03446885517588748,0.13646222529748778
0.2914100135975136,0.03486666809501534,0.13782402667223914
0.294848242035742,0.03586572309709754,0.13981732424722343
0.2965149087024087,0.03606180152847009,0.13952081094303004
0.29803006021756023,0.03706111216639665,0.140607486057804
0.29959256021756026,0.037658006688245996,0.14192544569179857
0.30948378010878014,0.03925352374217701,0.13916499721948858
0.3147401903651904,0.04085676874893583,0.14007371933936147
0.3208954933954934,0.0420500859217899,0.14463373050362027
0.33224504662004667,0.04384268797731975,0.1453342365306059
0.3356832750582751,0.045038077046618864,0.14699104510031372
0.3407260101010101,0.04663481690577642,0.14413270602585007
0.34435848873348873,0.04783987177303352,0.14143060939298868
0.34991404428904427,0.04923697597493954,0.1396439441166633
0.3570320998445998,0.05043649637034338,0.13938653046543353
0.3601097513597514,0.05222876060634345,0.1414818154238034
0.3706706487956488,0.05382449389527473,0.14721772191607932
0.38267992424242425,0.056017102350906976,0.14508161575258816
0.392557060994561,0.05901709369434636,0.1410226886534938
0.3994801379176379,0.06260975358305958,0.14281690310095851
0.41246382090132094,0.0651999780779678,0.14774142022713446
0.4260069444444444,0.06778555308671955,0.1536188269770307
0.43089816433566436,0.07097409178855554,0.15160066122600463
0.4407947261072261,0.07776606779248865,0.15645161185693826
0.4513502816627817,0.08452940076140747,0.15768095708992702
0.46810848873348865,0.09052932819865955,0.16209518909788245
0.4924322552447552,0.09869895522405323,0.17023786933331891
0.5146513209013209,0.1100713630121315,0.17296444569803973
0.543250777000777,0.12307356759038943,0.1781569996929154
0.5819483294483294,0.14180496352467944,0.17176526800971575
0.6214491064491063,0.16651612067636046,0.17543184834467612
0.6750760003885004,0.21333304060262742,0.1894603129473706
0.7634945609945609,0.30990361674394507,0.20882569725850994
0.8246030011655012,0.4881357960980536,0.20973730143040223
0.8904933954933953,0.7877491385290465,0.19330726370237392
0.9948717948717949,0.9956457737017349,0.010256410256410265
1.0,1.0,0.0
1.0,1.0,0.0
1.0,1.0,0.0
1.0,1.0,0.0
1.0,1.0,0.0
1.0,1.0,0.0
