tp_ave_seq,fp_ave_seq,std_tp
0.0,0.0,0.0
0.0,0.0,0.0
0.0,0.0,0.0
0.0,0.0,0.0
0.0,0.0,0.0
0.0,0.0,0.0
0.0,0.0,0.0
0.0,0.0,0.0
0.0,0.0,0.0
0.0,0.0,0.0
0.0,0.0,0.0
0.0,0.0,0.0
0.0,0.0,0.0
0.0,0.0,0.0
0.0,0.0,0.0
0.0,0.0,0.0
0.0,0.0,0.0
0.0,0.0,0.0
0.0,0.0,0.0
0.0,0.0,0.0
0.0047619047619047615,0.0,0.009523809523809523
0.0047619047619047615,0.0,0.009523809523809523
0.007142857142857143,0.0,0.014285714285714285
0.009523809523809523,0.0002,0.019047619047619046
0.011904761904761904,0.0002,0.023809523809523805
0.024160081053698074,0.000399203187250996,0.02313970546097346
0.028415400202634243,0.000399203187250996,0.024152362877274392
0.04380636509923118,0.001001223389271198,0.01689046561774476
0.051628493950771806,0.001601649965793392,0.016726558694740736
0.07125356099886762,0.0021949324704951707,0.019238710029264597
0.08513653972227189,0.0027938030662161602,0.023918319657911895
0.10081321890458313,0.003599066859527762,0.021033102746801934
0.11282183086000357,0.003801087061547964,0.03305037528905064
0.12902631265272063,0.00440714766760857,0.03827412109817463
0.1433292508492759,0.004805363723109066,0.042302071712721455
0.16303435842422073,0.005004566910360062,0.03143212337010316
0.170975534894809,0.005399633359561345,0.03865037350472199
0.17973946599916563,0.006001889819102245,0.041206364331042314
0.182120418380118,0.006599963602074229,0.04072331976829978
0.19013043089576254,0.007599260774317412,0.040997574416731006
0.20134611717027234,0.008400151572058605,0.03368219874148118
0.20810143631920855,0.008992068414960674,0.03973843391493169
0.22622790392752848,0.009584972389613245,0.04310086826563397
0.2335222301686632,0.009986992591633447,0.04276242227900458
0.23590318254961562,0.010585863187354437,0.040574861117897015
0.2380308421240837,0.010989903591394842,0.04286708451308831
0.24503945407950417,0.011189106778645838,0.045084979441736985
0.2495480660349246,0.01139112698066604,0.04627830539264183
0.2541757256093927,0.011990330167917035,0.05052044364262862
0.25978356874664754,0.012588403950889022,0.047227726442486816
0.2619112283211157,0.013192444354929425,0.05001184330502924
0.26891984027653615,0.013798504960990032,0.05273492469299186
0.27611633589606055,0.014192205748391607,0.0594411500050658
0.2787830025627272,0.014192205748391607,0.05553944414389121
0.2812830025627272,0.014591408935642602,0.05670727328128884
0.28341066213719535,0.014987841046643594,0.05979992999179334
0.29896829370045885,0.015189861248663793,0.06011637177585077
0.3037301984623637,0.016983191799838558,0.05690620705537296
0.3082388104177841,0.017182394987089556,0.05885334765152938
0.31090547708445077,0.017581265582810545,0.05464429000166275
0.31090547708445077,0.017781265582810547,0.05464429000166275
0.3165133202217057,0.018584176582571936,0.051559125861278234
0.3186409797961738,0.018781026976272725,0.05481379439695044
0.3213076464628405,0.01917844621902422,0.05112316443377377
0.32610197270397523,0.019377649406275215,0.05137335651300894
0.3282296322784433,0.019970553380927784,0.055092343250228194
0.3282296322784433,0.02076618867917977,0.055092343250228194
0.3282296322784433,0.02076618867917977,0.055092343250228194
0.3282296322784433,0.021168208881199975,0.055092343250228194
0.33329846832349963,0.021168208881199975,0.05956735312421516
0.33329846832349963,0.021564262462151755,0.05956735312421516
0.335679420704452,0.022361681704903248,0.05783038949746262
0.335679420704452,0.022558532098604034,0.05783038949746262
0.3404737469455868,0.022558532098604034,0.05864393393538428
0.34297374694558674,0.02275773528585503,0.05819572366325366
0.3488560998867632,0.023355154528606526,0.06035241862554287
0.35630588831277193,0.02375539078612722,0.06364762429108124
0.36135350736039096,0.024155627043647914,0.05881925964495844
0.3715677930746767,0.024554497639368907,0.05022206451015632
0.37406779307467664,0.024554497639368907,0.04939045250135819
0.3761954526491448,0.024951916882120402,0.053031395044372674
0.38393095536086774,0.0251519168821204,0.055389259956893165
0.38937213183145597,0.0251519168821204,0.0562977750873301
0.38937213183145597,0.0251519168821204,0.0562977750873301
0.38937213183145597,0.025350132937620895,0.0562977750873301
0.39175308421240834,0.025749003533341884,0.05408570786562219
0.39175308421240834,0.025749003533341884,0.05408570786562219
0.39413403659336077,0.025947219588842378,0.052215319445447696
0.39651498897431314,0.02755069943765448,0.050724420629296225
0.40158382501936946,0.028146334735906463,0.056028505887382396
0.40913144406698854,0.02854318512960725,0.05025456281640768
0.41163144406698854,0.028745205331627454,0.04942027785771062
0.41588676321592466,0.029141258912579238,0.05635892954027055
0.42132793968651294,0.02953731249353102,0.05736335329424343
0.42132793968651294,0.029734162887231807,0.05736335329424343
0.42132793968651294,0.029932378942732308,0.05736335329424343
0.42132793968651294,0.030732805519254495,0.05736335329424343
0.42132793968651294,0.0313328055192545,0.05736335329424343
0.42132793968651294,0.031529655912955284,0.05736335329424343
0.42132793968651294,0.032129095357726976,0.05736335329424343
0.42426911615710117,0.03232731141322748,0.05940048511354055
0.43419768758567245,0.032529331615247674,0.05219923078734316
0.43899201382680725,0.03272618200894846,0.05186060696536313
0.4440396328744264,0.03292538519619946,0.047061281058510804
0.4469808093450146,0.033124588383450455,0.04904624858763727
0.4494808093450146,0.03372547918119165,0.04817292241285802
0.45242198581560283,0.034125715438712345,0.050654704118606744
0.4550886524822696,0.034519416226113916,0.04736716645870899
0.4577553191489362,0.0353165028773354,0.044477935610810294
0.46013627152988856,0.0355165028773354,0.042488848457510234
0.4630774480004768,0.0359185230793556,0.045545546871041696
0.4630774480004768,0.03652256348339601,0.045545546871041696
0.4630774480004768,0.037120969857898,0.045545546871041696
0.4630774480004768,0.037120969857898,0.045545546871041696
0.4630774480004768,0.03791387383255057,0.045545546871041696
0.4630774480004768,0.03871232614557176,0.045545546871041696
0.4630774480004768,0.03910602693297334,0.045545546871041696
0.4652051075749449,0.039704897528694334,0.048375205722448716
0.4652051075749449,0.040303349841715526,0.048375205722448716
0.4681462840455331,0.0406970506291171,0.051632776730674325
0.4681462840455331,0.0410972868866378,0.051632776730674325
0.4710874605161213,0.04149851027590899,0.05532568019825175
0.4761350795637404,0.041695360669609785,0.050880972391361044
0.47880174623040705,0.04189357672511028,0.0485127432793058
0.4817429227009953,0.04209559692713048,0.052652630684060085
0.4846840991715835,0.042692683578351966,0.05709918500004489
0.48681175874605154,0.043292123023123665,0.058986496528881875
0.4893117587460516,0.04349033907862416,0.057077561081580346
0.49181175874605165,0.043892359280644354,0.055554380432971055
0.49181175874605165,0.043892359280644354,0.055554380432971055
0.49181175874605165,0.04488799457889634,0.055554380432971055
0.49181175874605165,0.04508799457889634,0.055554380432971055
0.49447842541271825,0.045683715568318115,0.05327667641432581
0.49447842541271825,0.04588371556831811,0.05327667641432581
0.49447842541271825,0.04648113481106961,0.05327667641432581
0.4968593777936706,0.04648113481106961,0.05102868298340141
0.4968593777936706,0.047473241972973174,0.05102868298340141
0.49980055426425885,0.04767244516022417,0.055583529601624514
0.49980055426425885,0.048268498741175954,0.055583529601624514
0.49980055426425885,0.049261971564879235,0.055583529601624514
0.5023005542642589,0.05006107841812093,0.05411123720312976
0.5023005542642589,0.05006107841812093,0.05411123720312976
0.5048005542642588,0.05065792881182172,0.053070926318767794
0.5071815066452113,0.05085713199907271,0.05088793379051916
0.5119758328863461,0.05224769147399746,0.04988099862097403
0.5119758328863461,0.05224769147399746,0.04988099862097403
0.5144758328863461,0.052646097848499454,0.0488951414661404
0.5144758328863461,0.053044313903999954,0.0488951414661404
0.5144758328863461,0.05404342075724163,0.0488951414661404
0.5197979617378867,0.054838259242744616,0.05127266024683746
0.5221789141188391,0.05544229964678502,0.04943588507012057
0.5243065736933071,0.056431635732438576,0.05093115823358283
0.5272477501638954,0.05703252653017978,0.055598034516194945
0.5353555933011502,0.05823186964094216,0.056638196023589576
0.5353555933011502,0.05863388984296236,0.056638196023589576
0.5353555933011502,0.05942919254968435,0.056638196023589576
0.5407967697717385,0.06102252310085911,0.060902184777174816
0.5461301031050718,0.061417589550060395,0.05634141470397872
0.5485110554860242,0.06201848034780159,0.05404326274162519
0.5485110554860242,0.06201848034780159,0.05404326274162519
0.5485110554860242,0.06282275700936268,0.05404326274162519
0.5485110554860242,0.06402487119637508,0.05404326274162519
0.5533053817271589,0.06422308725187557,0.052895131480837666
0.5621883604505632,0.06462510745389577,0.05552103180286385
0.5648550271172299,0.06662422260095986,0.053721735152816814
0.5677962035878181,0.06762286523298254,0.0583453395530014
0.5802459920138269,0.06881980961167553,0.059662108551262125
0.5827459920138268,0.07120459897040196,0.05912560559278401
0.5873736515882949,0.07259853601532425,0.060294518777812216
0.5897546039692473,0.07399191250501821,0.057434563343423436
0.5968822635437153,0.07579045880303159,0.059450079216729686
0.6043108349722868,0.0775949717221134,0.050923511302430884
0.6069775016389535,0.07978581339307804,0.04810626657221082
0.6144384945467549,0.08098267208060123,0.045338594919504795
0.6144384945467549,0.08496932872597987,0.045338594919504795
0.621613773168842,0.08817549161085506,0.04208482898900586
0.621613773168842,0.09154983883306475,0.04208482898900586
0.6267804398355087,0.09714345963303847,0.040625135315470386
0.6342414327433101,0.10033040293142789,0.041901137889892255
0.6398492758805651,0.10331837100626462,0.04563096271437835
0.6427904523511533,0.10790790335572498,0.049180397610395124
0.6543076762619942,0.1129062086981834,0.043274079276992165
0.6617574646880028,0.11788778952023479,0.04511103922426132
0.6781286131473866,0.12409212400992567,0.052977637589377444
0.695560611478634,0.13208716235502357,0.06379213908164283
0.714440997675666,0.14065978346086352,0.06765356565339918
0.7302459622146731,0.16288732299208114,0.07687680230496335
0.7606931581143095,0.1784790117747465,0.07533703088315472
0.78726661302819,0.20026673246119225,0.0744549220515092
0.8096383872698016,0.2268957479857832,0.08727812910682892
0.8241292091304606,0.26790988161787505,0.09493746942276311
0.8483607187555874,0.32775567344375506,0.08702896863203297
0.8736802550807556,0.4178568968061751,0.07648429831532474
0.9067941176470589,0.5427662353508129,0.0837635928361095
0.9354271708683474,0.6797199841511723,0.06866087192846247
0.9682142857142857,0.8118532421495122,0.0392597316676037
0.9951190476190476,0.9351187250996016,0.005980884136704965
1.0,0.998400796812749,0.0
1.0,1.0,0.0
1.0,1.0,0.0
1.0,1.0,0.0
1.0,1.0,0.0
