tp_ave_seq,fp_ave_seq,std_tp
0.0,0.0,0.0
0.0,0.0,0.0
0.0,0.0,0.0
0.0,0.0,0.0
0.0,0.0,0.0
0.0,0.0,0.0
0.0,0.0,0.0
0.0,0.0,0.0
0.0,0.0,0.0
0.0,0.0,0.0
0.0,0.0,0.0
0.0,0.0,0.0
0.0,0.0,0.0
0.0,0.0,0.0
0.0,0.0,0.0
0.0,0.0,0.0
0.0,0.0,0.0
0.0,0.0,0.0
0.0,0.0,0.0
0.0,0.0,0.0
0.0,0.0,0.0
0.0,0.0,0.0
0.0,0.0,0.0
0.0,0.0,0.0
0.0,0.0,0.0
0.0,0.0,0.0
0.0,0.0,0.0
0.0,0.0,0.0
0.0,0.0,0.0
0.0,0.0,0.0
0.0,0.0,0.0
0.0,0.0,0.0
0.0,0.0,0.0
0.0,0.0,0.0
0.0,0.0,0.0
0.0,0.0,0.0
0.0,0.0,0.0
0.0,0.0,0.0
0.0,0.0,0.0
0.0,0.0,0.0
0.0,0.0,0.0
0.0,0.0,0.0
0.0,0.00020202020202020202,0.0
0.002127659574468085,0.00020202020202020202,0.00425531914893617
0.004627659574468085,0.00020202020202020202,0.005698196485464715
0.004627659574468085,0.00020202020202020202,0.005698196485464715
0.00675531914893617,0.00020202020202020202,0.008726647036091844
0.009136271529888551,0.00040404040404040404,0.008164675071947214
0.009136271529888551,0.00040404040404040404,0.008164675071947214
0.009136271529888551,0.00040404040404040404,0.008164675071947214
0.011517223910840932,0.00040404040404040404,0.010125262638140523
0.011517223910840932,0.00040404040404040404,0.010125262638140523
0.011517223910840932,0.0006022564595408996,0.010125262638140523
0.013898176291793313,0.0006022564595408996,0.013554757167691165
0.013898176291793313,0.0006022564595408996,0.013554757167691165
0.01683935276238155,0.0006022564595408996,0.011686724939546709
0.019220305143333928,0.0006022564595408996,0.01578403971986829
0.024661481613922166,0.0006022564595408996,0.015292977138365032
0.0276026580845104,0.0006022564595408996,0.01721685417248273
0.029730317658978482,0.0006022564595408996,0.01695902103435803
0.029730317658978482,0.0008042766615611017,0.01695902103435803
0.03185797723344657,0.0008042766615611017,0.01774858313808925
0.03185797723344657,0.0010042766615611016,0.01774858313808925
0.03423892961439895,0.0010042766615611016,0.020316019701039547
0.03849424876333511,0.0010042766615611016,0.023578195356342185
0.03849424876333511,0.0014003302425128852,0.023578195356342185
0.03849424876333511,0.0014003302425128852,0.023578195356342185
0.0408752011442875,0.0014003302425128852,0.026052788694290598
0.0408752011442875,0.0015971806362136726,0.026052788694290598
0.0408752011442875,0.0015971806362136726,0.026052788694290598
0.0408752011442875,0.0015971806362136726,0.026052788694290598
0.0408752011442875,0.00179403102991446,0.026052788694290598
0.04300286071875559,0.00179403102991446,0.028187490657245413
0.04300286071875559,0.001996051231934662,0.028187490657245413
0.04300286071875559,0.001996051231934662,0.028187490657245413
0.045944037189343825,0.001996051231934662,0.02890837720078986
0.04888521365993206,0.0021929016256354494,0.030758056952010664
0.04888521365993206,0.0021929016256354494,0.030758056952010664
0.04888521365993206,0.0023929016256354495,0.030758056952010664
0.04888521365993206,0.0023929016256354495,0.030758056952010664
0.04888521365993206,0.0023929016256354495,0.030758056952010664
0.04888521365993206,0.002592901625635449,0.030758056952010664
0.04888521365993206,0.002592901625635449,0.030758056952010664
0.051012873234400145,0.0027897520193362365,0.032757122756330255
0.051012873234400145,0.003188622615057226,0.032757122756330255
0.051012873234400145,0.003188622615057226,0.032757122756330255
0.051012873234400145,0.003188622615057226,0.032757122756330255
0.05351287323440014,0.003188622615057226,0.031112131477950663
0.05351287323440014,0.003188622615057226,0.031112131477950663
0.059895851957804405,0.003590642817077428,0.03916957742465924
0.06496468800286072,0.003985709266278711,0.04356299223235612
0.06763135466952738,0.003985709266278711,0.039745445030412066
0.06763135466952738,0.004185709266278712,0.039745445030412066
0.06763135466952738,0.004584912453529707,0.039745445030412066
0.07057253114011561,0.004584912453529707,0.041659358139589035
0.07057253114011561,0.004784912453529707,0.041659358139589035
0.07057253114011561,0.004784912453529707,0.041659358139589035
0.07323919780678229,0.004986932655549909,0.03819254957986984
0.07323919780678229,0.004986932655549909,0.03819254957986984
0.07536685738125037,0.004986932655549909,0.0413322471608946
0.07803352404791704,0.0051869326555499095,0.038432600085551646
0.07803352404791704,0.0051869326555499095,0.038432600085551646
0.07803352404791704,0.0051869326555499095,0.038432600085551646
0.07803352404791704,0.005388952857570111,0.038432600085551646
0.07803352404791704,0.005388952857570111,0.038432600085551646
0.08041447642886941,0.005588156044821107,0.03831825062508959
0.08786426485487811,0.005790176246841309,0.04358603638692701
0.08786426485487811,0.005790176246841309,0.04358603638692701
0.09036426485487811,0.005790176246841309,0.04090135992418999
0.09036426485487811,0.005790176246841309,0.04090135992418999
0.09036426485487811,0.005790176246841309,0.04090135992418999
0.09330544132546635,0.005790176246841309,0.04322048522538485
0.09330544132546635,0.005790176246841309,0.04322048522538485
0.09330544132546635,0.005790176246841309,0.04322048522538485
0.09330544132546635,0.005790176246841309,0.04322048522538485
0.09597210799213303,0.005790176246841309,0.04015170109090025
0.09597210799213303,0.005790176246841309,0.04015170109090025
0.10076643423326778,0.005992196448861511,0.04056274101017944
0.10527504618868824,0.005992196448861511,0.043587948481142745
0.10990270576315633,0.005992196448861511,0.04395832330126486
0.1157850587043328,0.006194216650881714,0.04832041916813245
0.1157850587043328,0.006587917438283288,0.04832041916813245
0.12085389474938912,0.0069867880340042775,0.054059247234670274
0.12085389474938912,0.007186788034004278,0.054059247234670274
0.1232348471303415,0.00738880823602448,0.05366364964546725
0.1232348471303415,0.00738880823602448,0.05366364964546725
0.1257348471303415,0.00758880823602448,0.05100110839599224
0.1278625067048096,0.00758880823602448,0.05384261549799914
0.1308036831753978,0.00799082843804468,0.05674115976207867
0.1331846355563502,0.00799082843804468,0.05644691037032814
0.1331846355563502,0.00799082843804468,0.05644691037032814
0.1331846355563502,0.008394868842085085,0.05644691037032814
0.13585130222301686,0.008394868842085085,0.05347836603763548
0.13585130222301686,0.008394868842085085,0.05347836603763548
0.1387924786936051,0.008394868842085085,0.05674486652582872
0.1387924786936051,0.008789935291286369,0.05674486652582872
0.14145914536027177,0.008789935291286369,0.05417438910696334
0.14145914536027177,0.008789935291286369,0.05417438910696334
0.14412581202693844,0.008989138478537365,0.0520253580677741
0.1462534716014065,0.009590361867808563,0.054512035328742686
0.1462534716014065,0.009590361867808563,0.054512035328742686
0.1462534716014065,0.009590361867808563,0.054512035328742686
0.1462534716014065,0.009787212261509349,0.054512035328742686
0.15592875022349362,0.00998721226150935,0.051366413309284896
0.15842875022349365,0.010586651706281043,0.04818054239153823
0.15842875022349365,0.01118092134273332,0.04818054239153823
0.16092875022349365,0.011380124529984317,0.04532351391965702
0.1706040288455808,0.011582144732004519,0.04240002737871318
0.17831831455986652,0.011784164934024722,0.03789229789127753
0.18364044341140712,0.011784164934024722,0.03982154963060543
0.18364044341140712,0.011981015327725511,0.03982154963060543
0.1878957625603433,0.012581251585246209,0.04568523727647604
0.1878957625603433,0.012780454772497205,0.04568523727647604
0.1929645986053996,0.013383698363788605,0.05105440008370601
0.19563126527206626,0.013778764812989886,0.04959017059649456
0.20025892484653438,0.014172465600391463,0.04937366184090114
0.20263987722748675,0.014971905045163155,0.04855059658495342
0.20263987722748675,0.01577336469195505,0.04855059658495342
0.20558105369807497,0.016368999990207037,0.05083154799977482
0.20770871327254303,0.016964256758409815,0.05389011214970244
0.2106498897431313,0.017161107152110604,0.056458113132653205
0.2127775493175994,0.01755795754581139,0.059426562171443785
0.2199528279396865,0.01934734167793794,0.060100798385626805
0.22752166398474283,0.01994024565259051,0.0622879348409763
0.23284379283628348,0.020540481910111208,0.06409818445080957
0.23801045950295013,0.021336202899532985,0.05906091254443792
0.23801045950295013,0.02172990368693456,0.05906091254443792
0.24307929554800642,0.02252520639365654,0.06483593106008476
0.24784120030991116,0.023322625636408034,0.06340486038801336
0.24996885988437928,0.025114872721822983,0.06623436108550192
0.25484981226533165,0.026314548424115382,0.06268074830361135
0.25910513141426783,0.028108721726558344,0.06877216856516478
0.2638670361761726,0.029302658771480618,0.06880115245926119
0.2684946957506407,0.030292413139833975,0.06883351204359575
0.27578902199177546,0.03128588596353725,0.06667760955928388
0.2856521842779665,0.0330742829639133,0.07274231853568339
0.2931521842779665,0.03447278332340749,0.06505122705819874
0.3008876869896895,0.037053620077217096,0.0676028580026323
0.310443917992729,0.039838497235067126,0.06747520873616498
0.312943917992729,0.04242843957340486,0.06490904562559359
0.3276668156624352,0.043425298260928044,0.060732914947271614
0.3381768281780798,0.04461988984607081,0.06375844412795144
0.34560539960665115,0.04561100987622387,0.060738012318667434
0.35011401156207167,0.050385223119727464,0.06441009528068689
0.36006379998808036,0.05514889578475122,0.0662790731735764
0.37464124798855714,0.06091677217095957,0.06953513123228489
0.3943853626557005,0.06589845143497405,0.06853284178745453
0.40499320579295545,0.0732665240849892,0.06307596195908621
0.41466848441504256,0.08558751360864322,0.06157313167798987
0.4568717742416116,0.10348466935362281,0.06626312104401566
0.4985512545443709,0.1301150872619113,0.08509553462928969
0.6097633649204364,0.199695267663694,0.16102316996436075
0.6866903867930152,0.3283755512975844,0.1860082400464698
0.7373566958698373,0.48226909003505736,0.22485985551846097
0.8035116514690983,0.554483268936369,0.1873951415520314
0.8789523809523809,0.7188452072759308,0.16773167212008455
0.9312380952380952,0.8375738354806739,0.12595705275339683
0.9706666666666667,0.9151635282457878,0.058666666666666645
0.9973333333333333,0.9892963330029734,0.005333333333333324
1.0,1.0,0.0
1.0,1.0,0.0
1.0,1.0,0.0
