tp_ave_seq,fp_ave_seq,std_tp
0.0,0.0,0.0
0.0,0.0,0.0
0.0,0.0,0.0
0.0,0.0,0.0
0.0,0.0,0.0
0.0,0.0,0.0
0.0,0.0,0.0
0.0,0.0,0.0
0.0,0.0,0.0
0.0,0.0,0.0
0.0,0.0,0.0
0.0,0.0,0.0
0.0,0.0,0.0
0.0,0.0,0.0
0.0,0.0,0.0
0.0,0.0,0.0
0.0,0.0,0.0
0.0009345794392523364,0.00020942408376963353,0.0018691588785046728
0.0020774365821094793,0.00020942408376963353,0.0025655531827614296
0.0020774365821094793,0.00020942408376963353,0.0025655531827614296
0.003260868534772201,0.0006386283873194868,0.0026957555931708885
0.008965470131830855,0.0006386283873194868,0.010502144022535086
0.0113323340371563,0.0006386283873194868,0.01517610725499467
0.012515765989819022,0.0006386283873194868,0.017525123874786594
0.012515765989819022,0.0006386283873194868,0.017525123874786594
0.017985862961936373,0.0008564933110667635,0.023608974490572213
0.02103417333045362,0.0012856976146166169,0.022226228624420474
0.024584469188441784,0.0017207178043790947,0.02927861431577312
0.030608501231165413,0.0017207178043790947,0.027889211650822997
0.033869369765937615,0.001930141888148728,0.029915076511016464
0.03619565886145748,0.001930141888148728,0.03195052830863727
0.04021912347903264,0.001930141888148728,0.03354478052988417
0.04330800865735547,0.002367077373944149,0.03517155045337931
0.046220630016578765,0.002367077373944149,0.033642283826128536
0.050416077990603304,0.0030057057612636355,0.035776903215619084
0.057995625429335416,0.003436234136997491,0.03732069791517405
0.06032191452485528,0.003436234136997491,0.039278304795904
0.06324888377254766,0.0038550823045367575,0.037334742889881645
0.06655032711712545,0.0040658304604903935,0.04156329702845433
0.07486045675415523,0.00514475213570538,0.04660769755059056
0.07676590997981533,0.005563600303244647,0.046411601862772316
0.0811696356574447,0.0064323650463549405,0.047881161739787556
0.08850461104541654,0.0064323650463549405,0.050437255457505326
0.09252379520034157,0.00686930053215036,0.04963088621052906
0.09562702826713346,0.00686930053215036,0.05056100306618729
0.09659790205354124,0.00686930053215036,0.05025253436518069
0.09872598087127524,0.007297913611851272,0.04860178351704715
0.10088028661034572,0.007297913611851272,0.05038090651546383
0.10475618318575952,0.00795271402139397,0.04770905864062391
0.10784078790143219,0.008170578945141246,0.04690270781166637
0.1126006216804738,0.008381327101094882,0.04597446189085073
0.11812136088821568,0.008381327101094882,0.04960800921339998
0.12305317802370667,0.008598482367110083,0.04852997928912538
0.12305317802370667,0.009226754618418983,0.04852997928912538
0.126115836280693,0.009436178702188618,0.047096166802835945
0.13268393512321178,0.009436178702188618,0.04617704608912779
0.13556026213527966,0.009655958921968837,0.045698367486187455
0.14376301523136176,0.010083862343937672,0.043210776980036995
0.1449464471840245,0.010303642563717894,0.04512970005952713
0.14711510081156406,0.010303642563717894,0.045807935916381784
0.1524897002756012,0.010738662753480371,0.047231365915710144
0.1534242797148535,0.011169191129214226,0.04757842101420032
0.15861501678957385,0.011388971348994446,0.045229297044135766
0.15960023846445065,0.011606126615009645,0.0439449929209984
0.16498918581695685,0.01203403003697848,0.04514073780574049
0.1690269983230011,0.012253810256758702,0.04661918479269497
0.1690269983230011,0.012253810256758702,0.04661918479269497
0.17212595092714283,0.012253810256758702,0.04463622233161501
0.17309682471355062,0.01290598571253638,0.04377714558658056
0.17635769324832282,0.013116733868490016,0.04617392142591694
0.1801323053524876,0.013327482024443652,0.04684972711355008
0.18327183276643494,0.013538230180397287,0.04653036484446124
0.18612621331981646,0.013538230180397287,0.04649467312788986
0.1872690704626736,0.013748978336350923,0.04647049556447297
0.1894233762017441,0.014175557686135756,0.04737837456839868
0.19137947166302868,0.014393422609883032,0.045320709715973934
0.19449277215563954,0.014393422609883032,0.04282233158113447
0.19877515671244403,0.014393422609883032,0.04261638400920801
0.20114202061776948,0.014393422609883032,0.04645510677561958
0.20211289440417723,0.015256346221614347,0.04563263030835637
0.207339925826053,0.0159027057911794,0.042538549902620654
0.21038823619457023,0.016112129874949036,0.04213625520081531
0.21443611612643343,0.01696791352828372,0.0402857010885753
0.21561954807909617,0.017404849014079144,0.042181025489911914
0.21777385381816666,0.017404849014079144,0.043230457442926355
0.22088715431077746,0.017841784499874565,0.04121371749099559
0.22185802809718522,0.017841784499874565,0.04027647307913811
0.22494691327550803,0.01826063266741383,0.0416001172541304
0.227074992093242,0.018471380823367467,0.04064360520036754
0.22806021376811886,0.018891553063090736,0.03959156134344632
0.22903108755452664,0.01931945648505957,0.038678665324317164
0.23114481848379156,0.019536611751074774,0.03804133627122659
0.23114481848379156,0.019756391970854992,0.03804133627122659
0.23228767562664868,0.02063097260017791,0.03837457713109878
0.23733265626625616,0.020848127866193108,0.03764588598411339
0.23826723570550845,0.02149959366423871,0.037716677958724375
0.24122290073013902,0.021928797967788564,0.03441932008233502
0.245454643051319,0.022577191267269696,0.035821874816309635
0.24753207963342846,0.023214518773008168,0.03616036881141963
0.24968638537249893,0.023649538962770646,0.03729792530911673
0.2518550390000385,0.024083849494801045,0.03827884965662604
0.2518550390000385,0.024511752916769883,0.03827884965662604
0.2528259127864463,0.024931925156493152,0.03747225591156232
0.2560968487470374,0.02515170537627337,0.036924066880032726
0.25923637616098477,0.02515170537627337,0.03713507911163607
0.25923637616098477,0.02557055354381264,0.03713507911163607
0.2634418915608282,0.025781301699766272,0.03677547212645454
0.26536169267495746,0.026428370927063405,0.0356840839487974
0.26629627211420975,0.026646235850810683,0.03563664021947758
0.2692375892503712,0.026863391116825886,0.03277748523370754
0.27351997380717574,0.027080546382841086,0.03333943362488586
0.27351997380717574,0.027936448470058904,0.03333943362488586
0.27667384910959214,0.027936448470058904,0.03402409335791976
0.27764472289599984,0.02815431339380618,0.032955280805516324
0.27956452401012905,0.02858160240132309,0.032064689094918865
0.27956452401012905,0.029652626024640038,0.032064689094918865
0.2861588497739843,0.03031005138794775,0.03486926683350427
0.2891708657953461,0.03052079954390139,0.034631422634977566
0.29315803606576585,0.03117630961117616,0.036363299606837964
0.2943414680184286,0.03181567084683071,0.03839704599149134
0.29769355359863087,0.03224619922256457,0.04178180212514381
0.3005842284991679,0.03224619922256457,0.03993494107078477
0.30250402961329703,0.03310593190184828,0.03923104967649856
0.30463210843103095,0.03354357704537577,0.03865541491248878
0.3076947666880173,0.033972781348925625,0.038222542421764774
0.30965086214930193,0.03483367123074086,0.03640744018626092
0.3131605831974845,0.03547362369024435,0.0407082244779059
0.31760488368491946,0.03547362369024435,0.0449590810903186
0.3216890579639381,0.03590020304002918,0.04289359365090419
0.3228319151067952,0.036328106461998015,0.04321280610128004
0.32494564603606013,0.03696614362546856,0.042407578704607415
0.3288215426114739,0.037176891781422194,0.03987765191881327
0.3288215426114739,0.037394047047437394,0.03987765191881327
0.33188420086846027,0.03868151627903747,0.039643297576534405
0.33399793179772513,0.03910168851876074,0.03885039687769766
0.3374670780361022,0.03953221689449459,0.042083278878263485
0.3403940472837945,0.039960120316463434,0.03905462448652456
0.343335364419956,0.040600072775966924,0.03695595610834273
0.347870881952821,0.041466212565312195,0.04249737811906516
0.3497763351784811,0.04233625294483715,0.040785161603287844
0.3530372037132533,0.042547001100790786,0.04279293906304778
0.35397178315250566,0.04317659742428369,0.042367301800772056
0.35511464029536277,0.044677439765602414,0.04289654976823794
0.3562980722480255,0.045542988331098745,0.044872887769090125
0.3637056363303083,0.04661084421257107,0.04562870736060402
0.36895889467352055,0.047471734094386306,0.04572699410004856
0.37204777985184334,0.049394072747612296,0.046292114121582614
0.37303300152672014,0.05045868926086768,0.045751575134562565
0.3739675809659725,0.05089299979289809,0.04513372028835142
0.3751104381088296,0.05132801998266057,0.045559383445797956
0.3819477084699807,0.05281148466345521,0.04245181240796048
0.3848240354820486,0.053876101176710586,0.04002441469881582
0.3848240354820486,0.05494133210441789,0.04002441469881582
0.38596689262490574,0.055813287779975795,0.040519947935268585
0.38788669373903495,0.05624830796973827,0.03942505244319783
0.3943420123860292,0.05711123158146959,0.04407607759257326
0.3988369551090886,0.0581694409846634,0.048093262328877104
0.40302812262046295,0.059032364596394715,0.04738099232004222
0.4082450866165198,0.06032579339325689,0.047828688940429714
0.41330441514459626,0.061625038076331705,0.04729569910976249
0.42183717037369994,0.062269482349863826,0.05222224336308374
0.4290245777195105,0.06355184535298335,0.05192735276567719
0.43524870984913056,0.06485312376597423,0.05051992591519527
0.4431581384679384,0.06765645015858471,0.04664004403751612
0.4532868629499104,0.06896867593143512,0.04569739140672308
0.4582693223210259,0.0713446901259257,0.04485968198862098
0.46644623180436334,0.07305495655101404,0.04889549737064689
0.47306925334515676,0.07562887943616878,0.0534476705547965
0.474989054459286,0.0775860454631201,0.05335907950149343
0.48040422873312866,0.0799260266455845,0.05510834189705901
0.49119257417255185,0.08337796001483941,0.06303733170391819
0.5014908131553716,0.0852989745958814,0.06212242883577521
0.5066672023416229,0.08720830896872879,0.06043342711745875
0.516152203006015,0.09129536924415362,0.060357824951255044
0.5255039835167149,0.09666039552564462,0.062001589341913126
0.5364254281568845,0.10228785582616691,0.057954716833958565
0.5468044334507236,0.10740666897292406,0.055225483221888645
0.5567812312258221,0.11232884906543172,0.052328781102169465
0.5628921998513257,0.11897255143702587,0.05029992077118615
0.5816539234765052,0.12324584224948361,0.0489328133285737
0.5943290937904692,0.1303248707311536,0.05200902585169144
0.6153691954867921,0.13933474870414098,0.04971664743697765
0.6305367303366108,0.15046177833185106,0.04748165611464517
0.6474665517855243,0.16648500473647795,0.05567803605974653
0.6615419926810561,0.18868657818954468,0.06536353909226952
0.6784792917472411,0.20820420127611725,0.06017253110368238
0.714577203849779,0.23372779643669345,0.059113432995586294
0.7484316039298726,0.2807763425859708,0.06760789364787748
0.778919832896941,0.3287705171437957,0.07058806994893616
0.8139044328855254,0.41303260040211265,0.07156061903152584
0.856454889672926,0.5055002342456196,0.0724671218728251
0.9084540527775633,0.6316789316981809,0.07571232516365514
0.9565005133504643,0.7893513816154223,0.055717484872355914
0.9808918558077437,0.8982294400022038,0.032802012351533176
0.9906542056074766,0.950989010989011,0.01869158878504673
0.9990654205607477,0.9887912087912089,0.0018691588785046509
1.0,1.0,0.0
1.0,1.0,0.0
1.0,1.0,0.0
1.0,1.0,0.0
1.0,1.0,0.0
1.0,1.0,0.0
