tp_ave_seq,fp_ave_seq,std_tp
0.0,0.0,0.0
0.0,0.0,0.0
0.0,0.0,0.0
0.0,0.0,0.0
0.0,0.0,0.0
0.0,0.0,0.0
0.0,0.0,0.0
0.0,0.0,0.0
0.0,0.0,0.0
0.0,0.0,0.0
0.0,0.0,0.0
0.0,0.0,0.0
0.0,0.0,0.0
0.0,0.0,0.0
0.0,0.0,0.0
0.0,0.0,0.0
0.0,0.0,0.0
0.0,0.0,0.0
0.0,0.0,0.0
0.0,0.0,0.0
0.0,0.0,0.0
0.0,0.0,0.0
0.0,0.0,0.0
0.0,0.0,0.0
0.0,0.0,0.0
0.0,0.0,0.0
0.0,0.0,0.0
0.0,0.0,0.0
0.0,0.0,0.0
0.0,0.0,0.0
0.0,0.0,0.0
0.0,0.0,0.0
0.0,0.0,0.0
0.0,0.0,0.0
0.0,0.0,0.0
0.0,0.0,0.0
0.0,0.0,0.0
0.0,0.0,0.0
0.0,0.0,0.0
0.0,0.0,0.0
0.0,0.0,0.0
0.0,0.0,0.0
0.0,0.0,0.0
0.0,0.0,0.0
0.0,0.0,0.0
0.0,0.0,0.0
0.0,0.0,0.0
0.0,0.0,0.0
0.0,0.0,0.0
0.0,0.0,0.0
0.0,0.0,0.0
0.0,0.0,0.0
0.0,0.0,0.0
0.0,0.0,0.0
0.0,0.0,0.0
0.0,0.0,0.0
0.0,0.0,0.0
0.0,0.0,0.0
0.0,0.0,0.0
0.0,0.0,0.0
0.0,0.0,0.0
0.0,0.0,0.0
0.0,0.0,0.0
0.0,0.0,0.0
0.0023809523809523807,0.0,0.0047619047619047615
0.0023809523809523807,0.0,0.0047619047619047615
0.0023809523809523807,0.0,0.0047619047619047615
0.0023809523809523807,0.0,0.0047619047619047615
0.0023809523809523807,0.0,0.0047619047619047615
0.0023809523809523807,0.0,0.0047619047619047615
0.004508611955420466,0.0,0.0055364036848284705
0.004508611955420466,0.0,0.0055364036848284705
0.004508611955420466,0.0,0.0055364036848284705
0.0070086119554204655,0.0,0.005754016508864041
0.016958400381429168,0.0,0.00919688217618465
0.01908605995589725,0.0001968503937007874,0.011002985151313167
0.021467012336849632,0.0001968503937007874,0.012893180531534435
0.02609467191131772,0.0001968503937007874,0.016150156500751904
0.0282223314857858,0.0001968503937007874,0.018680780218761562
0.030722331485785803,0.0001968503937007874,0.02050268012121206
0.03534999106025389,0.0001968503937007874,0.025393525073936354
0.03960531020919006,0.0003968503937007874,0.030978110399927393
0.04227197687585672,0.0005988705957209894,0.0278721984651167
0.0465272960247929,0.0005988705957209894,0.034840185828461635
0.05353590798021337,0.0008008907977411914,0.03911553760200636
0.05779122712914954,0.0008008907977411914,0.04628992607063732
0.062418886703617615,0.0010029109997613933,0.05102795343878134
0.07092952500148995,0.0012029109997613936,0.06607730701247559
0.07092952500148995,0.0012029109997613936,0.06607730701247559
0.0763707014720782,0.0014029109997613933,0.06452311028684053
0.08643953751713451,0.0014029109997613933,0.06857600278537873
0.09094814947255499,0.0014029109997613933,0.07099824173295782
0.09307580904702306,0.0014029109997613933,0.07468086583044607
0.10008442100244352,0.0018041343890325915,0.07851610719276722
0.1022120805769116,0.0022053577783037897,0.08217616098860536
0.10487874724357829,0.0022053577783037897,0.07941880063291402
0.10487874724357829,0.0028034315612757753,0.07941880063291402
0.1120752428631027,0.003005451763295977,0.08498078928637802
0.11445619524405508,0.003005451763295977,0.08396936766724851
0.11445619524405508,0.0036043223590169664,0.08396936766724851
0.12006403838130997,0.003801172752717754,0.0793898807023496
0.12494499076226236,0.003801172752717754,0.07906197456304366
0.12732594314321471,0.003801172752717754,0.07830715262037609
0.12945360271768283,0.004202396141988952,0.08209774165446286
0.12945360271768283,0.004401599329239948,0.08209774165446286
0.1319536027176828,0.00460361953126015,0.08287201681613952
0.13489477918827103,0.004801835586760646,0.0809858107066354
0.1400614458549377,0.005001038774011641,0.07893499389989603
0.1449423982358901,0.005197889167712429,0.07927447144835079
0.15027573156922344,0.005397092354963424,0.07362782247379421
0.15027573156922344,0.005599112556983627,0.07362782247379421
0.15027573156922344,0.005798315744234624,0.07362782247379421
0.15321690803981167,0.0059983157442346224,0.07134924364449821
0.15559786042076404,0.0059983157442346224,0.07036106455732884
0.15826452708743072,0.0061975189314856195,0.06764565958858189
0.16120570355801894,0.006399539133505822,0.06546072000125074
0.16583336313248703,0.006399539133505822,0.07028561901317748
0.16583336313248703,0.006399539133505822,0.07028561901317748
0.1682143155134394,0.0069938087699581,0.06925780867081793
0.1682143155134394,0.0069938087699581,0.06925780867081793
0.1727229274688599,0.0073978491739985055,0.07220120712285881
0.1727229274688599,0.007599869376018706,0.07220120712285881
0.1727229274688599,0.0078018895780389095,0.07220120712285881
0.1727229274688599,0.008201092765289904,0.07220120712285881
0.1727229274688599,0.008599963361010893,0.07220120712285881
0.1727229274688599,0.00879681375471168,0.07220120712285881
0.17777054651647892,0.008998833956731882,0.06886578417781725
0.18071172298706717,0.009198833956731883,0.06650887709085053
0.18337838965373382,0.009198833956731883,0.06369433420083902
0.18575934203468622,0.009198833956731883,0.06324606164005687
0.1881402944156386,0.009198833956731883,0.0631546664197546
0.1881402944156386,0.00939568435043267,0.0631546664197546
0.1881402944156386,0.00939568435043267,0.0631546664197546
0.190521246796591,0.00939568435043267,0.06342169141647033
0.19568791346325765,0.009593900405933166,0.061104030169913164
0.19818791346325765,0.009795920607953368,0.0619900228721475
0.19818791346325765,0.009795920607953368,0.0619900228721475
0.20031557303772574,0.009795920607953368,0.06546036761011939
0.20031557303772574,0.009995123795204364,0.06546036761011939
0.20031557303772574,0.010195123795204365,0.06546036761011939
0.20031557303772574,0.01059197418890515,0.06546036761011939
0.20031557303772574,0.011189060840126636,0.06546036761011939
0.20510989927886047,0.012385873589130621,0.06650887396949644
0.20510989927886047,0.012587893791150823,0.06650887396949644
0.20510989927886047,0.012787893791150824,0.06650887396949644
0.20510989927886047,0.013182960240352107,0.06650887396949644
0.21071774241611538,0.013381176295852601,0.06108282259086064
0.21321774241611538,0.013976897285274379,0.06186697425594675
0.21321774241611538,0.014178917487294579,0.06186697425594675
0.21321774241611538,0.014378120674545575,0.06186697425594675
0.21809869479706778,0.014378120674545575,0.06271444015926383
0.22059869479706778,0.015175539917297068,0.06416858678905549
0.22353987126765604,0.015579580321337471,0.060988704926273674
0.22353987126765604,0.015983620725377876,0.060988704926273674
0.22353987126765604,0.016582491321098864,0.060988704926273674
0.2259208236486084,0.01697619210850044,0.06081307796309777
0.2259208236486084,0.01777191309792222,0.06081307796309777
0.2259208236486084,0.018972575931965108,0.06081307796309777
0.22804848322307647,0.018972575931965108,0.06413309258750484
0.23365632636033135,0.019777839725276712,0.058374514939721574
0.23841823112223612,0.019979859927296912,0.058542152397589385
0.24135940759282434,0.019979859927296912,0.055654180293417274
0.24430058406341262,0.020581083316568112,0.053261581962714404
0.24430058406341262,0.020983103518588314,0.053261581962714404
0.24642824363788068,0.021982542963360007,0.05673338376004809
0.24642824363788068,0.021982542963360007,0.05673338376004809
0.24892824363788071,0.02337225968701656,0.057654450085622054
0.24892824363788071,0.023972686263538757,0.057654450085622054
0.253997079682937,0.024169536657239542,0.05916391491812597
0.256497079682937,0.024764603106440825,0.06025266326084319
0.2588780320638894,0.025562344297882806,0.0601840567950131
0.2636399368257941,0.026157601066085584,0.06116902515681991
0.26576759640026226,0.026758824455356784,0.06427887635520967
0.26576759640026226,0.027157230829858776,0.06427887635520967
0.26576759640026226,0.027752951819280548,0.06427887635520967
0.2682675964002622,0.02814900540023233,0.06531030518598899
0.2682675964002622,0.029342714481456304,0.06531030518598899
0.2707675964002622,0.029742950738977002,0.06670155906338104
0.28069616782883366,0.030738017188178285,0.0660459516416386
0.2828238274033018,0.031540273647719184,0.06873777477744439
0.2852047797842542,0.03253868002222118,0.06981905320411141
0.2905381131175875,0.032937550617942166,0.0627487431070035
0.2926657726920555,0.03392768351634474,0.06560188601718679
0.2979879015435961,0.03432970371836493,0.06371702954486105
0.2979879015435961,0.036125669259129814,0.06371702954486105
0.3033212348769295,0.036727689461150015,0.05718964566150943
0.3059879015435961,0.03932534261240508,0.054418625144857256
0.311595744680851,0.04092290177866796,0.048084060324612155
0.31453692115143933,0.04271882138091363,0.044546055083903316
0.32912557363370876,0.04651051620492268,0.048018551976134284
0.33445890696704217,0.05068764898307339,0.04514172366143266
0.3444198998748435,0.053273661731071044,0.04852982451472385
0.3520865665415102,0.0598390177782411,0.051475289243308686
0.3818028785982478,0.07316263619625091,0.07127645383585923
0.4901462244472257,0.19887214563833794,0.19823788997945144
0.5676960784313725,0.3044725130021551,0.2413659187378812
0.8527240896358543,0.7554437117671048,0.2544070753110083
0.8738095238095237,0.8178000000000001,0.2523809523809524
0.9619047619047618,0.9077999999999999,0.07619047619047618
1.0,1.0,0.0
1.0,1.0,0.0
1.0,1.0,0.0
