tp_ave_seq,fp_ave_seq,std_tp
0.0,0.0,0.0
0.0,0.0,0.0
0.0,0.0,0.0
0.0,0.0,0.0
0.0,0.0,0.0
0.0,0.0,0.0
0.0,0.0,0.0
0.0,0.0,0.0
0.0,0.0,0.0
0.0,0.0,0.0
0.0,0.0,0.0
0.0,0.0,0.0
0.0,0.0,0.0
0.0,0.0,0.0
0.0,0.0,0.0
0.0,0.0,0.0
0.0,0.0,0.0
0.0,0.0,0.0
0.0,0.0,0.0
0.002127659574468085,0.0002325581395348837,0.00425531914893617
0.006382978723404255,0.0002325581395348837,0.012765957446808508
0.012056737588652482,0.0002325581395348837,0.024113475177304968
0.02127659574468085,0.0002325581395348837,0.0425531914893617
0.030541951023685267,0.0002325581395348837,0.05921514819540735
0.047581961728890676,0.0006931664501073957,0.06780452990933461
0.0875802488960257,0.0016098751027551644,0.09492287889324406
0.12540495115750033,0.0025220757869056773,0.1303834537909252
0.1483625853071056,0.0032030644197141036,0.14732894775680938
0.1800910789954949,0.004574345432068512,0.15287066689557505
0.2255553994379767,0.005497195951149379,0.1577864214920913
0.26107309733845263,0.007100362058942272,0.1586616790258829
0.30121873256544074,0.00914068906775164,0.15597997103146558
0.3454358849121796,0.010293896699902374,0.14473036071702136
0.382378036830024,0.01167769662606848,0.12925655638279726
0.41585846757729533,0.012595419419325371,0.11008004244790866
0.4472885577823755,0.012822176788939885,0.09077780482903429
0.46962145758920143,0.013743734506597636,0.08181952023786136
0.48543414463007,0.014670525865646586,0.07535555104513375
0.49676629181291965,0.015591175358262438,0.07369049255349777
0.5122360780862387,0.01605178366883495,0.07283109019345646
0.5225583800828282,0.016740783246957817,0.06958378922370946
0.5330910029953987,0.01810530263555241,0.07124694400978052
0.541284688639787,0.019018517460312048,0.06994304256529324
0.5531752171063693,0.019698789569155585,0.06805989188359979
0.5626232560293981,0.020381412099899854,0.06673807243725731
0.5685840356908802,0.02154239549641953,0.06692439163516872
0.5752550395097564,0.022231053978029665,0.06512732171814031
0.5818044939560194,0.022687827364201323,0.06114848812400197
0.5868449901697392,0.023374284819346447,0.05869654138036196
0.5942384617100194,0.024049472682234507,0.05435293199317691
0.6001992413715015,0.024049472682234507,0.05456177762192357
0.606068717639914,0.024733003438020672,0.051254023983179596
0.6097960680672644,0.02541202622530958,0.05044621511474534
0.6156217888672726,0.025862998841560868,0.04883577419992509
0.6222315158502233,0.02723423637404678,0.04649567205159167
0.6258388444554241,0.02860259068704224,0.044287248880604244
0.6281332888998686,0.02929609823366236,0.04485669018496406
0.636356263746067,0.02952414840469999,0.042250697860351905
0.6401278928930474,0.030203171191988898,0.04234689400547374
0.6415918297323355,0.0306554366096633,0.042571370757625196
0.6452742062879357,0.03157214526231107,0.04146006589666106
0.6452742062879357,0.03225730991603308,0.04146006589666106
0.6482323259460554,0.03225730991603308,0.04070000183696403
0.6496359902486558,0.03294247456975509,0.03928209979120577
0.6510996654623311,0.03294247456975509,0.03875454212657273
0.6510996654623311,0.033166689816391856,0.03875454212657273
0.6540580467460636,0.033628932024900214,0.03892541199485963
0.65769461703157,0.03431178973658998,0.03701006930981456
0.6614825016212209,0.03454434787612487,0.03878844430832755
0.6621769460656654,0.03454434787612487,0.03834409831588057
0.6636713905101098,0.03454434787612487,0.03825467473826935
0.6643806103682659,0.03477110524573938,0.03727199860577534
0.6643806103682659,0.03477110524573938,0.03727199860577534
0.6657842746708663,0.03521953573901292,0.03590778342048458
0.6673535054400971,0.03545209387854781,0.03618394872274028
0.6702060695426613,0.03590306649479909,0.03511558837011286
0.6716845201700481,0.0363698166718047,0.03405073258538239
0.6716845201700481,0.036596574041419215,0.03405073258538239
0.6738576768674923,0.036596574041419215,0.03320223859722412
0.6752761165838044,0.036824624212456844,0.031295016955724814
0.6782490116556354,0.0379790811661622,0.03013790186911526
0.6782490116556354,0.03821327320363292,0.03013790186911526
0.6797434561000799,0.03821327320363292,0.030025671677201837
0.6812071313137551,0.03821327320363292,0.02962169266857394
0.682776362082986,0.038440030573247436,0.02996223736603415
0.683485581941142,0.0391290301513703,0.028925033843281135
0.6864586911170814,0.039353245398007074,0.030955662858883147
0.6871679109752373,0.039814194805092316,0.029949653490662635
0.6871679109752373,0.040509336249648274,0.029949653490662635
0.6893555814607801,0.040509336249648274,0.02808354997199252
0.6901555814607803,0.04096030886589956,0.028317430121608016
0.6930389147941136,0.04119450090337029,0.027400963676784584
0.6930389147941136,0.041421258272984804,0.027400963676784584
0.694533359238558,0.041421258272984804,0.027466169172966456
0.6960718207770195,0.041421258272984804,0.02751380923678489
0.6983957685273824,0.04164801564259931,0.029082384430284883
0.6991504855085144,0.041880573782134195,0.030171057609476866
0.6999052024896465,0.041880573782134195,0.03129468217078966
0.6999052024896465,0.04257537413017744,0.03129468217078966
0.7013688777033218,0.04302763954785183,0.031090121512689826
0.7020633221477661,0.043711170303638004,0.03081010123118708
0.7042217034314987,0.043711170303638004,0.030573373598004102
0.7064253677340993,0.043711170303638004,0.029470454263558668
0.7064253677340993,0.044163435721312407,0.029470454263558668
0.7078893045733873,0.04439019309092691,0.02953759237662068
0.7085837490178317,0.044851142498012156,0.029335089735187832
0.7108621996452186,0.04530340791568655,0.028461157167888777
0.7131113610707951,0.045992407493809416,0.029683278042666322
0.7154058055152396,0.04668011427050917,0.030239522971693654
0.7154058055152396,0.04713688765668082,0.030239522971693654
0.7161750362844703,0.048045926460526876,0.030180222886795255
0.7161750362844703,0.04872494924781579,0.030180222886795255
0.7169442670537011,0.0494101139015378,0.030199282859835305
0.7184989840348331,0.04963687127115231,0.03166114489989155
0.7191934284792776,0.05031718685986434,0.03146804966009126
0.7199026483374336,0.05054394422947885,0.030294291137349768
0.7199026483374336,0.05054394422947885,0.030294291137349768
0.7199026483374336,0.05077813626694958,0.030294291137349768
0.7206118681955896,0.051459124899758,0.02914230505771075
0.7227995386811324,0.051459124899758,0.0268787162991992
0.7234939831255769,0.05168588226937252,0.026629400692294414
0.7242487001067089,0.05213685488562381,0.02774751124234575
0.724957919964865,0.052369413025158684,0.02665294393652723
0.725667139823021,0.05259362827179546,0.025590201313800718
0.7271910875733839,0.05282038564140997,0.02674498747247992
0.7271910875733839,0.05328713581841558,0.02674498747247992
0.7278855320178282,0.053743909204587235,0.02647030607385904
0.7293947518759843,0.054197423943816256,0.02569906166188832
0.7301947518759844,0.05510646274766231,0.026076237598625367
0.7317039717341404,0.05534065478513304,0.025506754421058712
0.7325039717341404,0.05578908527840658,0.02606200618374521
0.7325039717341404,0.056013300525043365,0.02606200618374521
0.7332131915922965,0.056013300525043365,0.02506178991620424
0.734662353017873,0.05668978118935453,0.025814863780763943
0.735462353017873,0.0569139964359913,0.026395215990607117
0.7362315837871037,0.05782846058230556,0.026190397920955292
0.7369863007682358,0.05782846058230556,0.027287317691252096
0.7391139603427039,0.05805651075334319,0.024480216915885387
0.7406231802008598,0.058284560924380814,0.024234952472228323
0.7406231802008598,0.05874066126645607,0.024234952472228323
0.74142318020086,0.058964876513092845,0.02491778146243742
0.7429016308282467,0.05919743465262772,0.023814792174676146
0.7436708615974774,0.059424192022242237,0.023595828426474685
0.7436708615974774,0.059658384059712966,0.023595828426474685
0.7436708615974774,0.06059025051578835,0.023595828426474685
0.7444400923667083,0.06104702390196,0.023475852268893167
0.7459948093478402,0.061503797288131656,0.025213696355476947
0.7473836982367292,0.06241701211289129,0.024029389693687186
0.7504166042196352,0.06265120415036202,0.02403590659018383
0.7504166042196352,0.06379788533969845,0.02403590659018383
0.7504166042196352,0.06402593551073607,0.02403590659018383
0.7504166042196352,0.06425269288035058,0.02403590659018383
0.7534642856162527,0.06425269288035058,0.023892719743370695
0.7541587300606971,0.06538883015032389,0.023320954246333823
0.7564971915991587,0.06561558751993839,0.02447961197774681
0.7579756422265456,0.06607399480404588,0.023753774998724934
0.7594848620847016,0.06675915945776789,0.023534667840143776
0.7609940819428576,0.06745266700438801,0.023460472989973318
0.761688526387302,0.0683629551297887,0.022754408881537392
0.7623829708317464,0.0685897124994032,0.022113129106358195
0.7623829708317464,0.06972354282734426,0.022113129106358195
0.7646774152761908,0.07065124241143511,0.02353865183072921
0.7667755240232358,0.07201379595451018,0.021515733837909168
0.7689939637395479,0.0733995617261958,0.020619526032245553
0.7710920724865927,0.07408309248198199,0.018716042793997894
0.7732797429721356,0.074768257135704,0.016755112575686973
0.7740797429721356,0.07568180390804731,0.01805674967065022
0.77557418741658,0.07637276933168967,0.018929342996495443
0.7770526380439668,0.07707371154616602,0.018000148046419414
0.778516313257642,0.078231427146814,0.0175712981915585
0.7792855440268729,0.07937465798813077,0.017736499400470722
0.782258700724317,0.07984140816513638,0.017395176587568686
0.7830279314935478,0.08076656562624948,0.01756657906203546
0.7874352600987485,0.08145753104989188,0.017673991712199237
0.790362872151712,0.08237458079905238,0.01638968390951267
0.7927321029209426,0.08283553020613761,0.019406130583432844
0.794995778134618,0.08352649562978,0.02051746777052731
0.795704997992774,0.08422743784425632,0.01979518094484404
0.796504997992774,0.08630474531704255,0.02127160529557368
0.7987379039756799,0.08881667156786752,0.021243993569916346
0.79953790397568,0.08997275327057967,0.022660243079842705
0.79953790397568,0.09200795255356506,0.022660243079842705
0.803371071584199,0.09315823348635684,0.024758966470273758
0.8063747358867992,0.09590497153197923,0.0265645023130073
0.8078841698490633,0.0995936587400782,0.025937577992618237
0.812531851245681,0.1016687651863994,0.03003640064487337
0.8176176304782687,0.10511802671563644,0.028957890796304536
0.8221289870885616,0.10966391207682122,0.030098855419490193
0.8250111020185489,0.11470958723902039,0.028997534591520376
0.8280750388578368,0.12229760036756576,0.030848650046907282
0.8318934310526442,0.13034527010177327,0.03286692866036287
0.8416889058731091,0.14162123561659462,0.03679731774080551
0.8498518698082327,0.15747521854953975,0.03650060089924347
0.8596470830030846,0.18906318111646497,0.04096600342113854
0.8784066926405145,0.26231613246057256,0.04493026357124938
0.9331420500125237,0.5247572197079317,0.036096000035056724
0.9886524822695035,0.8758119258651259,0.022695035460992895
1.0,0.9862790697674418,0.0
1.0,1.0,0.0
1.0,1.0,0.0
1.0,1.0,0.0
1.0,1.0,0.0
