tp_ave_seq,fp_ave_seq,std_tp
0.0,0.0,0.0
0.0,0.0,0.0
0.0,0.0,0.0
0.0,0.0,0.0
0.0,0.0,0.0
0.0,0.0,0.0
0.0,0.0,0.0
0.0,0.0,0.0
0.0,0.0,0.0
0.0,0.0,0.0
0.0,0.0,0.0
0.0,0.0,0.0
0.0,0.0,0.0
0.0,0.0,0.0
0.024,0.0,0.048
0.032,0.0,0.064
0.032,0.0,0.064
0.04,0.0,0.06196773353931868
0.064,0.0,0.05986651818838306
0.07006060606060607,0.00022805017103762827,0.05436144044752533
0.07006060606060607,0.00022805017103762827,0.05436144044752533
0.11224242424242425,0.0006862499393134614,0.058822732560907504
0.13105323505323505,0.001146549133789871,0.04845506578022195
0.161985257985258,0.001146549133789871,0.039872535047651245
0.19010647010647014,0.0013745993048274994,0.06716327340440041
0.19616707616707618,0.0016026494758651275,0.07274602321539408
0.21022768222768223,0.002060849244140961,0.08116198090144792
0.2296936936936937,0.0025222127142115356,0.08576322200785187
0.2296936936936937,0.0025222127142115356,0.08576322200785187
0.2465651105651106,0.00275236231144974,0.08396688100056417
0.26537592137592136,0.0034417759525579433,0.08303828287190586
0.2822473382473382,0.003901039996427942,0.08995124161352942
0.2883079443079443,0.004819538959180185,0.097938719362674
0.3077739557739558,0.005742265899321334,0.10712030464166815
0.3138345618345618,0.006200465667597167,0.11576153039662518
0.3278951678951679,0.006200465667597167,0.11259764230775841
0.3278951678951679,0.006430615264835372,0.11259764230775841
0.34389516789516794,0.006658665435873001,0.10124022758084128
0.36876658476658475,0.006886715606910629,0.10034628860024901
0.4035773955773956,0.006886715606910629,0.07968048527875174
0.4096380016380016,0.006886715606910629,0.09064009348163062
0.4096380016380016,0.0071147657779482565,0.09064009348163062
0.4096380016380016,0.0073428159489858855,0.09064009348163062
0.41763800163800163,0.007798916291061142,0.08388932304024578
0.41763800163800163,0.008030130163893512,0.08388932304024578
0.423043407043407,0.008030130163893512,0.08552328304567172
0.431043407043407,0.008258180334931139,0.08100331740253337
0.431043407043407,0.008719543805001714,0.08100331740253337
0.431043407043407,0.008719543805001714,0.08100331740253337
0.431043407043407,0.008719543805001714,0.08100331740253337
0.43710401310401303,0.009178807848871711,0.09199224070231304
0.4425094185094185,0.009637007617147548,0.0939208522158919
0.45591482391482385,0.009865057788185175,0.09435460079203142
0.45591482391482385,0.009865057788185175,0.09435460079203142
0.4613202293202293,0.009865057788185175,0.09819548287580651
0.48338083538083537,0.010554471429293378,0.09214943687992758
0.48338083538083537,0.010785685302125748,0.09214943687992758
0.4887862407862408,0.011013735473163377,0.09605381359507909
0.4967862407862408,0.011013735473163377,0.08978727779356241
0.4967862407862408,0.011013735473163377,0.08978727779356241
0.4967862407862408,0.011241785644201006,0.08978727779356241
0.4967862407862408,0.011469835815238633,0.08978727779356241
0.5181916461916461,0.011928035583514466,0.08183947542967218
0.5181916461916461,0.011928035583514466,0.08183947542967218
0.5235970515970515,0.011928035583514466,0.08741024647925136
0.529002457002457,0.01215818518075267,0.09389967998506343
0.529002457002457,0.012617449224622667,0.09389967998506343
0.5344078624078624,0.012848663097455037,0.10113108262945401
0.5344078624078624,0.013076713268492668,0.10113108262945401
0.5424078624078624,0.013076713268492668,0.09472576246871628
0.5484684684684684,0.013304763439530293,0.10128549612208883
0.5484684684684684,0.013535977312362663,0.10128549612208883
0.5484684684684684,0.013535977312362663,0.10128549612208883
0.5484684684684684,0.013766126909600867,0.10128549612208883
0.5685896805896806,0.013996276506839073,0.112598502804537
0.5685896805896806,0.013996276506839073,0.112598502804537
0.5685896805896806,0.014224326677876703,0.112598502804537
0.5685896805896806,0.014686754423541443,0.112598502804537
0.5765896805896806,0.014686754423541443,0.11025873182831569
0.5765896805896806,0.014686754423541443,0.11025873182831569
0.5765896805896806,0.015370904936654325,0.11025873182831569
0.5765896805896806,0.015370904936654325,0.11025873182831569
0.5765896805896806,0.015598955107691955,0.11025873182831569
0.5765896805896806,0.015827005278729583,0.11025873182831569
0.5765896805896806,0.016058219151561953,0.11025873182831569
0.5765896805896806,0.016975682963707786,0.11025873182831569
0.5765896805896806,0.017438110709372526,0.11025873182831569
0.5765896805896806,0.017438110709372526,0.11025873182831569
0.5765896805896806,0.017669324582204892,0.11025873182831569
0.5765896805896806,0.017897374753242525,0.11025873182831569
0.5765896805896806,0.01812542492428015,0.11025873182831569
0.5765896805896806,0.01812542492428015,0.11025873182831569
0.5765896805896806,0.01812542492428015,0.11025873182831569
0.5765896805896806,0.01812542492428015,0.11025873182831569
0.5765896805896806,0.01812542492428015,0.11025873182831569
0.5765896805896806,0.01812542492428015,0.11025873182831569
0.581995085995086,0.01812542492428015,0.11552082722025152
0.581995085995086,0.01812542492428015,0.11552082722025152
0.589995085995086,0.01835347509531778,0.1064384335929923
0.589995085995086,0.018815902840982522,0.1064384335929923
0.589995085995086,0.019272003183057777,0.1064384335929923
0.589995085995086,0.019500053354095402,0.1064384335929923
0.589995085995086,0.019500053354095402,0.1064384335929923
0.589995085995086,0.019731267226927772,0.1064384335929923
0.589995085995086,0.019731267226927772,0.1064384335929923
0.589995085995086,0.019962481099760142,0.1064384335929923
0.589995085995086,0.0204185814418354,0.1064384335929923
0.589995085995086,0.0204185814418354,0.1064384335929923
0.589995085995086,0.020874681783910658,0.1064384335929923
0.589995085995086,0.021102731954948287,0.1064384335929923
0.589995085995086,0.021102731954948287,0.1064384335929923
0.589995085995086,0.021102731954948287,0.1064384335929923
0.589995085995086,0.021332881552186492,0.1064384335929923
0.597995085995086,0.021332881552186492,0.09912224154955564
0.597995085995086,0.021332881552186492,0.09912224154955564
0.597995085995086,0.021332881552186492,0.09912224154955564
0.597995085995086,0.021560931723224118,0.09912224154955564
0.597995085995086,0.02178898189426175,0.09912224154955564
0.597995085995086,0.022017032065299376,0.09912224154955564
0.597995085995086,0.022247181662537578,0.09912224154955564
0.605995085995086,0.022247181662537578,0.09398562333616284
0.605995085995086,0.02247523183357521,0.09398562333616284
0.605995085995086,0.022936595303645786,0.09398562333616284
0.605995085995086,0.022936595303645786,0.09398562333616284
0.605995085995086,0.02339269564572104,0.09398562333616284
0.605995085995086,0.02362390951855341,0.09398562333616284
0.605995085995086,0.02362390951855341,0.09398562333616284
0.605995085995086,0.02385195968959104,0.09398562333616284
0.605995085995086,0.024310159457866874,0.09398562333616284
0.605995085995086,0.0245382096289045,0.09398562333616284
0.613995085995086,0.024768359226142705,0.09139680529408947
0.613995085995086,0.024996409397180334,0.09139680529408947
0.613995085995086,0.024996409397180334,0.09139680529408947
0.613995085995086,0.024996409397180334,0.09139680529408947
0.613995085995086,0.024996409397180334,0.09139680529408947
0.621995085995086,0.024996409397180334,0.09157212808515659
0.621995085995086,0.0252276232700127,0.09157212808515659
0.621995085995086,0.02545567344105033,0.09157212808515659
0.621995085995086,0.02545567344105033,0.09157212808515659
0.621995085995086,0.025683723612087962,0.09157212808515659
0.621995085995086,0.025683723612087962,0.09157212808515659
0.629995085995086,0.025914937484920332,0.09449620768117073
0.629995085995086,0.026146151357752702,0.09449620768117073
0.629995085995086,0.026376300954990904,0.09449620768117073
0.629995085995086,0.026604351126028537,0.09449620768117073
0.629995085995086,0.026835564998860906,0.09449620768117073
0.629995085995086,0.027066778871693276,0.09449620768117073
0.629995085995086,0.027066778871693276,0.09449620768117073
0.629995085995086,0.027753028811006736,0.09449620768117073
0.629995085995086,0.027981078982044362,0.09449620768117073
0.629995085995086,0.028211228579282564,0.09449620768117073
0.629995085995086,0.029356742562466027,0.09449620768117073
0.637995085995086,0.029356742562466027,0.08980875174614986
0.637995085995086,0.029587956435298397,0.08980875174614986
0.6434004914004914,0.030046156203574224,0.09424450818394259
0.6514004914004914,0.030046156203574224,0.09860841475465143
0.6514004914004914,0.03073240614288769,0.09860841475465143
0.6514004914004914,0.03073240614288769,0.09860841475465143
0.6514004914004914,0.031188506484962946,0.09860841475465143
0.6514004914004914,0.03164670625323878,0.09860841475465143
0.6514004914004914,0.03256100636358987,0.09860841475465143
0.6514004914004914,0.03301710670566513,0.09860841475465143
0.6514004914004914,0.03347637074953513,0.09860841475465143
0.6514004914004914,0.033938798495199866,0.09860841475465143
0.6514004914004914,0.0343969982634757,0.09860841475465143
0.6514004914004914,0.034856262307345696,0.09860841475465143
0.6594004914004914,0.03554357652225332,0.10524833299400754
0.6594004914004914,0.037610782294971515,0.10524833299400754
0.6594004914004914,0.0387541968519544,0.10524833299400754
0.6594004914004914,0.03990181026133843,0.10524833299400754
0.6654610974610975,0.04151185141638721,0.10975804822177383
0.6654610974610975,0.04403829210798766,0.10975804822177383
0.6734610974610975,0.04495049279213817,0.09662014070614712
0.6734610974610975,0.04655737024539221,0.09662014070614712
0.6734610974610975,0.04793619752760861,0.09662014070614712
0.6814610974610975,0.04954097555466207,0.08447528650852927
0.7002719082719082,0.052062153118267195,0.09993429903192254
0.7002719082719082,0.054589658085461804,0.09993429903192254
0.7002719082719082,0.056429848837748785,0.09993429903192254
0.7136773136773137,0.059179076572391534,0.09783522791493211
0.7216773136773137,0.06285313067337601,0.09299943441940757
0.7296773136773137,0.06721556326486229,0.10078719057247636
0.7411433251433251,0.07272037526272501,0.10757145056157623
0.7411433251433251,0.07984365524542661,0.10757145056157623
0.7472039312039312,0.08856854955338689,0.11083786003261073
0.7632039312039313,0.09914209056841199,0.09272812635917332
0.774014742014742,0.11776166763126757,0.10334266316005775
0.774014742014742,0.13980516096148227,0.10334266316005775
0.804946764946765,0.17934705008509616,0.1188153159864146
0.8263521703521703,0.230360903575137,0.12574179481115522
0.8484127764127765,0.33518422954118837,0.10089746401711236
0.8724127764127765,0.46147096736652066,0.07099637298673236
0.9018181818181817,0.6371195320366863,0.053788689707929015
0.9699393939393939,0.8398715151165247,0.04647595821904405
1.0,0.9883274527530694,0.0
1.0,1.0,0.0
1.0,1.0,0.0
1.0,1.0,0.0
1.0,1.0,0.0
1.0,1.0,0.0
1.0,1.0,0.0
1.0,1.0,0.0
